0  0.000000e+00  0.000000e+00  0.000000e+00

1	-7.526826e-01	-1.296806e+00	-2.058815e-01
2	-2.100876e+00	-1.864642e+00	-1.760843e+00
3	-2.080524e+00	-1.741553e+00	-2.917614e+00
4	-1.450361e+00	-2.498643e-01	-3.152627e+00
5	+2.552439e-01	-1.918621e+00	-3.727377e+00
6	+1.940377e+00	-9.771251e-01	-5.074082e+00
7	+8.275330e-01	-7.204791e-01	-6.036939e+00
8	+1.926896e-01	-1.034982e+00	-5.666296e+00
9	-1.122217e+00	-7.967944e-01	-6.397514e+00
10	-2.725076e+00	+6.162858e-01	-7.002226e+00
11	-2.484078e+00	-3.416074e-01	-6.019163e+00
12	-3.925715e+00	+8.762936e-01	-6.840167e+00
13	-4.845060e+00	-1.694080e-01	-6.999258e+00
14	-3.259314e+00	-2.366263e-01	-6.958825e+00
15	-1.667015e+00	+7.994668e-02	-7.560762e+00
16	-1.421759e+00	+5.017714e-01	-8.348434e+00
17	-2.836780e-01	+1.969950e+00	-9.378808e+00
18	+1.212019e+00	+2.013356e+00	-7.914584e+00
19	+7.517792e-01	+8.542487e-01	-8.585530e+00
20	-3.195658e-01	-1.551041e-01	-9.941163e+00
21	-1.402275e+00	-6.593502e-01	-9.355096e+00
22	-3.598388e-01	+1.920336e-01	-1.084864e+01
23	+6.779037e-01	-1.183285e+00	-1.082533e+01
24	+1.749367e+00	+1.559279e-02	-9.240311e+00
25	+7.863510e-01	-6.044919e-01	-8.046090e+00
26	+1.024045e+00	-1.525247e+00	-9.146270e+00
27	+1.551764e+00	-2.739394e+00	-1.074488e+01
28	+7.559326e-01	-2.881897e+00	-1.222730e+01
29	+2.111832e+00	-3.442339e+00	-1.135639e+01
30	+1.018182e+00	-3.044198e+00	-1.060630e+01
31	+2.343202e-01	-3.126101e+00	-8.904850e+00
32	+1.231663e+00	-2.347760e+00	-9.890064e+00
33	+1.148675e+00	-2.940409e+00	-1.116326e+01
34	+2.085916e+00	-2.792610e+00	-1.058869e+01
35	+4.789518e-01	-4.316406e+00	-1.157836e+01
36	+3.696621e-01	-3.607662e+00	-1.181377e+01
37	-6.536081e-01	-2.954364e+00	-1.125247e+01
38	-9.553579e-02	-3.814979e+00	-9.893538e+00
39	-1.133259e+00	-5.196033e+00	-1.012865e+01
40	+5.278069e-01	-5.483203e+00	-1.150830e+01
41	+3.939972e-01	-3.944719e+00	-1.124644e+01
42	+1.944899e+00	-3.201315e+00	-9.516033e+00
43	+1.457990e+00	-3.206715e+00	-1.045183e+01
44	+1.960209e+00	-3.693648e+00	-1.007418e+01
45	+2.076076e+00	-4.261895e+00	-1.165957e+01
46	+1.858219e+00	-4.847955e+00	-1.143623e+01
47	+1.912419e+00	-3.116891e+00	-9.764400e+00
48	+2.852532e+00	-2.096683e+00	-1.026888e+01
49	+1.362843e+00	-2.184677e+00	-1.009966e+01
50	+1.706239e+00	-3.607980e+00	-8.786434e+00
51	+2.251720e+00	-3.913448e+00	-8.739576e+00
52	+2.482019e+00	-4.231866e+00	-1.028045e+01
53	+3.337825e+00	-4.670461e+00	-1.171488e+01
54	+4.940525e+00	-5.508676e+00	-1.190501e+01
55	+5.307966e+00	-7.002244e+00	-1.074297e+01
56	+5.587089e+00	-8.644252e+00	-1.016014e+01
57	+4.273781e+00	-9.656251e+00	-1.060084e+01
58	+4.483788e+00	-9.554214e+00	-9.941047e+00
59	+4.574391e+00	-8.908555e+00	-1.051053e+01
60	+5.127397e+00	-8.589208e+00	-1.202433e+01
61	+3.510119e+00	-7.209116e+00	-1.165433e+01
62	+2.206277e+00	-7.829954e+00	-1.296730e+01
63	+3.014462e+00	-9.108094e+00	-1.135985e+01
64	+1.816836e+00	-8.355167e+00	-1.267423e+01
65	+3.058500e+00	-8.893047e+00	-1.101287e+01
66	+2.429674e+00	-9.234821e+00	-9.288701e+00
67	+3.271534e+00	-9.156979e+00	-9.061786e+00
68	+4.217335e+00	-9.900744e+00	-7.579690e+00
69	+3.084917e+00	-8.592954e+00	-8.656757e+00
70	+1.616185e+00	-7.307987e+00	-7.831615e+00
71	+3.790137e-01	-7.965557e+00	-8.514856e+00
72	+1.316117e-01	-6.697723e+00	-8.551076e+00
73	-4.863771e-01	-7.600052e+00	-8.784298e+00
74	+1.120565e+00	-7.041734e+00	-9.092022e+00
75	-1.713186e-01	-7.058849e+00	-7.597214e+00
76	+2.184492e-01	-5.866169e+00	-9.114240e+00
77	+1.179371e+00	-6.195498e+00	-9.223559e+00
78	+3.432372e-01	-6.327364e+00	-8.364269e+00
79	-1.361274e+00	-6.938111e+00	-8.536351e+00
80	+3.498616e-03	-8.352392e+00	-9.921672e+00
81	+1.645094e+00	-8.297786e+00	-9.382577e+00
82	+1.078325e+00	-9.085510e+00	-1.083869e+01
83	+2.292900e+00	-9.073822e+00	-1.004174e+01
84	+2.983979e+00	-7.885397e+00	-9.911952e+00
85	+2.739629e+00	-7.490252e+00	-8.680762e+00
86	+3.867333e+00	-7.353162e+00	-1.019724e+01
87	+3.892015e+00	-8.862307e+00	-1.134979e+01
88	+3.753398e+00	-7.499763e+00	-9.805823e+00
89	+5.267537e+00	-8.803984e+00	-1.012714e+01
90	+5.603275e+00	-1.005038e+01	-1.098667e+01
91	+6.425028e+00	-1.062483e+01	-1.214137e+01
92	+7.653635e+00	-9.565749e+00	-1.341716e+01
93	+7.437587e+00	-8.325990e+00	-1.389571e+01
94	+8.018449e+00	-7.282541e+00	-1.294139e+01
95	+6.557070e+00	-7.797639e+00	-1.303856e+01
96	+5.947710e+00	-9.306552e+00	-1.418709e+01
97	+7.576158e+00	-8.024112e+00	-1.310143e+01
98	+8.900786e+00	-9.540623e+00	-1.476426e+01
99	+8.881769e+00	-1.022456e+01	-1.445262e+01
100	+8.299903e+00	-8.967810e+00	-1.524266e+01
101	+9.993687e+00	-8.627728e+00	-1.476035e+01
102	+9.431672e+00	-7.940142e+00	-1.513441e+01
103	+8.486813e+00	-6.369494e+00	-1.681760e+01
104	+7.903007e+00	-5.053377e+00	-1.671064e+01
105	+9.550086e+00	-5.428330e+00	-1.624374e+01
106	+1.067054e+01	-4.174953e+00	-1.625467e+01
107	+1.011636e+01	-4.548166e+00	-1.520552e+01
108	+1.122032e+01	-5.751149e+00	-1.588262e+01
109	+1.273587e+01	-4.924461e+00	-1.457723e+01
110	+1.293416e+01	-4.013957e+00	-1.548216e+01
111	+1.190838e+01	-2.524142e+00	-1.504467e+01
112	+1.281678e+01	-3.439865e+00	-1.579243e+01
113	+1.213154e+01	-1.938531e+00	-1.436698e+01
114	+1.232490e+01	-7.025283e-01	-1.511353e+01
115	+1.087092e+01	-7.241320e-01	-1.545386e+01
116	+1.113262e+01	+2.624133e-01	-1.623239e+01
117	+1.023851e+01	+1.644845e+00	-1.504746e+01
118	+1.047086e+01	+1.579331e+00	-1.516903e+01
119	+1.003790e+01	+3.298571e+00	-1.511533e+01
120	+9.698149e+00	+3.604072e+00	-1.398687e+01
121	+9.495563e+00	+4.236283e+00	-1.335922e+01
122	+9.228339e+00	+3.103756e+00	-1.451412e+01
123	+8.881350e+00	+3.916670e+00	-1.380480e+01
124	+7.226756e+00	+4.837113e+00	-1.249786e+01
125	+6.162333e+00	+4.349271e+00	-1.397944e+01
126	+5.766035e+00	+3.793906e+00	-1.324816e+01
127	+4.905660e+00	+5.519750e+00	-1.336759e+01
128	+3.653773e+00	+4.833197e+00	-1.250621e+01
129	+4.992095e+00	+5.650679e+00	-1.383400e+01
130	+6.215902e+00	+4.247876e+00	-1.382750e+01
131	+7.626133e+00	+4.284096e+00	-1.457444e+01
132	+6.128301e+00	+4.192770e+00	-1.486074e+01
133	+4.536192e+00	+2.811119e+00	-1.642136e+01
134	+3.003790e+00	+2.436226e+00	-1.751015e+01
135	+4.153222e+00	+3.073946e+00	-1.691724e+01
136	+3.066855e+00	+4.324188e+00	-1.757639e+01
137	+4.593049e+00	+2.919672e+00	-1.697924e+01
138	+5.988077e+00	+3.539427e+00	-1.591371e+01
139	+5.528256e+00	+4.083654e+00	-1.619960e+01
140	+5.353627e+00	+2.480106e+00	-1.598779e+01
141	+5.170664e+00	+2.649318e+00	-1.736298e+01
142	+4.193400e+00	+1.888460e+00	-1.733941e+01
143	+3.259568e+00	+2.835802e+00	-1.761596e+01
144	+2.775791e+00	+2.327586e+00	-1.591283e+01
145	+1.479332e+00	+1.823485e+00	-1.534011e+01
146	+2.073340e+00	+8.886984e-01	-1.532453e+01
147	+2.179174e+00	+5.275861e-02	-1.391319e+01
148	+1.449980e+00	-4.847145e-01	-1.478273e+01
149	+9.123065e-01	-1.389018e+00	-1.375733e+01
150	+1.778223e+00	-2.866849e+00	-1.458749e+01
151	+1.656666e+00	-1.610726e+00	-1.362660e+01
152	+2.078901e+00	-1.024338e+00	-1.294687e+01
153	+2.203199e+00	-2.705729e+00	-1.416551e+01
154	+1.348984e+00	-1.088177e+00	-1.332041e+01
155	-2.615349e-01	+1.366284e-01	-1.256405e+01
156	+1.335116e+00	-2.981042e-01	-1.248923e+01
157	+5.710154e-01	+6.246487e-01	-1.196266e+01
158	+2.299396e+00	+7.413630e-01	-1.098078e+01
159	+3.199355e+00	+2.334727e+00	-1.026171e+01
160	+2.770521e+00	+4.052253e+00	-1.133577e+01
161	+1.176229e+00	+4.163559e+00	-9.759899e+00
162	-4.466962e-01	+3.311843e+00	-9.214274e+00
163	-2.079433e+00	+2.591908e+00	-8.553931e+00
164	-2.939392e+00	+1.148869e+00	-1.006774e+01
165	-4.077994e+00	+2.607133e+00	-1.084447e+01
166	-2.723785e+00	+2.803130e+00	-1.184583e+01
167	-1.616896e+00	+2.521256e+00	-1.115419e+01
168	-8.033898e-01	+2.215851e+00	-1.037465e+01
169	-3.837356e-01	+2.025166e+00	-1.065732e+01
170	-2.059642e+00	+9.855415e-01	-1.150073e+01
171	-2.361729e+00	-2.913606e-02	-1.226403e+01
172	-1.890699e+00	-8.786124e-01	-1.380976e+01
173	-1.530713e+00	+7.726126e-01	-1.480840e+01
174	-1.781897e+00	+6.418284e-01	-1.543169e+01
175	-2.821791e+00	+1.421971e+00	-1.396091e+01
176	-4.010863e+00	+2.159438e+00	-1.472677e+01
177	-4.416666e+00	+5.403041e-01	-1.482384e+01
178	-4.344611e+00	-6.436964e-01	-1.459430e+01
179	-2.735755e+00	+1.030660e+00	-1.363671e+01
180	-3.492200e+00	+8.047549e-01	-1.386925e+01
181	-4.218104e+00	+1.175640e+00	-1.467516e+01
182	-4.718483e+00	+1.618992e+00	-1.580468e+01
183	-5.819939e+00	-5.877568e-02	-1.659219e+01
184	-5.646479e+00	-1.764611e+00	-1.626329e+01
185	-4.537986e+00	-3.120687e+00	-1.574024e+01
186	-3.548758e+00	-2.168323e+00	-1.607427e+01
187	-5.150081e+00	-2.993102e+00	-1.493486e+01
188	-6.188358e+00	-3.220576e+00	-1.358552e+01
189	-7.084876e+00	-1.895521e+00	-1.356201e+01
190	-7.551288e+00	-1.595126e+00	-1.183387e+01
191	-7.815381e+00	-2.223205e+00	-1.261861e+01
192	-9.358309e+00	-3.478439e+00	-1.377953e+01
193	-8.007365e+00	-3.032863e+00	-1.235491e+01
194	-9.050963e+00	-2.501029e+00	-1.234885e+01
195	-1.047967e+01	-2.937973e+00	-1.308591e+01
196	-9.822223e+00	-1.904415e+00	-1.187449e+01
197	-1.025546e+01	-2.755258e+00	-1.121525e+01
198	-8.733036e+00	-3.781466e+00	-1.248104e+01
199	-1.005032e+01	-4.212691e+00	-1.108830e+01
200	-1.063518e+01	-3.949976e+00	-1.119064e+01
201	-1.176412e+01	-2.705081e+00	-1.232095e+01
202	-1.170520e+01	-2.707392e+00	-1.249967e+01
203	-1.035148e+01	-2.063880e+00	-1.269534e+01
204	-8.832240e+00	-3.202570e+00	-1.310378e+01
205	-7.512039e+00	-3.719122e+00	-1.275224e+01
206	-5.900493e+00	-2.427517e+00	-1.355729e+01
207	-6.025232e+00	-2.590733e+00	-1.313968e+01
208	-6.857267e+00	-3.797129e+00	-1.418921e+01
209	-8.466845e+00	-2.487016e+00	-1.560315e+01
210	-6.866440e+00	-1.702741e+00	-1.687102e+01
211	-8.360927e+00	-1.223790e+00	-1.642397e+01
212	-8.903233e+00	-8.614343e-01	-1.701692e+01
213	-8.741062e+00	+1.657093e-01	-1.714965e+01
214	-8.981921e+00	+1.361850e+00	-1.715201e+01
215	-7.759848e+00	+2.579619e+00	-1.648655e+01
216	-7.787662e+00	+3.433058e+00	-1.563381e+01
217	-9.063713e+00	+2.307431e+00	-1.487601e+01
218	-9.889710e+00	+3.975163e+00	-1.623209e+01
219	-1.046289e+01	+3.215796e+00	-1.496289e+01
220	-9.606481e+00	+3.440365e+00	-1.647025e+01
221	-9.559922e+00	+2.137036e+00	-1.652320e+01
222	-7.999424e+00	+3.254703e+00	-1.787371e+01
223	-7.960512e+00	+4.355930e+00	-1.670776e+01
224	-8.601087e+00	+6.017143e+00	-1.772061e+01
225	-7.073250e+00	+4.598198e+00	-1.763145e+01
226	-6.672066e+00	+5.818641e+00	-1.793208e+01
227	-5.604705e+00	+5.279105e+00	-1.670766e+01
228	-5.869563e+00	+5.991410e+00	-1.806916e+01
229	-5.790963e+00	+4.851250e+00	-1.782550e+01
230	-5.730127e+00	+5.903674e+00	-1.900797e+01
231	-7.241642e+00	+5.175963e+00	-1.840648e+01
232	-6.309016e+00	+6.534097e+00	-2.013055e+01
233	-7.702328e+00	+7.431494e+00	-1.981348e+01
234	-8.749147e+00	+6.344361e+00	-2.122949e+01
235	-7.910712e+00	+5.830397e+00	-1.956834e+01
236	-8.853231e+00	+5.370715e+00	-2.015788e+01
237	-8.333294e+00	+4.169471e+00	-2.128144e+01
238	-7.533093e+00	+5.490896e+00	-2.196562e+01
239	-5.807759e+00	+4.974061e+00	-2.328865e+01
240	-4.402529e+00	+5.651072e+00	-2.266919e+01
241	-5.017884e+00	+4.380983e+00	-2.182272e+01
242	-6.240031e+00	+5.915175e+00	-2.116962e+01
243	-7.575343e+00	+7.450953e+00	-2.172629e+01
244	-6.213803e+00	+6.619871e+00	-2.068299e+01
245	-5.152481e+00	+7.863613e+00	-2.055469e+01
246	-3.951617e+00	+6.930034e+00	-2.075153e+01
247	-2.220696e+00	+6.669911e+00	-1.917120e+01
248	-2.234467e+00	+7.805286e+00	-1.801024e+01
249	-2.029751e+00	+7.909073e+00	-1.630024e+01
250	-3.474897e+00	+7.405187e+00	-1.584831e+01
251	-2.664654e+00	+7.368621e+00	-1.473298e+01
252	-1.019252e+00	+8.665920e+00	-1.569549e+01
253	+4.115796e-01	+7.456269e+00	-1.520070e+01
254	-3.225763e-01	+8.921395e+00	-1.353234e+01
255	+5.324208e-01	+7.642375e+00	-1.443647e+01
256	+1.473439e-01	+8.723798e+00	-1.324123e+01
257	+5.164496e-01	+1.041008e+01	-1.241609e+01
258	+2.062178e+00	+9.890601e+00	-1.274780e+01
259	+3.075679e+00	+8.765906e+00	-1.341956e+01
260	+2.916044e+00	+9.953205e+00	-1.289795e+01
261	+3.360221e+00	+8.758111e+00	-1.228010e+01
262	+4.333325e+00	+8.546922e+00	-1.184848e+01
263	+5.975041e+00	+7.868189e+00	-1.053588e+01
264	+4.471749e+00	+8.795875e+00	-8.818360e+00
265	+2.889696e+00	+8.883070e+00	-7.152920e+00
266	+2.864767e+00	+9.700724e+00	-5.456039e+00
267	+1.797514e+00	+8.246777e+00	-4.455243e+00
268	+1.654735e+00	+9.111342e+00	-4.119383e+00
269	+2.736638e+00	+8.039983e+00	-5.575013e+00
270	+1.047455e+00	+9.159768e+00	-4.520638e+00
271	+7.444451e-01	+7.500897e+00	-3.024766e+00
272	+1.707109e+00	+8.777316e+00	-2.023330e+00
273	+2.094004e+00	+7.707209e+00	-3.355266e+00
274	+3.726987e+00	+7.712670e+00	-1.750371e+00
275	+3.506553e+00	+7.089983e+00	-2.933396e-01
276	+1.843741e+00	+7.987608e+00	4.412595e-01
277	+2.121828e+00	+8.424152e+00	1.627017e+00
278	+2.726718e+00	+7.928973e+00	2.889385e+00
279	+3.143412e+00	+7.893770e+00	2.834366e+00
280	+4.627105e+00	+8.189804e+00	2.907288e+00
281	+4.372069e+00	+8.176821e+00	3.897718e+00
282	+4.284733e+00	+9.331726e+00	2.673709e+00
283	+4.170460e+00	+7.934012e+00	4.055452e+00
284	+2.983638e+00	+9.271601e+00	2.788118e+00
285	+3.981854e+00	+9.123177e+00	2.199976e+00
286	+5.466237e+00	+8.729962e+00	1.243882e+00
287	+6.163516e+00	+8.484930e+00	2.446904e+00
288	+4.934483e+00	+7.388392e+00	3.628271e+00
289	+4.665502e+00	+7.720069e+00	4.789109e+00
290	+3.298740e+00	+9.425641e+00	5.128351e+00
291	+3.192777e+00	+9.361191e+00	3.426711e+00
292	+4.866200e+00	+1.038594e+01	2.148250e+00
293	+3.641795e+00	+1.032020e+01	2.264786e+00
294	+4.401172e+00	+1.050521e+01	3.174097e+00
295	+4.428280e+00	+8.888484e+00	4.518271e+00
296	+5.129632e+00	+9.467312e+00	5.521794e+00
297	+4.605052e+00	+8.508989e+00	5.480999e+00
298	+4.536952e+00	+7.153817e+00	4.170199e+00
299	+4.362469e+00	+8.816123e+00	3.357829e+00
300	+5.536957e+00	+9.390507e+00	4.943341e+00
301	+6.720544e+00	+9.304035e+00	4.962237e+00
302	+8.416423e+00	+8.032546e+00	5.521336e+00
303	+7.011846e+00	+9.091950e+00	6.532999e+00
304	+7.564386e+00	+8.039960e+00	7.704065e+00
305	+7.040950e+00	+6.512882e+00	8.116424e+00
306	+5.992061e+00	+5.492197e+00	7.552996e+00
307	+5.038521e+00	+4.913804e+00	8.017237e+00
308	+6.076932e+00	+6.253955e+00	9.256525e+00
309	+6.345544e+00	+7.332860e+00	9.592371e+00
310	+6.934216e+00	+7.256243e+00	1.100548e+01
311	+8.562539e+00	+7.139412e+00	1.056450e+01
312	+7.711122e+00	+8.539327e+00	1.121639e+01
313	+8.580769e+00	+9.668773e+00	1.037888e+01
314	+9.281911e+00	+9.151970e+00	1.096524e+01
315	+9.006074e+00	+9.756981e+00	9.789447e+00
316	+7.785164e+00	+8.773403e+00	1.101996e+01
317	+7.189661e+00	+8.477379e+00	9.591060e+00
318	+6.758386e+00	+9.211739e+00	9.932639e+00
319	+5.233283e+00	+1.009116e+01	8.870689e+00
320	+6.002508e+00	+8.562880e+00	7.326296e+00
321	+4.641016e+00	+6.838867e+00	6.981192e+00
322	+4.766257e+00	+7.832235e+00	6.676903e+00
323	+3.408716e+00	+6.156696e+00	5.132785e+00
324	+4.018800e+00	+5.902635e+00	4.898060e+00
325	+5.086995e+00	+7.354994e+00	6.197950e+00
326	+3.395630e+00	+8.394478e+00	4.758501e+00
327	+2.545736e+00	+7.729469e+00	3.973512e+00
328	+3.657519e+00	+8.130183e+00	3.346526e+00
329	+4.679395e+00	+8.469126e+00	3.899746e+00
330	+3.592923e+00	+7.260955e+00	3.186324e+00
331	+4.801889e+00	+5.943965e+00	2.512256e+00
332	+6.163820e+00	+6.024883e+00	1.972301e+00
333	+6.984678e+00	+5.362831e+00	4.494827e-01
334	+8.643388e+00	+6.925544e+00	1.737425e+00
335	+1.029907e+01	+8.205240e+00	3.436908e+00
336	+1.174235e+01	+7.854893e+00	4.677690e+00
337	+1.210277e+01	+9.477935e+00	4.372004e+00
338	+1.298726e+01	+9.648999e+00	5.014581e+00
339	+1.173081e+01	+8.322521e+00	6.119965e+00
340	+1.130718e+01	+7.317452e+00	6.832330e+00
341	+1.085506e+01	+6.267770e+00	6.874866e+00
342	+1.041557e+01	+7.945072e+00	5.256791e+00
343	+9.892384e+00	+9.096406e+00	6.939271e+00
344	+9.986736e+00	+8.905816e+00	8.447606e+00
345	+1.059207e+01	+7.665367e+00	9.274333e+00
346	+1.002556e+01	+6.595168e+00	1.033600e+01
347	+1.023231e+01	+7.490233e+00	9.562623e+00
348	+1.092883e+01	+7.515910e+00	8.108923e+00
349	+1.104444e+01	+6.737673e+00	9.365793e+00
350	+1.108300e+01	+7.787814e+00	1.002796e+01
351	+1.028160e+01	+8.426252e+00	9.685180e+00
352	+1.110651e+01	+8.159142e+00	9.368645e+00
353	+1.273341e+01	+8.477272e+00	1.030409e+01
354	+1.241812e+01	+8.922502e+00	1.186537e+01
355	+1.207268e+01	+1.033963e+01	1.019882e+01
356	+1.187280e+01	+9.400299e+00	1.062266e+01
357	+1.183658e+01	+8.619973e+00	1.171869e+01
358	+1.095790e+01	+8.573178e+00	1.318318e+01
359	+9.526664e+00	+7.157996e+00	1.375988e+01
360	+1.084389e+01	+7.235495e+00	1.215326e+01
361	+9.412542e+00	+8.396325e+00	1.346986e+01
362	+1.006593e+01	+7.651106e+00	1.480231e+01
363	+1.155728e+01	+8.942732e+00	1.363958e+01
364	+1.301259e+01	+8.637575e+00	1.313977e+01
365	+1.261268e+01	+7.180728e+00	1.211864e+01
366	+1.404747e+01	+7.884237e+00	1.095790e+01
367	+1.384803e+01	+7.303933e+00	1.013399e+01
368	+1.320562e+01	+8.257514e+00	1.167275e+01
369	+1.395400e+01	+8.694452e+00	1.223610e+01
370	+1.471905e+01	+1.030396e+01	1.114602e+01
371	+1.376833e+01	+9.598287e+00	1.269627e+01
372	+1.315345e+01	+1.066874e+01	1.246095e+01
373	+1.432869e+01	+1.031874e+01	1.368709e+01
374	+1.371463e+01	+9.321014e+00	1.519609e+01
375	+1.334123e+01	+9.121908e+00	1.503358e+01
376	+1.190254e+01	+8.906984e+00	1.608657e+01
377	+1.143960e+01	+1.028508e+01	1.665000e+01
378	+9.952582e+00	+9.878907e+00	1.615033e+01
379	+8.377078e+00	+1.093638e+01	1.742112e+01
380	+9.914335e+00	+9.610092e+00	1.804507e+01
381	+9.380772e+00	+1.006729e+01	1.646564e+01
382	+7.680328e+00	+8.669218e+00	1.596363e+01
383	+6.162606e+00	+9.746181e+00	1.733721e+01
384	+6.465608e+00	+1.086338e+01	1.726218e+01
385	+5.308705e+00	+1.237913e+01	1.723041e+01
386	+4.440255e+00	+1.216014e+01	1.584934e+01
387	+3.079609e+00	+1.090514e+01	1.650850e+01
388	+2.164346e+00	+1.198818e+01	1.807959e+01
389	+2.565396e+00	+1.114894e+01	1.700668e+01
390	+8.391193e-01	+9.823143e+00	1.739584e+01
391	+1.757097e+00	+8.344158e+00	1.661556e+01
392	+9.508801e-01	+9.441849e+00	1.599406e+01
393	+1.134734e+00	+9.777877e+00	1.492777e+01
394	+1.209773e+00	+1.143717e+01	1.375861e+01
395	+2.820279e+00	+1.098788e+01	1.432132e+01
396	+2.286696e+00	+1.005265e+01	1.499540e+01
397	+3.433955e+00	+9.217254e+00	1.415145e+01
398	+3.667088e+00	+8.006855e+00	1.291078e+01
399	+4.849285e+00	+9.586311e+00	1.360549e+01
400	+5.422579e+00	+8.825092e+00	1.518673e+01
401	+5.542722e+00	+9.214480e+00	1.544942e+01
402	+5.422631e+00	+8.249717e+00	1.573125e+01
403	+6.039696e+00	+9.595806e+00	1.538223e+01
404	+6.902870e+00	+1.095207e+01	1.628604e+01
405	+8.345937e+00	+1.170566e+01	1.609914e+01
406	+9.668227e+00	+1.030671e+01	1.736972e+01
407	+9.199396e+00	+9.514558e+00	1.764914e+01
408	+1.076007e+01	+9.653576e+00	1.676036e+01
409	+1.213828e+01	+9.167015e+00	1.725913e+01
410	+1.244944e+01	+9.606647e+00	1.632075e+01
411	+1.258250e+01	+7.944973e+00	1.784981e+01
412	+1.252708e+01	+6.410611e+00	1.927455e+01
413	+1.231812e+01	+7.565690e+00	2.034015e+01
414	+1.140515e+01	+8.990870e+00	2.007844e+01
415	+1.093906e+01	+9.014297e+00	2.148321e+01
416	+1.030111e+01	+8.498876e+00	2.039043e+01
417	+9.613723e+00	+8.786037e+00	1.963758e+01
418	+9.577789e+00	+7.749386e+00	2.081859e+01
419	+8.794379e+00	+8.585201e+00	2.001164e+01
420	+8.364634e+00	+6.918808e+00	1.971349e+01
421	+8.719039e+00	+5.832334e+00	2.001568e+01
422	+8.000884e+00	+5.952379e+00	2.111723e+01
423	+7.297510e+00	+5.736572e+00	2.132081e+01
424	+6.832650e+00	+7.135891e+00	2.262306e+01
425	+7.083215e+00	+8.256625e+00	2.433692e+01
426	+8.408719e+00	+8.286970e+00	2.500249e+01
427	+8.124984e+00	+8.531573e+00	2.409101e+01
428	+8.024081e+00	+9.624840e+00	2.245106e+01
429	+9.641429e+00	+8.279414e+00	2.229713e+01
430	+7.929179e+00	+7.988434e+00	2.207370e+01
431	+6.745535e+00	+9.291590e+00	2.106999e+01
432	+7.814814e+00	+1.030212e+01	1.964127e+01
433	+8.716768e+00	+1.003613e+01	2.022223e+01
434	+8.663546e+00	+1.001422e+01	1.989747e+01
435	+9.981427e+00	+1.070585e+01	1.976381e+01
436	+1.071474e+01	+1.168160e+01	1.838835e+01
437	+9.320621e+00	+1.191647e+01	1.705951e+01
438	+8.201994e+00	+1.078146e+01	1.824943e+01
439	+9.793242e+00	+9.337386e+00	1.883701e+01
440	+9.603437e+00	+8.508266e+00	1.993192e+01
441	+9.924669e+00	+7.138685e+00	1.880444e+01
442	+1.161466e+01	+6.308080e+00	1.780120e+01
443	+1.057638e+01	+6.459550e+00	1.932849e+01
444	+1.116329e+01	+7.113702e+00	2.037911e+01
445	+1.002230e+01	+8.356475e+00	1.962928e+01
446	+8.786206e+00	+8.439847e+00	1.857717e+01
447	+7.336423e+00	+8.442612e+00	1.765780e+01
448	+7.610773e+00	+8.702818e+00	1.629460e+01
449	+8.935786e+00	+7.726299e+00	1.458018e+01
450	+8.755277e+00	+7.504963e+00	1.370634e+01
451	+8.786899e+00	+6.709669e+00	1.381636e+01
452	+1.012797e+01	+5.538691e+00	1.322685e+01
453	+1.126748e+01	+3.880263e+00	1.351572e+01
454	+1.258221e+01	+2.690680e+00	1.353645e+01
455	+1.275747e+01	+2.035541e+00	1.377688e+01
456	+1.304316e+01	+3.539014e+00	1.418031e+01
457	+1.207287e+01	+4.595581e+00	1.286061e+01
458	+1.081833e+01	+4.590455e+00	1.223483e+01
459	+1.205660e+01	+4.386980e+00	1.168798e+01
460	+1.070782e+01	+4.664992e+00	1.261669e+01
461	+9.384969e+00	+5.043339e+00	1.298260e+01
462	+1.038738e+01	+4.971530e+00	1.260261e+01
463	+9.672475e+00	+6.325487e+00	1.431076e+01
464	+9.403076e+00	+4.835397e+00	1.532309e+01
465	+1.072439e+01	+5.377007e+00	1.635404e+01
466	+1.038688e+01	+5.661296e+00	1.690455e+01
467	+9.661918e+00	+6.371601e+00	1.534526e+01
468	+9.194140e+00	+7.378233e+00	1.533147e+01
469	+8.327264e+00	+9.085606e+00	1.388851e+01
470	+8.856904e+00	+8.830602e+00	1.304181e+01
471	+7.470561e+00	+8.925938e+00	1.389551e+01
472	+7.479254e+00	+8.759799e+00	1.264655e+01
473	+6.949878e+00	+8.905123e+00	1.248358e+01
474	+6.042107e+00	+9.782930e+00	1.090594e+01
475	+7.360753e+00	+9.789353e+00	1.219575e+01
476	+7.320406e+00	+1.038752e+01	1.122729e+01
477	+6.239512e+00	+9.166574e+00	9.623678e+00
478	+6.726590e+00	+9.035997e+00	8.523869e+00
479	+5.863175e+00	+9.906860e+00	9.694296e+00
480	+4.769164e+00	+1.129313e+01	1.109890e+01
481	+3.433905e+00	+1.216458e+01	9.808579e+00
482	+2.503615e+00	+1.234327e+01	1.057248e+01
483	+3.656400e+00	+1.399206e+01	1.055917e+01
484	+3.164740e+00	+1.538089e+01	1.062385e+01
485	+3.684819e+00	+1.445315e+01	1.118031e+01
486	+5.207456e+00	+1.553606e+01	9.656965e+00
487	+5.625465e+00	+1.511827e+01	9.467488e+00
488	+6.766944e+00	+1.473782e+01	9.609858e+00
489	+7.244488e+00	+1.308846e+01	1.059567e+01
490	+5.962976e+00	+1.395548e+01	9.691588e+00
491	+7.001086e+00	+1.483495e+01	1.037709e+01
492	+7.461306e+00	+1.361415e+01	9.679651e+00
493	+5.906077e+00	+1.206098e+01	1.062445e+01
494	+5.578294e+00	+1.257187e+01	1.152994e+01
495	+5.502671e+00	+1.359562e+01	1.177261e+01
496	+4.350011e+00	+1.500765e+01	1.205156e+01
497	+3.342370e+00	+1.619425e+01	1.188757e+01
498	+3.863027e+00	+1.722981e+01	1.167907e+01
499	+4.322151e+00	+1.868628e+01	1.221023e+01
500	+3.963729e+00	+1.856441e+01	1.340878e+01
501	+2.932692e+00	+1.946225e+01	1.439429e+01
502	+3.751820e+00	+1.943235e+01	1.393198e+01
503	+2.872702e+00	+1.825630e+01	1.463471e+01
504	+1.810792e+00	+1.779863e+01	1.313579e+01
505	+1.547096e+00	+1.935974e+01	1.432175e+01
506	+5.508156e-01	+1.847541e+01	1.383396e+01
507	+2.280661e+00	+1.820351e+01	1.225258e+01
508	+2.681137e+00	+1.879293e+01	1.086665e+01
509	+1.658440e+00	+2.013551e+01	1.040442e+01
510	+3.278730e+00	+2.022034e+01	1.085976e+01
511	+1.873516e+00	+1.890744e+01	1.144505e+01
512	+2.603277e+00	+2.022695e+01	1.096784e+01
513	+2.773835e+00	+2.118155e+01	9.940727e+00
514	+1.273464e+00	+2.161674e+01	1.134290e+01
515	+1.579997e+00	+2.070199e+01	9.677385e+00
516	+2.690909e+00	+1.980355e+01	9.652977e+00
517	+4.215775e+00	+2.152454e+01	9.022795e+00
518	+4.571519e+00	+2.213822e+01	7.439980e+00
519	+4.396541e+00	+2.105751e+01	7.683816e+00
520	+6.006560e+00	+2.276045e+01	6.284223e+00
521	+6.448699e+00	+2.194977e+01	7.786679e+00
522	+7.441801e+00	+2.318764e+01	8.288750e+00
523	+9.173204e+00	+2.489425e+01	9.620764e+00
524	+1.051555e+01	+2.487817e+01	8.233076e+00
525	+1.184887e+01	+2.624961e+01	8.423867e+00
526	+1.164475e+01	+2.623953e+01	9.924811e+00
527	+1.101203e+01	+2.544678e+01	1.109641e+01
528	+1.157955e+01	+2.708407e+01	9.968086e+00
529	+1.161523e+01	+2.681053e+01	1.096027e+01
530	+1.099702e+01	+2.512074e+01	9.377654e+00
531	+1.239531e+01	+2.429046e+01	7.646486e+00
532	+1.145189e+01	+2.503145e+01	9.269156e+00
533	+1.187287e+01	+2.514782e+01	9.772180e+00
534	+1.054909e+01	+2.581457e+01	8.764445e+00
535	+1.126175e+01	+2.717082e+01	9.963038e+00
536	+1.284562e+01	+2.816488e+01	8.607355e+00
537	+1.187017e+01	+2.829926e+01	8.457552e+00
538	+1.274914e+01	+2.867584e+01	9.904307e+00
539	+1.315942e+01	+2.870180e+01	1.127179e+01
540	+1.178396e+01	+2.801178e+01	1.080628e+01
541	+1.153781e+01	+2.717818e+01	1.225370e+01
542	+1.169687e+01	+2.551697e+01	1.162574e+01
543	+1.146880e+01	+2.500220e+01	1.099538e+01
544	+1.221796e+01	+2.663179e+01	1.109060e+01
545	+1.075578e+01	+2.810973e+01	1.229893e+01
546	+1.094833e+01	+2.670076e+01	1.342839e+01
547	+1.241530e+01	+2.746557e+01	1.480633e+01
548	+1.119792e+01	+2.629141e+01	1.381827e+01
549	+1.179984e+01	+2.536078e+01	1.511681e+01
550	+1.301287e+01	+2.640274e+01	1.373253e+01
551	+1.197892e+01	+2.679026e+01	1.508915e+01
552	+1.263219e+01	+2.649016e+01	1.517648e+01
553	+1.424414e+01	+2.649501e+01	1.498625e+01
554	+1.434334e+01	+2.511980e+01	1.485390e+01
555	+1.497349e+01	+2.642244e+01	1.584592e+01
556	+1.508480e+01	+2.504229e+01	1.521257e+01
557	+1.479253e+01	+2.432084e+01	1.492803e+01
558	+1.650861e+01	+2.532131e+01	1.374397e+01
559	+1.811409e+01	+2.643749e+01	1.430836e+01
560	+1.915018e+01	+2.761700e+01	1.440142e+01
561	+1.997375e+01	+2.713083e+01	1.582674e+01
562	+2.067876e+01	+2.661059e+01	1.411609e+01
563	+2.137614e+01	+2.794359e+01	1.566904e+01
564	+2.132077e+01	+2.730895e+01	1.716244e+01
565	+2.191254e+01	+2.780332e+01	1.643771e+01
566	+2.067484e+01	+2.759327e+01	1.600507e+01
567	+2.048897e+01	+2.709505e+01	1.551555e+01
568	+1.889247e+01	+2.780094e+01	1.581104e+01
569	+1.888700e+01	+2.614298e+01	1.538334e+01
570	+1.818208e+01	+2.635097e+01	1.609233e+01
571	+1.716349e+01	+2.560086e+01	1.584530e+01
572	+1.617255e+01	+2.682265e+01	1.417443e+01
573	+1.497550e+01	+2.556800e+01	1.284052e+01
574	+1.609046e+01	+2.638288e+01	1.148210e+01
575	+1.779581e+01	+2.756010e+01	1.298553e+01
576	+1.614338e+01	+2.656232e+01	1.293640e+01
577	+1.709019e+01	+2.704865e+01	1.371065e+01
578	+1.658838e+01	+2.823731e+01	1.450820e+01
579	+1.601509e+01	+2.926591e+01	1.599755e+01
580	+1.592798e+01	+2.883473e+01	1.738744e+01
581	+1.433917e+01	+3.040540e+01	1.726394e+01
582	+1.356450e+01	+3.123284e+01	1.730373e+01
583	+1.492215e+01	+2.951647e+01	1.867849e+01
584	+1.456801e+01	+2.890225e+01	1.940604e+01
585	+1.609089e+01	+2.729086e+01	2.018876e+01
586	+1.775380e+01	+2.605970e+01	2.073974e+01
587	+1.675248e+01	+2.776305e+01	2.033300e+01
588	+1.589188e+01	+2.809054e+01	1.948253e+01
589	+1.537086e+01	+2.921360e+01	1.981100e+01
590	+1.650866e+01	+3.044391e+01	1.916582e+01
591	+1.795336e+01	+2.963237e+01	1.918347e+01
592	+1.922599e+01	+3.039234e+01	1.816574e+01
593	+1.873448e+01	+3.184534e+01	1.971012e+01
594	+2.041027e+01	+3.033656e+01	2.011047e+01
595	+1.993899e+01	+3.045739e+01	1.871270e+01
596	+1.902410e+01	+2.978953e+01	1.766421e+01
597	+2.060704e+01	+3.122414e+01	1.835116e+01
598	+2.170958e+01	+3.110727e+01	1.731260e+01
599	+2.314718e+01	+3.185159e+01	1.616903e+01
600	+2.361685e+01	+3.041554e+01	1.453238e+01
601	+2.401634e+01	+2.943891e+01	1.623932e+01
602	+2.415437e+01	+2.872006e+01	1.569815e+01
603	+2.447034e+01	+2.732065e+01	1.651980e+01
604	+2.586816e+01	+2.644367e+01	1.789769e+01
605	+2.417964e+01	+2.731273e+01	1.930862e+01
606	+2.452231e+01	+2.598060e+01	2.027950e+01
607	+2.303052e+01	+2.672840e+01	2.177576e+01
608	+2.332779e+01	+2.628436e+01	2.085039e+01
609	+2.186940e+01	+2.732666e+01	1.918003e+01
610	+2.286170e+01	+2.637280e+01	1.790137e+01
611	+2.383254e+01	+2.695683e+01	1.773147e+01
612	+2.254982e+01	+2.771286e+01	1.731790e+01
613	+2.289654e+01	+2.763228e+01	1.807949e+01
614	+2.190605e+01	+2.859520e+01	1.940746e+01
615	+2.283758e+01	+2.867156e+01	2.028346e+01
616	+2.282601e+01	+2.774153e+01	2.200197e+01
617	+2.321514e+01	+2.748324e+01	2.090571e+01
618	+2.314135e+01	+2.915450e+01	2.141475e+01
619	+2.385566e+01	+2.757793e+01	2.101850e+01
620	+2.341261e+01	+2.725447e+01	2.027499e+01
621	+2.496267e+01	+2.885958e+01	1.873713e+01
622	+2.582709e+01	+3.045532e+01	1.936195e+01
623	+2.741080e+01	+2.966215e+01	1.965160e+01
624	+2.582529e+01	+2.919895e+01	2.014037e+01
625	+2.678683e+01	+2.768792e+01	1.949419e+01
626	+2.724618e+01	+2.615733e+01	1.904623e+01
627	+2.700116e+01	+2.565788e+01	1.946219e+01
628	+2.702863e+01	+2.648189e+01	1.797235e+01
629	+2.619895e+01	+2.509545e+01	1.897898e+01
630	+2.769824e+01	+2.481733e+01	2.016631e+01
631	+2.721110e+01	+2.439139e+01	2.098136e+01
632	+2.633167e+01	+2.333516e+01	2.031674e+01
633	+2.525348e+01	+2.219279e+01	2.198088e+01
634	+2.584529e+01	+2.099113e+01	2.144990e+01
635	+2.623065e+01	+2.266135e+01	2.015568e+01
636	+2.602930e+01	+2.354662e+01	2.060727e+01
637	+2.562549e+01	+2.456930e+01	2.002992e+01
638	+2.512879e+01	+2.345484e+01	2.049710e+01
639	+2.374914e+01	+2.421363e+01	2.217898e+01
640	+2.355302e+01	+2.252867e+01	2.102124e+01
641	+2.475212e+01	+2.351447e+01	2.255232e+01
642	+2.602236e+01	+2.339428e+01	2.277256e+01
643	+2.726993e+01	+2.428752e+01	2.395703e+01
644	+2.760724e+01	+2.484300e+01	2.395478e+01
645	+2.919926e+01	+2.636043e+01	2.447993e+01
646	+2.997159e+01	+2.552910e+01	2.444361e+01
647	+3.153088e+01	+2.422182e+01	2.307038e+01
648	+3.210281e+01	+2.479554e+01	2.310209e+01
649	+3.141600e+01	+2.540628e+01	2.163056e+01
650	+3.275776e+01	+2.614845e+01	2.077992e+01
651	+3.135846e+01	+2.517773e+01	1.983569e+01
652	+3.090916e+01	+2.667496e+01	2.051719e+01
653	+3.118029e+01	+2.744049e+01	1.893176e+01
654	+3.202274e+01	+2.617490e+01	1.802436e+01
655	+3.271768e+01	+2.600268e+01	1.654506e+01
656	+3.334460e+01	+2.667629e+01	1.734448e+01
657	+3.287731e+01	+2.498635e+01	1.837838e+01
658	+3.447605e+01	+2.521956e+01	1.977784e+01
659	+3.589201e+01	+2.594336e+01	2.091371e+01
660	+3.609423e+01	+2.533260e+01	2.242452e+01
661	+3.627399e+01	+2.492097e+01	2.405769e+01
662	+3.727220e+01	+2.420721e+01	2.494999e+01
663	+3.607255e+01	+2.299945e+01	2.400824e+01
664	+3.687796e+01	+2.466752e+01	2.232688e+01
665	+3.779122e+01	+2.389740e+01	2.198230e+01
666	+3.827157e+01	+2.511532e+01	2.265786e+01
667	+3.982647e+01	+2.476842e+01	2.210049e+01
668	+4.046059e+01	+2.641299e+01	2.119829e+01
669	+4.034830e+01	+2.644415e+01	2.085311e+01
670	+3.881886e+01	+2.694028e+01	2.035829e+01
671	+3.915712e+01	+2.651524e+01	2.141406e+01
672	+3.829329e+01	+2.483156e+01	2.206167e+01
673	+3.904955e+01	+2.448080e+01	2.282399e+01
674	+3.824574e+01	+2.620665e+01	2.298800e+01
675	+3.845193e+01	+2.732579e+01	2.302636e+01
676	+4.015846e+01	+2.717020e+01	2.157047e+01
677	+4.016867e+01	+2.771017e+01	2.058397e+01
678	+4.169756e+01	+2.772370e+01	2.146176e+01
679	+4.278135e+01	+2.856255e+01	1.982783e+01
680	+4.307072e+01	+2.734996e+01	1.968578e+01
681	+4.406979e+01	+2.628782e+01	1.877653e+01
682	+4.305001e+01	+2.654532e+01	1.977872e+01
683	+4.171339e+01	+2.534846e+01	2.114116e+01
684	+4.267035e+01	+2.600437e+01	2.272012e+01
685	+4.330632e+01	+2.432199e+01	2.329406e+01
686	+4.273049e+01	+2.597405e+01	2.496650e+01
687	+4.200264e+01	+2.597347e+01	2.613037e+01
688	+4.359678e+01	+2.622399e+01	2.549923e+01
689	+4.385111e+01	+2.600988e+01	2.672299e+01
690	+4.335651e+01	+2.603665e+01	2.796475e+01
691	+4.466797e+01	+2.593830e+01	2.949791e+01
692	+4.441820e+01	+2.581291e+01	3.058299e+01
693	+4.543172e+01	+2.566366e+01	2.920557e+01
694	+4.385810e+01	+2.467287e+01	2.769529e+01
695	+4.430283e+01	+2.405467e+01	2.818068e+01
696	+4.459620e+01	+2.244537e+01	2.838815e+01
697	+4.612007e+01	+2.402137e+01	2.815019e+01
698	+4.778114e+01	+2.473033e+01	2.729627e+01
699	+4.834236e+01	+2.411432e+01	2.686334e+01
700	+4.826605e+01	+2.428770e+01	2.839362e+01
701	+4.832773e+01	+2.325379e+01	2.936706e+01
702	+4.988030e+01	+2.424578e+01	2.991404e+01
703	+5.144696e+01	+2.593007e+01	2.887099e+01
704	+5.281030e+01	+2.426653e+01	2.859718e+01
705	+5.233777e+01	+2.327745e+01	2.890032e+01
706	+5.303704e+01	+2.223712e+01	2.804485e+01
707	+5.151732e+01	+2.159800e+01	2.924928e+01
708	+5.171450e+01	+2.129242e+01	3.073327e+01
709	+5.221005e+01	+2.240613e+01	2.924926e+01
710	+5.152188e+01	+2.353180e+01	2.882043e+01
711	+5.200050e+01	+2.230372e+01	2.937618e+01
712	+5.239919e+01	+2.234049e+01	3.087128e+01
713	+5.324374e+01	+2.065685e+01	2.981231e+01
714	+5.318478e+01	+2.155175e+01	3.043633e+01
715	+5.400579e+01	+1.992057e+01	2.906232e+01
716	+5.563879e+01	+2.160181e+01	3.045885e+01
717	+5.616510e+01	+2.069031e+01	2.899216e+01
718	+5.681687e+01	+2.219954e+01	2.990132e+01
719	+5.754538e+01	+2.355849e+01	2.883358e+01
720	+5.700718e+01	+2.291361e+01	2.718547e+01
721	+5.755299e+01	+2.399644e+01	2.774251e+01
722	+5.821653e+01	+2.565835e+01	2.677966e+01
723	+5.955704e+01	+2.505398e+01	2.713753e+01
724	+5.871839e+01	+2.381577e+01	2.781278e+01
725	+5.705986e+01	+2.455016e+01	2.753744e+01
726	+5.597100e+01	+2.304761e+01	2.687435e+01
727	+5.736942e+01	+2.182873e+01	2.615522e+01
728	+5.873450e+01	+2.221636e+01	2.626250e+01
729	+5.864754e+01	+2.154757e+01	2.532016e+01
730	+5.931358e+01	+2.125592e+01	2.537512e+01
731	+6.071510e+01	+2.019720e+01	2.505823e+01
732	+6.151881e+01	+1.900871e+01	2.545379e+01
733	+6.231908e+01	+1.984077e+01	2.658321e+01
734	+6.347573e+01	+1.990110e+01	2.547903e+01
735	+6.396602e+01	+2.124859e+01	2.694861e+01
736	+6.461017e+01	+2.071716e+01	2.710433e+01
737	+6.306726e+01	+2.173620e+01	2.638642e+01
738	+6.213093e+01	+2.013255e+01	2.596681e+01
739	+6.082826e+01	+2.004346e+01	2.648205e+01
740	+6.143065e+01	+2.107867e+01	2.612077e+01
741	+6.009287e+01	+1.942222e+01	2.452082e+01
742	+5.873168e+01	+1.821638e+01	2.489980e+01
743	+5.703045e+01	+1.978729e+01	2.651348e+01
744	+5.857105e+01	+2.149510e+01	2.710124e+01
745	+5.989247e+01	+2.255075e+01	2.586621e+01
746	+6.000411e+01	+2.266450e+01	2.482863e+01
747	+6.022230e+01	+2.185759e+01	2.428011e+01
748	+5.980984e+01	+2.215658e+01	2.383505e+01
749	+5.843541e+01	+2.228157e+01	2.451906e+01
750	+6.001775e+01	+2.248452e+01	2.324505e+01
751	+5.910254e+01	+2.289838e+01	2.227082e+01
752	+5.871173e+01	+2.241415e+01	2.383311e+01
753	+5.868117e+01	+2.203409e+01	2.366149e+01
754	+5.835940e+01	+2.180460e+01	2.407407e+01
755	+5.897547e+01	+2.192020e+01	2.439005e+01
756	+6.028628e+01	+2.091349e+01	2.334572e+01
757	+5.933433e+01	+2.253915e+01	2.472523e+01
758	+5.787703e+01	+2.245958e+01	2.341646e+01
759	+5.693187e+01	+2.175255e+01	2.257450e+01
760	+5.704799e+01	+2.078047e+01	2.353134e+01
761	+5.828952e+01	+2.017169e+01	2.322540e+01
762	+5.886126e+01	+2.152269e+01	2.212496e+01
763	+5.830215e+01	+2.067232e+01	2.144644e+01
764	+5.867334e+01	+1.975285e+01	2.123567e+01
765	+5.798192e+01	+1.973252e+01	2.086660e+01
766	+5.750030e+01	+1.862177e+01	1.976674e+01
767	+5.679072e+01	+1.882003e+01	2.086631e+01
768	+5.730388e+01	+1.992370e+01	2.167060e+01
769	+5.590456e+01	+1.927792e+01	2.202633e+01
770	+5.763170e+01	+1.798471e+01	2.283274e+01
771	+5.772167e+01	+1.853761e+01	2.289553e+01
772	+5.912316e+01	+1.983832e+01	2.457826e+01
773	+6.015111e+01	+1.843306e+01	2.537986e+01
774	+6.180109e+01	+1.927010e+01	2.424229e+01
775	+6.166838e+01	+1.873632e+01	2.314027e+01
776	+6.227596e+01	+1.941714e+01	2.259085e+01
777	+6.169018e+01	+1.813288e+01	2.197753e+01
778	+6.322783e+01	+1.685199e+01	2.292981e+01
779	+6.368765e+01	+1.633166e+01	2.200500e+01
780	+6.389754e+01	+1.768493e+01	2.280375e+01
781	+6.245491e+01	+1.698628e+01	2.114929e+01
782	+6.194565e+01	+1.600285e+01	2.194469e+01
783	+6.195877e+01	+1.595430e+01	2.053466e+01
784	+6.147784e+01	+1.648446e+01	2.136832e+01
785	+6.314205e+01	+1.593816e+01	2.160389e+01
786	+6.410771e+01	+1.765499e+01	2.007596e+01
787	+6.490793e+01	+1.836016e+01	1.930524e+01
788	+6.374879e+01	+1.849036e+01	1.761798e+01
789	+6.373880e+01	+1.787706e+01	1.777011e+01
790	+6.261292e+01	+1.835663e+01	1.697989e+01
791	+6.197211e+01	+1.900459e+01	1.589847e+01
792	+6.039476e+01	+1.822546e+01	1.669771e+01
793	+6.164300e+01	+1.683307e+01	1.734653e+01
794	+6.043886e+01	+1.712287e+01	1.585425e+01
795	+6.126273e+01	+1.787545e+01	1.491773e+01
796	+6.080757e+01	+1.951722e+01	1.396183e+01
797	+5.951769e+01	+1.859981e+01	1.567382e+01
798	+6.046309e+01	+1.884483e+01	1.558816e+01
799	+5.924462e+01	+2.048174e+01	1.632849e+01
800	+5.878681e+01	+1.892287e+01	1.531984e+01
801	+5.913312e+01	+1.746233e+01	1.466859e+01
802	+6.052987e+01	+1.816185e+01	1.301319e+01
803	+5.906345e+01	+1.789952e+01	1.383979e+01
804	+5.920891e+01	+1.808159e+01	1.389958e+01
805	+5.949496e+01	+1.916964e+01	1.528954e+01
806	+5.999900e+01	+1.914014e+01	1.463188e+01
807	+6.135962e+01	+2.066447e+01	1.434204e+01
808	+6.094808e+01	+2.179271e+01	1.537254e+01
809	+6.175905e+01	+2.174119e+01	1.452477e+01
810	+6.314937e+01	+2.322666e+01	1.406475e+01
811	+6.207889e+01	+2.234235e+01	1.499151e+01
812	+6.269602e+01	+2.097860e+01	1.622904e+01
813	+6.328437e+01	+2.042663e+01	1.617250e+01
814	+6.318248e+01	+2.145782e+01	1.675755e+01
815	+6.394049e+01	+2.129767e+01	1.835553e+01
816	+6.298686e+01	+2.025442e+01	1.836731e+01
817	+6.324834e+01	+2.036546e+01	1.940457e+01
818	+6.446350e+01	+2.020047e+01	1.989400e+01
819	+6.314252e+01	+1.861915e+01	1.918116e+01
820	+6.372374e+01	+1.883395e+01	1.969167e+01
821	+6.537480e+01	+1.902101e+01	1.845947e+01
822	+6.640373e+01	+1.895907e+01	1.883037e+01
823	+6.535588e+01	+1.819806e+01	1.731588e+01
824	+6.615948e+01	+1.759775e+01	1.724646e+01
825	+6.633662e+01	+1.778584e+01	1.582636e+01
826	+6.738753e+01	+1.913598e+01	1.704100e+01
827	+6.663518e+01	+1.851553e+01	1.831222e+01
828	+6.620561e+01	+1.698919e+01	1.968821e+01
829	+6.688222e+01	+1.697418e+01	2.056844e+01
830	+6.743866e+01	+1.763458e+01	1.935021e+01
831	+6.699534e+01	+1.870423e+01	1.987137e+01
832	+6.852993e+01	+1.928508e+01	1.960878e+01
833	+6.717418e+01	+1.906084e+01	1.876515e+01
834	+6.777528e+01	+2.076372e+01	1.824571e+01
835	+6.844549e+01	+2.188411e+01	1.691691e+01
836	+6.735558e+01	+2.078303e+01	1.634587e+01
837	+6.828440e+01	+2.221278e+01	1.792639e+01
838	+6.876177e+01	+2.169065e+01	1.795078e+01
839	+6.778412e+01	+2.115391e+01	1.935883e+01
840	+6.819168e+01	+2.031391e+01	2.045516e+01
841	+6.841603e+01	+2.069670e+01	2.000933e+01
842	+6.771237e+01	+2.041221e+01	1.983813e+01
843	+6.906239e+01	+2.195885e+01	2.112866e+01
844	+7.041108e+01	+2.345562e+01	1.950728e+01
845	+7.035918e+01	+2.279676e+01	2.083870e+01
846	+6.980402e+01	+2.411486e+01	2.068340e+01
847	+6.975281e+01	+2.424398e+01	2.189654e+01
848	+6.946560e+01	+2.363782e+01	2.053269e+01
849	+6.904948e+01	+2.341698e+01	2.035488e+01
850	+6.922251e+01	+2.306421e+01	2.111344e+01
851	+6.810842e+01	+2.341393e+01	2.259462e+01
852	+6.638979e+01	+2.409172e+01	2.426066e+01
853	+6.492535e+01	+2.453435e+01	2.581293e+01
854	+6.339459e+01	+2.522907e+01	2.546769e+01
855	+6.189848e+01	+2.445215e+01	2.489631e+01
856	+6.177423e+01	+2.390009e+01	2.337832e+01
857	+6.106318e+01	+2.288759e+01	2.289725e+01
858	+6.189586e+01	+2.135668e+01	2.162319e+01
859	+6.032751e+01	+2.218046e+01	2.238696e+01
860	+6.108643e+01	+2.275008e+01	2.300867e+01
861	+6.143106e+01	+2.407843e+01	2.367468e+01
862	+6.039151e+01	+2.479316e+01	2.385425e+01
863	+6.137305e+01	+2.623181e+01	2.508616e+01
864	+6.139600e+01	+2.787883e+01	2.624344e+01
865	+6.162132e+01	+2.814767e+01	2.738705e+01
866	+6.296575e+01	+2.817588e+01	2.883920e+01
867	+6.139120e+01	+2.804655e+01	2.814066e+01
868	+6.254776e+01	+2.969585e+01	2.666175e+01
869	+6.250705e+01	+3.118375e+01	2.555547e+01
870	+6.179558e+01	+3.056355e+01	2.496508e+01
871	+6.278400e+01	+3.192246e+01	2.475160e+01
872	+6.413131e+01	+3.339624e+01	2.592400e+01
873	+6.298832e+01	+3.360517e+01	2.596809e+01
874	+6.350172e+01	+3.342533e+01	2.444323e+01
875	+6.500128e+01	+3.388046e+01	2.559521e+01
876	+6.364441e+01	+3.298912e+01	2.476595e+01
877	+6.407059e+01	+3.398676e+01	2.614251e+01
878	+6.483659e+01	+3.527196e+01	2.759034e+01
879	+6.576702e+01	+3.613622e+01	2.623683e+01
880	+6.745440e+01	+3.484486e+01	2.563354e+01
881	+6.695999e+01	+3.557323e+01	2.621972e+01
882	+6.687076e+01	+3.398022e+01	2.454810e+01
883	+6.687918e+01	+3.569049e+01	2.535902e+01
884	+6.697378e+01	+3.439216e+01	2.401815e+01
885	+6.696861e+01	+3.533972e+01	2.502678e+01
886	+6.830179e+01	+3.400968e+01	2.531344e+01
887	+6.877501e+01	+3.312696e+01	2.702817e+01
888	+6.940613e+01	+3.332277e+01	2.705144e+01
889	+6.841629e+01	+3.309819e+01	2.861768e+01
890	+6.733804e+01	+3.188782e+01	2.812156e+01
891	+6.621522e+01	+3.136145e+01	2.646980e+01
892	+6.794032e+01	+3.032707e+01	2.623281e+01
893	+6.704791e+01	+3.155254e+01	2.732728e+01
894	+6.662264e+01	+3.204954e+01	2.577958e+01
895	+6.639134e+01	+3.239859e+01	2.412272e+01
896	+6.754744e+01	+3.260495e+01	2.342118e+01
897	+6.626996e+01	+3.345569e+01	2.344335e+01
898	+6.596975e+01	+3.430960e+01	2.324340e+01
899	+6.515070e+01	+3.529460e+01	2.172557e+01
900	+6.688209e+01	+3.548016e+01	2.160959e+01
901	+6.751587e+01	+3.511440e+01	2.037138e+01
902	+6.810584e+01	+3.537756e+01	2.184488e+01
903	+6.652870e+01	+3.378798e+01	2.158977e+01
904	+6.677860e+01	+3.385605e+01	2.050466e+01
905	+6.516832e+01	+3.230381e+01	2.159069e+01
906	+6.453152e+01	+3.149660e+01	2.133278e+01
907	+6.509394e+01	+3.296982e+01	1.979666e+01
908	+6.569206e+01	+3.220057e+01	1.987434e+01
909	+6.563726e+01	+3.256769e+01	1.859671e+01
910	+6.438460e+01	+3.297969e+01	1.916559e+01
911	+6.433699e+01	+3.332176e+01	2.051708e+01
912	+6.452239e+01	+3.369618e+01	2.004551e+01
913	+6.326161e+01	+3.507517e+01	2.021763e+01
914	+6.450000e+01	+3.391342e+01	1.921782e+01
915	+6.534350e+01	+3.262362e+01	2.053158e+01
916	+6.625315e+01	+3.257289e+01	1.884748e+01
917	+6.633307e+01	+3.307879e+01	1.767986e+01
918	+6.687595e+01	+3.445553e+01	1.724244e+01
919	+6.682800e+01	+3.510972e+01	1.565693e+01
920	+6.549411e+01	+3.479204e+01	1.432808e+01
921	+6.594552e+01	+3.572247e+01	1.314516e+01
922	+6.475775e+01	+3.583382e+01	1.155922e+01
923	+6.390424e+01	+3.713742e+01	1.239206e+01
924	+6.476334e+01	+3.653067e+01	1.300651e+01
925	+6.367326e+01	+3.631643e+01	1.311654e+01
926	+6.437955e+01	+3.562062e+01	1.160096e+01
927	+6.463655e+01	+3.464326e+01	1.113177e+01
928	+6.474140e+01	+3.407405e+01	1.143176e+01
929	+6.423571e+01	+3.345369e+01	1.268932e+01
930	+6.516537e+01	+3.446734e+01	1.358897e+01
931	+6.418464e+01	+3.305479e+01	1.212494e+01
932	+6.363545e+01	+3.172886e+01	1.287611e+01
933	+6.224891e+01	+3.291768e+01	1.389375e+01
934	+6.325440e+01	+3.170563e+01	1.445504e+01
935	+6.487311e+01	+3.330206e+01	1.325148e+01
936	+6.417558e+01	+3.158285e+01	1.248370e+01
937	+6.511237e+01	+3.186083e+01	1.234588e+01
938	+6.519166e+01	+3.303725e+01	1.300602e+01
939	+6.375538e+01	+3.402308e+01	1.367528e+01
940	+6.341934e+01	+3.518559e+01	1.347915e+01
941	+6.175864e+01	+3.644305e+01	1.265304e+01
942	+6.054217e+01	+3.472525e+01	1.282998e+01
943	+5.959497e+01	+3.519734e+01	1.165381e+01
944	+5.993272e+01	+3.349112e+01	1.070663e+01
945	+6.135806e+01	+3.448444e+01	1.054470e+01
946	+6.035235e+01	+3.539727e+01	1.040062e+01
947	+6.117306e+01	+3.506130e+01	1.108966e+01
948	+5.982261e+01	+3.648924e+01	1.101128e+01
949	+5.843403e+01	+3.499678e+01	1.175382e+01
950	+6.002105e+01	+3.369521e+01	1.281175e+01
951	+6.152523e+01	+3.375510e+01	1.408686e+01
952	+6.222227e+01	+3.206290e+01	1.401914e+01
953	+6.385733e+01	+3.278161e+01	1.534195e+01
954	+6.444172e+01	+3.242139e+01	1.655790e+01
955	+6.397860e+01	+3.204774e+01	1.541938e+01
956	+6.227714e+01	+3.270257e+01	1.646788e+01
957	+6.283724e+01	+3.246217e+01	1.776102e+01
958	+6.428623e+01	+3.376931e+01	1.889437e+01
959	+6.430890e+01	+3.393829e+01	2.051385e+01
960	+6.363006e+01	+3.406730e+01	2.054874e+01
961	+6.251686e+01	+3.343006e+01	2.093327e+01
962	+6.395746e+01	+3.288419e+01	1.977038e+01
963	+6.518953e+01	+3.397335e+01	2.026825e+01
964	+6.454998e+01	+3.486954e+01	2.167473e+01
965	+6.569654e+01	+3.370745e+01	2.257809e+01
966	+6.663932e+01	+3.456062e+01	2.227074e+01
967	+6.740782e+01	+3.555863e+01	2.284832e+01
968	+6.668869e+01	+3.537742e+01	2.223234e+01
969	+6.606930e+01	+3.642582e+01	2.337992e+01
970	+6.666120e+01	+3.799965e+01	2.236869e+01
971	+6.785091e+01	+3.796716e+01	2.269235e+01
972	+6.804814e+01	+3.958935e+01	2.406290e+01
973	+6.940538e+01	+3.839009e+01	2.485926e+01
974	+6.889431e+01	+4.010785e+01	2.547544e+01
975	+6.923086e+01	+4.029701e+01	2.635229e+01
976	+6.953254e+01	+4.141902e+01	2.623786e+01
977	+7.107589e+01	+4.282328e+01	2.489037e+01
978	+6.980484e+01	+4.393391e+01	2.450854e+01
979	+6.959425e+01	+4.535015e+01	2.618271e+01
980	+6.897394e+01	+4.699720e+01	2.747480e+01
981	+6.796252e+01	+4.824964e+01	2.819247e+01
982	+6.950057e+01	+4.720658e+01	2.868276e+01
983	+7.087712e+01	+4.879794e+01	2.711440e+01
984	+6.990468e+01	+4.955028e+01	2.791673e+01
985	+7.046084e+01	+4.972642e+01	2.798967e+01
986	+6.887803e+01	+5.085196e+01	2.969577e+01
987	+6.836781e+01	+4.972052e+01	3.020812e+01
988	+6.850115e+01	+5.131135e+01	3.169785e+01
989	+6.936772e+01	+5.141693e+01	3.012223e+01
990	+6.824757e+01	+5.262001e+01	3.011080e+01
991	+6.929921e+01	+5.259040e+01	3.153313e+01
992	+7.039995e+01	+5.136151e+01	3.031906e+01
993	+6.974125e+01	+5.225502e+01	2.902832e+01
994	+7.139887e+01	+5.270838e+01	3.052817e+01
995	+7.008426e+01	+5.272389e+01	3.189931e+01
996	+6.955844e+01	+5.235190e+01	3.350037e+01
997	+7.089760e+01	+5.331939e+01	3.290226e+01
998	+7.024145e+01	+5.204710e+01	3.455676e+01
999	+6.886968e+01	+5.052372e+01	3.575563e+01
1000	+6.771054e+01	+5.113926e+01	3.404394e+01

