0  0.000000e+00  0.000000e+00  0.000000e+00

1	-1.475112e+00	+1.376153e+00	-1.032041e+00
2	-6.394129e-01	-5.950666e-02	-1.197753e+00
3	+9.263395e-01	-6.231840e-01	1.733736e-01
4	+6.899694e-01	-1.210733e+00	5.560400e-01
5	-8.582464e-02	+2.846802e-01	-8.321225e-01
6	-4.280952e-01	+7.442913e-01	-1.083997e+00
7	+1.175876e+00	-1.693803e-02	-2.171708e+00
8	+3.234804e-01	+1.185922e+00	-2.695184e+00
9	+1.728172e+00	-1.942862e-01	-3.572823e+00
10	+3.073147e+00	-1.769546e+00	-3.252380e+00
11	+1.920838e+00	-7.943019e-02	-4.576445e+00
12	+2.961801e+00	+6.890287e-01	-4.822286e+00
13	+1.351634e+00	+1.297238e+00	-5.645088e+00
14	+1.637593e+00	+4.799943e-01	-6.910683e+00
15	+3.060264e-01	+3.731263e-01	-6.817381e+00
16	-9.470940e-01	-6.675600e-01	-5.715998e+00
17	-1.116373e+00	-9.228776e-01	-5.145517e+00
18	-1.388153e+00	-8.720389e-02	-3.540756e+00
19	+2.064850e-02	-1.391743e+00	-2.422519e+00
20	-9.187402e-01	+3.327065e-01	-1.500959e+00
21	-1.318276e+00	+9.306725e-01	-1.473110e+00
22	-1.024060e+00	-7.903687e-01	-2.265424e+00
23	-1.006877e+00	-2.039654e+00	-1.379293e+00
24	-2.197559e-01	-3.730987e+00	-1.240532e+00
25	+1.081714e+00	-3.981296e+00	-1.060905e+00
26	+1.637309e+00	-3.861572e+00	-9.191345e-01
27	+1.413603e+00	-4.832941e+00	-9.120323e-01
28	+4.250419e-01	-3.585773e+00	-1.935273e+00
29	+2.048545e+00	-3.160725e+00	-1.735472e+00
30	+1.968577e+00	-4.024356e+00	-4.239944e-01
31	+3.236779e+00	-3.687220e+00	-5.840848e-01
32	+3.662144e+00	-3.279987e+00	2.088543e-01
33	+4.539159e+00	-3.787500e+00	1.587818e+00
34	+5.770497e+00	-3.555054e+00	1.511146e+00
35	+5.591995e+00	-2.787461e+00	2.472732e-01
36	+4.680816e+00	-2.571725e+00	8.570980e-01
37	+4.538359e+00	-2.830378e+00	1.653609e+00
38	+4.986328e+00	-4.286751e+00	1.533894e+00
39	+6.099872e+00	-4.832884e+00	2.612163e-01
40	+5.713442e+00	-5.637452e+00	-4.390651e-01
41	+6.306004e+00	-5.460438e+00	8.171310e-01
42	+4.916922e+00	-5.281955e+00	-4.939782e-01
43	+4.820080e+00	-6.495163e+00	2.008143e-03
44	+3.382320e+00	-8.217105e+00	1.157025e+00
45	+4.066974e+00	-8.049250e+00	1.132134e+00
46	+3.669127e+00	-7.685930e+00	1.850692e+00
47	+3.883430e+00	-7.363416e+00	2.472304e+00
48	+5.366644e+00	-6.346624e+00	2.923882e+00
49	+3.832260e+00	-4.957313e+00	4.105654e+00
50	+2.333265e+00	-4.143147e+00	5.271702e+00
51	+1.627720e+00	-5.475517e+00	5.366577e+00
52	+2.561388e+00	-6.877308e+00	5.941789e+00
53	+2.596053e+00	-6.987529e+00	6.343352e+00
54	+3.608713e+00	-5.431870e+00	6.111533e+00
55	+4.135206e+00	-6.327919e+00	5.428164e+00
56	+3.885618e+00	-6.971610e+00	5.593105e+00
57	+3.845783e+00	-5.958603e+00	4.363189e+00
58	+4.924433e+00	-7.467984e+00	2.670780e+00
59	+5.111755e+00	-6.410160e+00	2.278620e+00
60	+4.043278e+00	-7.581774e+00	3.574935e+00
61	+5.139912e+00	-6.022202e+00	1.873353e+00
62	+4.695725e+00	-7.676739e+00	3.412866e+00
63	+4.605920e+00	-9.321397e+00	4.483732e+00
64	+5.433863e+00	-9.699192e+00	3.887054e+00
65	+4.824042e+00	-8.724463e+00	3.607421e+00
66	+5.275437e+00	-9.854960e+00	5.181637e+00
67	+5.297965e+00	-1.109578e+01	6.455948e+00
68	+3.629131e+00	-9.596055e+00	5.583833e+00
69	+2.087890e+00	-9.855649e+00	4.925022e+00
70	+3.630469e+00	-9.929294e+00	5.458955e+00
71	+2.564790e+00	-1.046684e+01	4.416369e+00
72	+3.324929e+00	-1.206699e+01	2.993630e+00
73	+4.778026e+00	-1.149929e+01	4.122594e+00
74	+5.110162e+00	-1.060728e+01	3.018308e+00
75	+3.855707e+00	-9.967030e+00	2.338476e+00
76	+3.740416e+00	-1.112321e+01	3.161754e+00
77	+4.219754e+00	-1.057063e+01	2.680997e+00
78	+5.322032e+00	-1.163042e+01	4.152349e+00
79	+3.874297e+00	-1.166376e+01	2.658903e+00
80	+2.688331e+00	-1.303265e+01	2.755436e+00
81	+4.275330e+00	-1.388737e+01	2.787434e+00
82	+4.463413e+00	-1.503320e+01	4.017721e+00
83	+5.481748e+00	-1.527012e+01	5.224394e+00
84	+6.900462e+00	-1.381347e+01	3.692149e+00
85	+5.998984e+00	-1.434852e+01	4.976794e+00
86	+4.615369e+00	-1.455020e+01	6.249350e+00
87	+5.040919e+00	-1.585943e+01	5.049286e+00
88	+4.957705e+00	-1.503527e+01	6.404129e+00
89	+5.069774e+00	-1.440584e+01	7.968306e+00
90	+4.732334e+00	-1.365734e+01	9.269550e+00
91	+5.865960e+00	-1.204501e+01	8.583454e+00
92	+5.525213e+00	-1.328428e+01	8.791319e+00
93	+4.154367e+00	-1.461537e+01	9.900209e+00
94	+4.707881e+00	-1.421981e+01	1.058728e+01
95	+6.113368e+00	-1.378523e+01	1.069251e+01
96	+5.964270e+00	-1.231518e+01	9.620628e+00
97	+6.214499e+00	-1.217048e+01	9.633938e+00
98	+4.935243e+00	-1.359719e+01	8.971427e+00
99	+3.316193e+00	-1.210966e+01	7.450435e+00
100	+2.903966e+00	-1.234686e+01	8.121167e+00
101	+2.332016e+00	-1.113186e+01	8.225246e+00
102	+1.024632e+00	-9.904361e+00	6.707488e+00
103	+1.530676e+00	-1.000052e+01	6.839979e+00
104	+2.386981e+00	-1.000540e+01	8.512365e+00
105	+6.933139e-01	-9.485782e+00	9.043746e+00
106	+8.007637e-01	-8.883899e+00	9.125928e+00
107	-6.785335e-01	-8.750280e+00	9.827502e+00
108	+7.704085e-01	-8.195534e+00	1.051547e+01
109	-2.754885e-01	-6.570403e+00	1.135986e+01
110	-3.038287e-01	-7.181237e+00	1.137549e+01
111	-5.407828e-01	-5.660410e+00	1.082907e+01
112	+7.601796e-01	-5.748532e+00	1.118612e+01
113	+1.525768e+00	-5.232458e+00	1.103615e+01
114	+1.896172e+00	-6.374561e+00	1.116237e+01
115	+2.250379e+00	-5.326908e+00	1.164408e+01
116	+3.914550e+00	-5.274541e+00	1.064661e+01
117	+5.406929e+00	-4.634666e+00	1.107446e+01
118	+4.734506e+00	-6.247008e+00	9.464983e+00
119	+5.653797e+00	-6.317236e+00	8.747009e+00
120	+7.289996e+00	-7.579108e+00	8.770052e+00
121	+8.110097e+00	-9.076178e+00	7.138898e+00
122	+8.321501e+00	-7.686896e+00	7.719368e+00
123	+7.963433e+00	-8.357592e+00	6.133821e+00
124	+7.041013e+00	-9.975214e+00	5.165284e+00
125	+6.397191e+00	-8.319164e+00	4.107263e+00
126	+7.620250e+00	-9.270989e+00	3.832455e+00
127	+9.312030e+00	-8.550377e+00	4.843960e+00
128	+8.601967e+00	-6.886946e+00	4.359578e+00
129	+8.999979e+00	-5.733394e+00	2.757827e+00
130	+1.007529e+01	-5.412680e+00	3.444471e+00
131	+1.007600e+01	-4.386682e+00	4.653961e+00
132	+1.159935e+01	-3.423872e+00	3.841534e+00
133	+1.126602e+01	-4.250489e+00	3.825593e+00
134	+1.214541e+01	-5.478755e+00	3.986962e+00
135	+1.139608e+01	-6.080659e+00	3.255792e+00
136	+9.851800e+00	-6.505636e+00	4.071765e+00
137	+1.140642e+01	-6.290785e+00	5.085772e+00
138	+1.231773e+01	-7.826787e+00	4.219148e+00
139	+1.121663e+01	-8.090892e+00	2.881551e+00
140	+1.119710e+01	-8.103989e+00	1.165480e+00
141	+1.042890e+01	-8.396892e+00	1.217524e+00
142	+9.547160e+00	-7.159715e+00	2.386797e+00
143	+1.016061e+01	-7.382237e+00	1.599216e+00
144	+1.150893e+01	-6.880845e+00	2.237455e+00
145	+1.003852e+01	-7.633735e+00	3.203820e+00
146	+8.632286e+00	-8.494293e+00	1.914498e+00
147	+8.236462e+00	-9.028029e+00	1.117094e+00
148	+6.942499e+00	-7.794379e+00	-1.437146e-01
149	+6.868206e+00	-9.365094e+00	1.289432e+00
150	+7.704980e+00	-1.028813e+01	7.308991e-01
151	+6.852385e+00	-1.035307e+01	1.531213e+00
152	+7.437102e+00	-1.138966e+01	2.001221e-01
153	+8.727741e+00	-1.139665e+01	-4.934277e-01
154	+1.040383e+01	-1.113313e+01	7.183449e-01
155	+9.805962e+00	-1.141412e+01	-9.945675e-01
156	+8.791890e+00	-1.228733e+01	-1.582189e+00
157	+1.042170e+01	-1.246374e+01	-1.473143e+00
158	+1.110948e+01	-1.155556e+01	-9.077389e-01
159	+1.184216e+01	-1.114882e+01	-9.816680e-01
160	+1.040598e+01	-1.119233e+01	-5.177087e-02
161	+9.521312e+00	-1.027408e+01	-5.929586e-01
162	+8.563949e+00	-8.663655e+00	-4.897236e-01
163	+1.020933e+01	-1.038751e+01	-6.797259e-01
164	+1.029323e+01	-1.010167e+01	-1.863690e+00
165	+1.189212e+01	-8.836068e+00	-8.528663e-01
166	+1.187951e+01	-1.048142e+01	-6.369528e-01
167	+1.312885e+01	-1.033754e+01	-2.228247e+00
168	+1.408254e+01	-1.036121e+01	-1.730175e+00
169	+1.390983e+01	-1.150111e+01	-6.791767e-01
170	+1.305562e+01	-1.176739e+01	4.107129e-02
171	+1.236145e+01	-1.219626e+01	-1.163589e+00
172	+1.321372e+01	-1.191246e+01	-2.650310e+00
173	+1.407862e+01	-1.291462e+01	-3.328944e+00
174	+1.559313e+01	-1.174177e+01	-3.646374e+00
175	+1.654313e+01	-1.067140e+01	-3.975527e+00
176	+1.629016e+01	-9.177144e+00	-5.441778e+00
177	+1.735739e+01	-9.961411e+00	-4.417565e+00
178	+1.589777e+01	-1.155446e+01	-4.057614e+00
179	+1.574045e+01	-9.890962e+00	-5.273322e+00
180	+1.451323e+01	-1.091370e+01	-6.045868e+00
181	+1.613661e+01	-1.100336e+01	-6.882327e+00
182	+1.468169e+01	-9.303485e+00	-7.321202e+00
183	+1.629142e+01	-9.853913e+00	-5.845841e+00
184	+1.643560e+01	-1.001699e+01	-7.107945e+00
185	+1.664553e+01	-1.095264e+01	-8.681140e+00
186	+1.702637e+01	-1.172752e+01	-8.236497e+00
187	+1.663375e+01	-1.132836e+01	-7.682856e+00
188	+1.649032e+01	-1.100798e+01	-6.420227e+00
189	+1.520206e+01	-1.094293e+01	-6.106442e+00
190	+1.506827e+01	-1.160185e+01	-5.916178e+00
191	+1.418141e+01	-1.248189e+01	-4.275411e+00
192	+1.306514e+01	-1.183946e+01	-3.290152e+00
193	+1.392105e+01	-1.026889e+01	-4.671013e+00
194	+1.318482e+01	-1.057764e+01	-3.593480e+00
195	+1.433453e+01	-9.232948e+00	-3.084141e+00
196	+1.443788e+01	-1.006527e+01	-2.260959e+00
197	+1.347390e+01	-8.375976e+00	-2.710634e+00
198	+1.280031e+01	-8.576748e+00	-1.895384e+00
199	+1.380274e+01	-9.607117e+00	-1.603969e+00
200	+1.258997e+01	-9.951604e+00	-2.653381e+00
201	+1.386196e+01	-1.086389e+01	-2.507797e+00
202	+1.520642e+01	-1.094581e+01	-3.893791e+00
203	+1.412596e+01	-1.077632e+01	-4.192802e+00
204	+1.292796e+01	-1.187756e+01	-2.858789e+00
205	+1.256846e+01	-1.198267e+01	-3.060137e+00
206	+1.116989e+01	-1.302345e+01	-1.810705e+00
207	+1.082143e+01	-1.299724e+01	-2.288402e+00
208	+1.171420e+01	-1.225704e+01	-1.274570e+00
209	+1.302249e+01	-1.110722e+01	-1.807335e+00
210	+1.187258e+01	-1.010671e+01	-2.686232e+00
211	+1.149039e+01	-8.551041e+00	-2.366040e+00
212	+1.053833e+01	-6.958610e+00	-3.566770e+00
213	+9.633406e+00	-8.688124e+00	-5.274876e+00
214	+1.092549e+01	-8.100702e+00	-4.573660e+00
215	+1.259063e+01	-8.270774e+00	-5.485191e+00
216	+1.154190e+01	-6.827211e+00	-3.915675e+00
217	+1.215688e+01	-6.784996e+00	-5.095141e+00
218	+1.204369e+01	-7.450207e+00	-6.049244e+00
219	+1.252240e+01	-6.912812e+00	-5.238128e+00
220	+1.424325e+01	-7.423789e+00	-6.689820e+00
221	+1.301748e+01	-7.901454e+00	-6.351422e+00
222	+1.413169e+01	-8.077471e+00	-6.344418e+00
223	+1.570825e+01	-6.438962e+00	-6.838243e+00
224	+1.518778e+01	-7.014205e+00	-8.568019e+00
225	+1.584889e+01	-8.289125e+00	-8.939247e+00
226	+1.617840e+01	-8.180556e+00	-7.784984e+00
227	+1.674445e+01	-8.982406e+00	-7.980032e+00
228	+1.817462e+01	-1.003629e+01	-8.164340e+00
229	+1.814285e+01	-1.005636e+01	-7.309345e+00
230	+1.695449e+01	-1.045223e+01	-6.582736e+00
231	+1.702590e+01	-1.024083e+01	-6.766761e+00
232	+1.756712e+01	-1.032588e+01	-5.567463e+00
233	+1.740715e+01	-9.726780e+00	-4.350436e+00
234	+1.645708e+01	-9.933074e+00	-5.063544e+00
235	+1.508652e+01	-9.085491e+00	-4.752197e+00
236	+1.364072e+01	-1.078509e+01	-6.467374e+00
237	+1.500413e+01	-1.019622e+01	-6.121415e+00
238	+1.652451e+01	-1.170751e+01	-7.135548e+00
239	+1.664632e+01	-1.321305e+01	-7.790702e+00
240	+1.584133e+01	-1.238154e+01	-6.858955e+00
241	+1.499132e+01	-1.344128e+01	-5.251138e+00
242	+1.556330e+01	-1.457208e+01	-5.926874e+00
243	+1.594104e+01	-1.297556e+01	-5.790382e+00
244	+1.445332e+01	-1.292687e+01	-6.098131e+00
245	+1.566862e+01	-1.166077e+01	-5.195262e+00
246	+1.508031e+01	-9.985967e+00	-4.675393e+00
247	+1.412652e+01	-9.778721e+00	-3.234067e+00
248	+1.450794e+01	-8.079622e+00	-4.754696e+00
249	+1.575421e+01	-8.048264e+00	-4.247818e+00
250	+1.470220e+01	-7.697861e+00	-5.619052e+00
251	+1.419557e+01	-6.104992e+00	-5.164625e+00
252	+1.325645e+01	-5.199715e+00	-4.797071e+00
253	+1.237989e+01	-6.835088e+00	-3.786924e+00
254	+1.371127e+01	-5.367467e+00	-2.807513e+00
255	+1.523424e+01	-5.263958e+00	-2.750515e+00
256	+1.670559e+01	-5.300531e+00	-1.857425e+00
257	+1.563146e+01	-6.040931e+00	-2.272284e+00
258	+1.486884e+01	-4.917084e+00	-1.627106e+00
259	+1.618246e+01	-5.987396e+00	-2.604670e+00
260	+1.559348e+01	-5.398503e+00	-1.261085e+00
261	+1.700720e+01	-4.798745e+00	-2.924119e+00
262	+1.789520e+01	-5.239304e+00	-2.013808e+00
263	+1.894773e+01	-5.051614e+00	-1.273471e+00
264	+1.800424e+01	-3.517771e+00	-1.674160e+00
265	+1.793797e+01	-4.878844e+00	-2.529449e+00
266	+1.852995e+01	-3.817915e+00	-3.064681e+00
267	+1.829125e+01	-4.903711e+00	-2.874326e+00
268	+1.916022e+01	-5.099423e+00	-2.511612e+00
269	+1.854829e+01	-5.290821e+00	-2.094718e+00
270	+1.767343e+01	-6.506785e+00	-1.456070e+00
271	+1.701428e+01	-7.401422e+00	-2.881463e+00
272	+1.699255e+01	-6.535535e+00	-2.626511e+00
273	+1.866216e+01	-5.399610e+00	-2.867309e+00
274	+1.699954e+01	-4.098375e+00	-3.761254e+00
275	+1.656950e+01	-4.304013e+00	-3.354030e+00
276	+1.806183e+01	-3.900930e+00	-2.294398e+00
277	+1.970010e+01	-2.392371e+00	-2.773329e+00
278	+2.086364e+01	-2.715958e+00	-2.381077e+00
279	+2.163140e+01	-2.695987e+00	-3.648767e+00
280	+2.229764e+01	-4.403674e+00	-3.444008e+00
281	+2.266082e+01	-4.855299e+00	-2.118605e+00
282	+2.352142e+01	-4.083134e+00	-1.553423e+00
283	+2.435508e+01	-2.994119e+00	-1.335525e+00
284	+2.350666e+01	-3.526656e+00	-1.958640e+00
285	+2.302240e+01	-4.531705e+00	-5.296221e-01
286	+2.407064e+01	-5.736464e+00	-4.032056e-01
287	+2.423230e+01	-6.461587e+00	1.576258e-01
288	+2.456645e+01	-6.987488e+00	1.569551e+00
289	+2.331571e+01	-5.929264e+00	2.208332e-01
290	+2.480450e+01	-5.156769e+00	-1.143727e+00
291	+2.479520e+01	-4.958147e+00	-2.714981e+00
292	+2.625868e+01	-6.585055e+00	-2.439281e+00
293	+2.745457e+01	-8.063727e+00	-3.468616e+00
294	+2.827982e+01	-9.250494e+00	-2.812242e+00
295	+2.767870e+01	-8.821402e+00	-2.352793e+00
296	+2.612280e+01	-9.357269e+00	-2.556516e+00
297	+2.681172e+01	-9.932778e+00	-3.785892e+00
298	+2.706644e+01	-8.246098e+00	-4.748006e+00
299	+2.836662e+01	-9.884314e+00	-3.276225e+00
300	+2.914945e+01	-1.030127e+01	-4.749666e+00
301	+2.991902e+01	-1.131682e+01	-6.350353e+00
302	+3.030985e+01	-1.039095e+01	-5.481350e+00
303	+3.062270e+01	-1.095414e+01	-5.519105e+00
304	+3.101994e+01	-9.524309e+00	-6.904412e+00
305	+3.261165e+01	-9.845640e+00	-7.922966e+00
306	+3.116727e+01	-1.002160e+01	-9.457073e+00
307	+3.202527e+01	-1.038330e+01	-1.100011e+01
308	+3.035224e+01	-9.568053e+00	-1.061673e+01
309	+3.094736e+01	-8.406921e+00	-9.070613e+00
310	+3.165500e+01	-8.207544e+00	-9.438160e+00
311	+3.335257e+01	-6.484899e+00	-9.297704e+00
312	+3.229824e+01	-4.802458e+00	-9.238962e+00
313	+3.219589e+01	-3.272027e+00	-1.053168e+01
314	+3.310068e+01	-3.097457e+00	-9.246568e+00
315	+3.478373e+01	-4.627316e+00	-7.830305e+00
316	+3.455091e+01	-4.095036e+00	-7.681110e+00
317	+3.542431e+01	-3.750231e+00	-8.956638e+00
318	+3.547385e+01	-5.168030e+00	-8.444919e+00
319	+3.517048e+01	-5.207176e+00	-7.548179e+00
320	+3.503432e+01	-4.668976e+00	-8.192840e+00
321	+3.649279e+01	-5.866214e+00	-6.632971e+00
322	+3.494568e+01	-5.286718e+00	-7.832553e+00
323	+3.538418e+01	-6.645603e+00	-7.488602e+00
324	+3.450042e+01	-6.220832e+00	-6.135292e+00
325	+3.438322e+01	-5.185430e+00	-6.573279e+00
326	+3.560449e+01	-6.351686e+00	-6.722319e+00
327	+3.467634e+01	-6.918519e+00	-6.702486e+00
328	+3.449055e+01	-5.346363e+00	-6.387851e+00
329	+3.500481e+01	-6.509734e+00	-8.113496e+00
330	+3.588512e+01	-6.913320e+00	-9.013104e+00
331	+3.669258e+01	-8.314672e+00	-8.703036e+00
332	+3.646613e+01	-9.335154e+00	-8.116236e+00
333	+3.530910e+01	-1.070169e+01	-7.102874e+00
334	+3.544804e+01	-9.239226e+00	-6.300513e+00
335	+3.659269e+01	-1.032469e+01	-7.304770e+00
336	+3.797279e+01	-1.003894e+01	-6.437218e+00
337	+3.953278e+01	-1.157720e+01	-7.330577e+00
338	+4.007938e+01	-9.935044e+00	-8.384382e+00
339	+4.169784e+01	-1.030285e+01	-6.867809e+00
340	+4.279204e+01	-8.817758e+00	-5.309443e+00
341	+4.145932e+01	-9.569930e+00	-5.085206e+00
342	+4.205745e+01	-1.110879e+01	-6.641934e+00
343	+4.053971e+01	-9.562573e+00	-5.392753e+00
344	+4.034995e+01	-1.103236e+01	-4.696270e+00
345	+4.163589e+01	-1.058003e+01	-3.709914e+00
346	+4.027979e+01	-1.195093e+01	-4.158494e+00
347	+3.895074e+01	-1.103355e+01	-4.861784e+00
348	+3.968113e+01	-9.810700e+00	-6.517568e+00
349	+4.120505e+01	-1.042956e+01	-5.051942e+00
350	+3.979109e+01	-8.902732e+00	-6.700533e+00
351	+3.978078e+01	-7.659721e+00	-7.166405e+00
352	+4.066080e+01	-8.765407e+00	-6.846412e+00
353	+3.923459e+01	-8.541267e+00	-8.067247e+00
354	+3.956677e+01	-7.804735e+00	-9.015060e+00
355	+3.832187e+01	-8.605142e+00	-1.028019e+01
356	+3.949350e+01	-6.964364e+00	-9.764690e+00
357	+4.104310e+01	-6.051881e+00	-1.101000e+01
358	+4.152711e+01	-7.301289e+00	-1.229760e+01
359	+3.985512e+01	-7.983606e+00	-1.276407e+01
360	+3.926903e+01	-7.571660e+00	-1.251298e+01
361	+3.863983e+01	-8.721232e+00	-1.397060e+01
362	+4.021427e+01	-9.202336e+00	-1.326360e+01
363	+4.097850e+01	-9.607171e+00	-1.251047e+01
364	+3.991853e+01	-9.929212e+00	-1.178939e+01
365	+4.126849e+01	-8.838133e+00	-1.132578e+01
366	+4.271504e+01	-1.055638e+01	-1.095983e+01
367	+4.330746e+01	-1.116330e+01	-9.369011e+00
368	+4.367782e+01	-9.883852e+00	-9.001328e+00
369	+4.302114e+01	-1.036318e+01	-8.407964e+00
370	+4.425301e+01	-8.654145e+00	-8.275314e+00
371	+4.527274e+01	-9.844560e+00	-8.893361e+00
372	+4.630314e+01	-9.097049e+00	-8.690472e+00
373	+4.521168e+01	-1.036499e+01	-7.415055e+00
374	+4.567308e+01	-1.088348e+01	-6.481384e+00
375	+4.612908e+01	-9.664577e+00	-8.124215e+00
376	+4.580188e+01	-1.073416e+01	-9.285463e+00
377	+4.744048e+01	-9.345084e+00	-7.800775e+00
378	+4.614892e+01	-1.093133e+01	-7.679040e+00
379	+4.502654e+01	-1.125212e+01	-6.268088e+00
380	+4.410126e+01	-1.048998e+01	-7.242051e+00
381	+4.372462e+01	-8.932227e+00	-7.674871e+00
382	+4.270340e+01	-9.950223e+00	-6.741726e+00
383	+4.313658e+01	-1.097017e+01	-7.149021e+00
384	+4.417467e+01	-1.006570e+01	-6.843950e+00
385	+4.422673e+01	-1.094550e+01	-8.488953e+00
386	+4.251653e+01	-1.208051e+01	-7.100182e+00
387	+4.093400e+01	-1.254683e+01	-8.508342e+00
388	+4.248496e+01	-1.175545e+01	-7.033844e+00
389	+4.372411e+01	-1.211044e+01	-5.561623e+00
390	+4.231741e+01	-1.198290e+01	-5.368667e+00
391	+4.165292e+01	-1.059147e+01	-3.860647e+00
392	+4.255814e+01	-1.037029e+01	-5.160366e+00
393	+4.308194e+01	-9.286386e+00	-6.465870e+00
394	+4.382524e+01	-8.819174e+00	-7.315191e+00
395	+4.511331e+01	-7.892050e+00	-6.507578e+00
396	+4.429151e+01	-8.570254e+00	-5.380272e+00
397	+4.582122e+01	-8.033825e+00	-4.628627e+00
398	+4.529789e+01	-7.747775e+00	-4.841298e+00
399	+4.632151e+01	-6.598409e+00	-5.806440e+00
400	+4.756193e+01	-6.503341e+00	-7.234909e+00
401	+4.908771e+01	-5.953261e+00	-5.933533e+00
402	+4.995550e+01	-6.865263e+00	-4.298718e+00
403	+4.919302e+01	-7.688385e+00	-3.667724e+00
404	+4.752324e+01	-7.847461e+00	-3.778868e+00
405	+4.925126e+01	-7.391416e+00	-4.257631e+00
406	+4.787525e+01	-9.048520e+00	-5.106303e+00
407	+4.903352e+01	-8.238198e+00	-5.659379e+00
408	+4.930488e+01	-8.801275e+00	-6.692680e+00
409	+4.821395e+01	-7.327160e+00	-6.449692e+00
410	+4.654636e+01	-7.977982e+00	-4.776625e+00
411	+4.557259e+01	-9.655120e+00	-4.783401e+00
412	+4.630152e+01	-9.660518e+00	-5.133923e+00
413	+4.633313e+01	-9.286573e+00	-5.323603e+00
414	+4.528858e+01	-8.950665e+00	-4.454899e+00
415	+4.366077e+01	-9.307687e+00	-5.452147e+00
416	+4.421555e+01	-9.626424e+00	-6.867144e+00
417	+4.429701e+01	-9.223791e+00	-7.557597e+00
418	+4.379600e+01	-8.198633e+00	-8.912738e+00
419	+4.214953e+01	-7.528271e+00	-7.909912e+00
420	+4.348363e+01	-6.346348e+00	-7.918998e+00
421	+4.244198e+01	-6.982564e+00	-7.711601e+00
422	+4.353204e+01	-8.332436e+00	-8.253736e+00
423	+4.185019e+01	-9.029537e+00	-8.678168e+00
424	+4.033285e+01	-8.616655e+00	-7.177161e+00
425	+3.997529e+01	-8.635329e+00	-6.893167e+00
426	+3.884862e+01	-8.406271e+00	-7.151007e+00
427	+3.712491e+01	-8.493786e+00	-6.224925e+00
428	+3.681726e+01	-8.791497e+00	-5.281255e+00
429	+3.811016e+01	-8.642804e+00	-3.930776e+00
430	+3.931835e+01	-7.610993e+00	-2.337213e+00
431	+3.945271e+01	-8.125574e+00	-3.425938e+00
432	+4.099221e+01	-7.574760e+00	-3.072698e+00
433	+4.258733e+01	-9.024398e+00	-3.297631e+00
434	+4.374756e+01	-8.579856e+00	-4.874978e+00
435	+4.367896e+01	-8.691137e+00	-5.844253e+00
436	+4.235125e+01	-7.930005e+00	-7.174140e+00
437	+4.354493e+01	-8.400560e+00	-6.398153e+00
438	+4.503915e+01	-9.939741e+00	-7.646089e+00
439	+4.383490e+01	-1.125987e+01	-8.744032e+00
440	+4.290824e+01	-1.254744e+01	-9.913835e+00
441	+4.377287e+01	-1.124452e+01	-1.099602e+01
442	+4.525228e+01	-1.135878e+01	-1.256207e+01
443	+4.566424e+01	-1.025075e+01	-1.202687e+01
444	+4.415845e+01	-1.149449e+01	-1.368973e+01
445	+4.381718e+01	-1.097589e+01	-1.315089e+01
446	+4.305285e+01	-1.173260e+01	-1.467228e+01
447	+4.271748e+01	-1.248049e+01	-1.353350e+01
448	+4.443995e+01	-1.080604e+01	-1.425024e+01
449	+4.437933e+01	-1.235973e+01	-1.585459e+01
450	+4.266184e+01	-1.068954e+01	-1.708880e+01
451	+4.339184e+01	-9.097506e+00	-1.639872e+01
452	+4.351461e+01	-9.027766e+00	-1.646383e+01
453	+4.388736e+01	-9.226062e+00	-1.575477e+01
454	+4.266357e+01	-1.012473e+01	-1.547596e+01
455	+4.219245e+01	-1.091315e+01	-1.608875e+01
456	+4.057243e+01	-1.126436e+01	-1.715867e+01
457	+4.165709e+01	-9.652406e+00	-1.603955e+01
458	+4.097899e+01	-8.374563e+00	-1.464193e+01
459	+4.007842e+01	-7.408683e+00	-1.609883e+01
460	+4.011678e+01	-5.871373e+00	-1.689787e+01
461	+4.172548e+01	-6.634658e+00	-1.803539e+01
462	+4.138430e+01	-5.429459e+00	-1.704864e+01
463	+4.225096e+01	-4.437084e+00	-1.762764e+01
464	+4.262840e+01	-3.623126e+00	-1.700844e+01
465	+4.299995e+01	-2.286877e+00	-1.716899e+01
466	+4.395719e+01	-3.741150e+00	-1.820507e+01
467	+4.435130e+01	-4.997177e+00	-1.816656e+01
468	+4.333847e+01	-6.064619e+00	-1.856421e+01
469	+4.168382e+01	-6.308935e+00	-1.789763e+01
470	+4.254393e+01	-5.993986e+00	-1.646197e+01
471	+4.410622e+01	-5.732833e+00	-1.561820e+01
472	+4.398884e+01	-4.016081e+00	-1.515486e+01
473	+4.547547e+01	-4.499150e+00	-1.686448e+01
474	+4.441214e+01	-5.753742e+00	-1.614419e+01
475	+4.335849e+01	-4.433821e+00	-1.524141e+01
476	+4.454294e+01	-4.680271e+00	-1.377510e+01
477	+4.605496e+01	-4.951037e+00	-1.298176e+01
478	+4.543918e+01	-3.268281e+00	-1.168705e+01
479	+4.698117e+01	-4.838165e+00	-1.252585e+01
480	+4.746190e+01	-3.312061e+00	-1.261069e+01
481	+4.704045e+01	-2.772587e+00	-1.184895e+01
482	+4.642987e+01	-2.677566e+00	-1.357877e+01
483	+4.504853e+01	-2.398337e+00	-1.237306e+01
484	+4.507744e+01	-2.653172e+00	-1.186180e+01
485	+4.408091e+01	-4.080426e+00	-1.159433e+01
486	+4.514839e+01	-4.148870e+00	-1.041012e+01
487	+4.450727e+01	-4.716806e+00	-9.752677e+00
488	+4.533117e+01	-3.275069e+00	-1.053850e+01
489	+4.607642e+01	-2.740857e+00	-9.316150e+00
490	+4.453495e+01	-3.688786e+00	-7.587991e+00
491	+4.322282e+01	-3.891028e+00	-6.018860e+00
492	+4.372528e+01	-2.462282e+00	-6.335956e+00
493	+4.366700e+01	-1.890938e+00	-4.871263e+00
494	+4.499495e+01	-3.364001e+00	-3.902343e+00
495	+4.468363e+01	-4.509695e+00	-5.002599e+00
496	+4.564714e+01	-4.745299e+00	-6.407750e+00
497	+4.687434e+01	-4.603416e+00	-5.487458e+00
498	+4.851810e+01	-4.358641e+00	-6.875071e+00
499	+4.733650e+01	-5.088354e+00	-8.596971e+00
500	+4.617721e+01	-4.946622e+00	-1.010775e+01
501	+4.478513e+01	-5.616038e+00	-1.178426e+01
502	+4.529544e+01	-5.138373e+00	-1.047852e+01
503	+4.405981e+01	-5.828830e+00	-1.119065e+01
504	+4.440778e+01	-5.519234e+00	-1.124892e+01
505	+4.368612e+01	-5.506865e+00	-1.112990e+01
506	+4.293352e+01	-6.656397e+00	-1.123312e+01
507	+4.348010e+01	-7.649788e+00	-1.229622e+01
508	+4.482651e+01	-7.751478e+00	-1.117531e+01
509	+4.511244e+01	-7.371470e+00	-1.059316e+01
510	+4.609743e+01	-7.578574e+00	-1.164438e+01
511	+4.756192e+01	-7.701183e+00	-1.002842e+01
512	+4.705124e+01	-7.244126e+00	-1.021973e+01
513	+4.829411e+01	-7.071990e+00	-8.601223e+00
514	+4.990491e+01	-7.385435e+00	-8.437174e+00
515	+5.060348e+01	-7.909659e+00	-7.416645e+00
516	+5.037486e+01	-7.470066e+00	-6.002499e+00
517	+5.092301e+01	-7.507711e+00	-5.997678e+00
518	+5.094670e+01	-6.391121e+00	-4.402031e+00
519	+5.215077e+01	-5.826188e+00	-3.420735e+00
520	+5.174329e+01	-7.055661e+00	-5.072488e+00
521	+5.129645e+01	-7.459931e+00	-6.661499e+00
522	+5.282628e+01	-8.091591e+00	-5.547060e+00
523	+5.370796e+01	-8.475686e+00	-5.326557e+00
524	+5.279151e+01	-8.816960e+00	-6.684781e+00
525	+5.272647e+01	-7.269480e+00	-7.700787e+00
526	+5.393102e+01	-8.489408e+00	-9.178079e+00
527	+5.393423e+01	-9.499002e+00	-8.484094e+00
528	+5.307412e+01	-8.508818e+00	-8.537632e+00
529	+5.222271e+01	-9.923621e+00	-8.468558e+00
530	+5.194477e+01	-1.162780e+01	-8.422984e+00
531	+5.157351e+01	-1.074724e+01	-7.169672e+00
532	+5.263336e+01	-9.636013e+00	-8.085439e+00
533	+5.113438e+01	-8.129122e+00	-6.443885e+00
534	+5.151351e+01	-8.920956e+00	-6.094028e+00
535	+5.145663e+01	-9.758099e+00	-6.101275e+00
536	+5.113095e+01	-8.476477e+00	-6.918448e+00
537	+5.145349e+01	-9.611260e+00	-5.707526e+00
538	+5.281589e+01	-8.196510e+00	-4.968159e+00
539	+5.406346e+01	-6.841230e+00	-5.874401e+00
540	+5.513465e+01	-8.297446e+00	-5.523656e+00
541	+5.525142e+01	-7.728050e+00	-4.574331e+00
542	+5.433438e+01	-7.121938e+00	-6.256896e+00
543	+5.339583e+01	-6.727731e+00	-5.691577e+00
544	+5.279780e+01	-6.093073e+00	-6.733144e+00
545	+5.192986e+01	-7.203432e+00	-7.204242e+00
546	+5.082156e+01	-8.568139e+00	-8.840161e+00
547	+5.201752e+01	-6.979978e+00	-8.104147e+00
548	+5.341519e+01	-5.938700e+00	-8.173897e+00
549	+5.440643e+01	-6.618423e+00	-7.232767e+00
550	+5.283071e+01	-7.687910e+00	-8.726954e+00
551	+5.329802e+01	-8.338893e+00	-9.819763e+00
552	+5.420854e+01	-1.000996e+01	-1.101602e+01
553	+5.506109e+01	-8.354675e+00	-1.153637e+01
554	+5.522323e+01	-7.472555e+00	-1.096613e+01
555	+5.539658e+01	-8.765051e+00	-1.158969e+01
556	+5.606416e+01	-8.992900e+00	-1.291884e+01
557	+5.649431e+01	-1.037224e+01	-1.173371e+01
558	+5.709680e+01	-9.176976e+00	-1.272815e+01
559	+5.755179e+01	-1.086830e+01	-1.145699e+01
560	+5.876297e+01	-1.204171e+01	-9.915088e+00
561	+5.877835e+01	-1.277700e+01	-9.418357e+00
562	+5.826477e+01	-1.319490e+01	-1.007268e+01
563	+5.955448e+01	-1.164875e+01	-9.500223e+00
564	+5.942311e+01	-1.038467e+01	-1.090962e+01
565	+6.090550e+01	-1.038946e+01	-9.315850e+00
566	+5.974301e+01	-9.365807e+00	-9.577283e+00
567	+6.143966e+01	-9.828923e+00	-1.044934e+01
568	+6.199567e+01	-1.020590e+01	-1.049721e+01
569	+6.288855e+01	-9.004217e+00	-1.173140e+01
570	+6.369806e+01	-1.014664e+01	-1.004393e+01
571	+6.328524e+01	-9.635420e+00	-1.097241e+01
572	+6.391961e+01	-9.530405e+00	-9.604823e+00
573	+6.433583e+01	-8.450022e+00	-1.096132e+01
574	+6.606719e+01	-7.888739e+00	-1.154933e+01
575	+6.588449e+01	-7.922477e+00	-1.325224e+01
576	+6.713397e+01	-6.419839e+00	-1.381525e+01
577	+6.555047e+01	-7.650911e+00	-1.233064e+01
578	+6.622214e+01	-6.097460e+00	-1.268648e+01
579	+6.693856e+01	-4.718305e+00	-1.417650e+01
580	+6.712446e+01	-5.759665e+00	-1.513315e+01
581	+6.703462e+01	-5.546157e+00	-1.570884e+01
582	+6.673272e+01	-5.003743e+00	-1.603035e+01
583	+6.705071e+01	-5.859640e+00	-1.456865e+01
584	+6.810992e+01	-6.321208e+00	-1.538424e+01
585	+6.843791e+01	-7.113899e+00	-1.516479e+01
586	+6.827455e+01	-7.359959e+00	-1.657360e+01
587	+6.659614e+01	-7.728711e+00	-1.769379e+01
588	+6.515288e+01	-6.051143e+00	-1.918985e+01
589	+6.535104e+01	-6.229134e+00	-1.867818e+01
590	+6.562482e+01	-4.734230e+00	-1.707845e+01
591	+6.706278e+01	-4.792601e+00	-1.567710e+01
592	+6.711871e+01	-4.660428e+00	-1.698969e+01
593	+6.619982e+01	-2.978090e+00	-1.635438e+01
594	+6.522699e+01	-2.339772e+00	-1.800899e+01
595	+6.472672e+01	-1.477153e+00	-1.820629e+01
596	+6.456241e+01	-2.563954e+00	-1.758941e+01
597	+6.340140e+01	-2.840819e+00	-1.712059e+01
598	+6.440694e+01	-3.253478e+00	-1.726824e+01
599	+6.612144e+01	-4.168172e+00	-1.709871e+01
600	+6.625728e+01	-4.947691e+00	-1.797083e+01
601	+6.610550e+01	-4.483459e+00	-1.963970e+01
602	+6.604168e+01	-5.034001e+00	-1.871174e+01
603	+6.746885e+01	-5.180378e+00	-1.898652e+01
604	+6.766290e+01	-6.241146e+00	-1.900722e+01
605	+6.767611e+01	-7.472673e+00	-1.763888e+01
606	+6.737798e+01	-6.414820e+00	-1.729093e+01
607	+6.882859e+01	-7.946049e+00	-1.647726e+01
608	+6.970840e+01	-8.140945e+00	-1.577366e+01
609	+6.922470e+01	-9.714343e+00	-1.505756e+01
610	+6.966436e+01	-1.140850e+01	-1.335878e+01
611	+6.969183e+01	-1.243603e+01	-1.368168e+01
612	+7.071988e+01	-1.118059e+01	-1.312239e+01
613	+6.946770e+01	-1.092711e+01	-1.214566e+01
614	+6.901237e+01	-9.647794e+00	-1.246853e+01
615	+7.006378e+01	-8.976838e+00	-1.271541e+01
616	+7.070765e+01	-9.638086e+00	-1.112035e+01
617	+7.209031e+01	-1.135607e+01	-1.276074e+01
618	+7.070014e+01	-1.042350e+01	-1.364780e+01
619	+6.937865e+01	-1.024117e+01	-1.392381e+01
620	+6.874622e+01	-9.850445e+00	-1.534450e+01
621	+6.807339e+01	-1.126416e+01	-1.576861e+01
622	+6.978169e+01	-1.079256e+01	-1.664928e+01
623	+7.013961e+01	-9.414517e+00	-1.607601e+01
624	+7.145826e+01	-9.018849e+00	-1.682405e+01
625	+7.152068e+01	-9.651079e+00	-1.672336e+01
626	+7.131389e+01	-1.084912e+01	-1.678596e+01
627	+7.188809e+01	-1.253758e+01	-1.655848e+01
628	+7.343574e+01	-1.121674e+01	-1.812793e+01
629	+7.393202e+01	-1.274233e+01	-1.935855e+01
630	+7.410970e+01	-1.213549e+01	-1.898229e+01
631	+7.351173e+01	-1.053588e+01	-1.750982e+01
632	+7.294652e+01	-1.095968e+01	-1.669722e+01
633	+7.391972e+01	-9.480143e+00	-1.830908e+01
634	+7.362802e+01	-1.066118e+01	-1.944271e+01
635	+7.524949e+01	-1.026752e+01	-2.101047e+01
636	+7.420811e+01	-1.008769e+01	-2.262401e+01
637	+7.475959e+01	-1.080129e+01	-2.309517e+01
638	+7.370057e+01	-9.835750e+00	-2.461036e+01
639	+7.305979e+01	-1.079409e+01	-2.399273e+01
640	+7.449564e+01	-1.229326e+01	-2.305834e+01
641	+7.583387e+01	-1.107426e+01	-2.134367e+01
642	+7.745630e+01	-1.268604e+01	-2.300628e+01
643	+7.715660e+01	-1.242659e+01	-2.227937e+01
644	+7.782960e+01	-1.213415e+01	-2.343955e+01
645	+7.746951e+01	-1.284310e+01	-2.457479e+01
646	+7.576900e+01	-1.380964e+01	-2.444638e+01
647	+7.518998e+01	-1.482021e+01	-2.345779e+01
648	+7.355058e+01	-1.458073e+01	-2.310773e+01
649	+7.236244e+01	-1.590174e+01	-2.351329e+01
650	+7.084841e+01	-1.621964e+01	-2.237926e+01
651	+7.159524e+01	-1.718039e+01	-2.262666e+01
652	+7.109456e+01	-1.809929e+01	-2.277527e+01
653	+7.009515e+01	-1.740775e+01	-2.156876e+01
654	+7.112689e+01	-1.835911e+01	-2.073405e+01
655	+7.275790e+01	-1.956693e+01	-2.010874e+01
656	+7.371357e+01	-2.052302e+01	-1.873067e+01
657	+7.407219e+01	-2.180180e+01	-1.869107e+01
658	+7.394814e+01	-2.264567e+01	-2.021921e+01
659	+7.566479e+01	-2.380255e+01	-1.855457e+01
660	+7.643816e+01	-2.540410e+01	-1.903072e+01
661	+7.613662e+01	-2.498199e+01	-1.763777e+01
662	+7.604713e+01	-2.364539e+01	-1.890765e+01
663	+7.473057e+01	-2.377710e+01	-1.762238e+01
664	+7.307416e+01	-2.499873e+01	-1.909616e+01
665	+7.314263e+01	-2.600490e+01	-2.076193e+01
666	+7.218880e+01	-2.549304e+01	-2.204493e+01
667	+7.187842e+01	-2.450472e+01	-2.322721e+01
668	+7.236266e+01	-2.592307e+01	-2.325882e+01
669	+7.284541e+01	-2.700695e+01	-2.313050e+01
670	+7.257063e+01	-2.800837e+01	-2.326948e+01
671	+7.157766e+01	-2.892506e+01	-2.424636e+01
672	+7.214730e+01	-3.033797e+01	-2.506836e+01
673	+7.310106e+01	-3.107676e+01	-2.440069e+01
674	+7.171675e+01	-2.973531e+01	-2.471531e+01
675	+7.213127e+01	-3.022368e+01	-2.338246e+01
676	+7.204632e+01	-3.147762e+01	-2.225619e+01
677	+7.164714e+01	-3.094317e+01	-2.345841e+01
678	+7.278151e+01	-3.189455e+01	-2.371588e+01
679	+7.245675e+01	-3.305555e+01	-2.285885e+01
680	+7.309265e+01	-3.393932e+01	-2.407160e+01
681	+7.141453e+01	-3.239118e+01	-2.296439e+01
682	+7.062636e+01	-3.148829e+01	-2.351629e+01
683	+7.078967e+01	-3.098426e+01	-2.212731e+01
684	+7.229683e+01	-3.093597e+01	-2.108111e+01
685	+7.369350e+01	-3.228047e+01	-2.018946e+01
686	+7.517610e+01	-3.340563e+01	-1.981749e+01
687	+7.675704e+01	-3.449556e+01	-2.027847e+01
688	+7.576223e+01	-3.423810e+01	-2.141380e+01
689	+7.532138e+01	-3.528547e+01	-2.182065e+01
690	+7.578099e+01	-3.360981e+01	-2.020565e+01
691	+7.458079e+01	-3.381122e+01	-2.091291e+01
692	+7.396804e+01	-3.503735e+01	-2.122005e+01
693	+7.543131e+01	-3.410308e+01	-2.142585e+01
694	+7.426211e+01	-3.294063e+01	-2.246712e+01
695	+7.512130e+01	-3.165949e+01	-2.131279e+01
696	+7.381383e+01	-3.106061e+01	-2.281807e+01
697	+7.390590e+01	-3.105047e+01	-2.240152e+01
698	+7.387150e+01	-3.031851e+01	-2.238537e+01
699	+7.313709e+01	-3.007277e+01	-2.191879e+01
700	+7.472270e+01	-2.982471e+01	-2.027193e+01
701	+7.343051e+01	-3.023088e+01	-2.043105e+01
702	+7.388810e+01	-2.947237e+01	-1.988048e+01
703	+7.276770e+01	-3.116468e+01	-1.943718e+01
704	+7.192592e+01	-3.135095e+01	-1.936840e+01
705	+7.030463e+01	-3.053593e+01	-2.011911e+01
706	+7.159689e+01	-3.207147e+01	-2.027756e+01
707	+7.032674e+01	-3.071455e+01	-1.914621e+01
708	+6.928936e+01	-3.158111e+01	-1.917167e+01
709	+6.841014e+01	-3.218705e+01	-1.774980e+01
710	+6.930677e+01	-3.176194e+01	-1.689419e+01
711	+6.923359e+01	-3.018550e+01	-1.842478e+01
712	+6.960689e+01	-3.013310e+01	-1.793148e+01
713	+7.048704e+01	-2.911616e+01	-1.857523e+01
714	+7.096171e+01	-3.081195e+01	-1.689336e+01
715	+7.026614e+01	-3.152874e+01	-1.840709e+01
716	+6.963224e+01	-3.191968e+01	-1.885017e+01
717	+7.068202e+01	-3.267614e+01	-1.818087e+01
718	+7.184873e+01	-3.288254e+01	-1.691017e+01
719	+7.031342e+01	-3.430679e+01	-1.553426e+01
720	+6.966543e+01	-3.328090e+01	-1.690039e+01
721	+6.799555e+01	-3.261349e+01	-1.629931e+01
722	+6.745253e+01	-3.112807e+01	-1.750103e+01
723	+6.659221e+01	-3.211845e+01	-1.849888e+01
724	+6.519892e+01	-3.379632e+01	-2.006999e+01
725	+6.396301e+01	-3.398698e+01	-1.892752e+01
726	+6.274874e+01	-3.401976e+01	-1.729040e+01
727	+6.239049e+01	-3.410390e+01	-1.823259e+01
728	+6.220185e+01	-3.436652e+01	-1.906855e+01
729	+6.286020e+01	-3.277363e+01	-1.864767e+01
730	+6.233175e+01	-3.142408e+01	-1.800101e+01
731	+6.231428e+01	-3.303413e+01	-1.646981e+01
732	+6.354711e+01	-3.412896e+01	-1.705350e+01
733	+6.275272e+01	-3.415830e+01	-1.760363e+01
734	+6.287693e+01	-3.315802e+01	-1.704034e+01
735	+6.404284e+01	-3.180977e+01	-1.586989e+01
736	+6.265542e+01	-3.018241e+01	-1.728925e+01
737	+6.391331e+01	-3.132759e+01	-1.575191e+01
738	+6.470990e+01	-3.069791e+01	-1.464025e+01
739	+6.555127e+01	-2.998507e+01	-1.433730e+01
740	+6.405498e+01	-2.883961e+01	-1.434455e+01
741	+6.324846e+01	-2.894855e+01	-1.457847e+01
742	+6.399339e+01	-2.823191e+01	-1.499306e+01
743	+6.461178e+01	-2.814838e+01	-1.483091e+01
744	+6.389747e+01	-2.715099e+01	-1.390921e+01
745	+6.255941e+01	-2.745007e+01	-1.430266e+01
746	+6.293839e+01	-2.915124e+01	-1.328572e+01
747	+6.200806e+01	-3.014795e+01	-1.382992e+01
748	+6.218368e+01	-3.112855e+01	-1.265433e+01
749	+6.276575e+01	-3.269515e+01	-1.148996e+01
750	+6.215656e+01	-3.331286e+01	-1.001676e+01
751	+6.380206e+01	-3.374532e+01	-1.096056e+01
752	+6.448535e+01	-3.439375e+01	-1.090862e+01
753	+6.428942e+01	-3.459636e+01	-9.414408e+00
754	+6.260095e+01	-3.409773e+01	-1.018067e+01
755	+6.202688e+01	-3.253961e+01	-9.139086e+00
756	+6.255140e+01	-3.186829e+01	-1.067493e+01
757	+6.118167e+01	-3.222781e+01	-1.185516e+01
758	+6.114367e+01	-3.236225e+01	-1.108340e+01
759	+6.203057e+01	-3.160005e+01	-9.369566e+00
760	+6.073389e+01	-3.269479e+01	-7.952433e+00
761	+6.246544e+01	-3.407672e+01	-7.927836e+00
762	+6.357857e+01	-3.312867e+01	-9.214174e+00
763	+6.442442e+01	-3.231166e+01	-1.056786e+01
764	+6.441424e+01	-3.378959e+01	-1.218791e+01
765	+6.547576e+01	-3.490803e+01	-1.315687e+01
766	+6.661929e+01	-3.662816e+01	-1.309757e+01
767	+6.655652e+01	-3.730805e+01	-1.446828e+01
768	+6.545997e+01	-3.815867e+01	-1.595276e+01
769	+6.547043e+01	-3.783581e+01	-1.670054e+01
770	+6.507134e+01	-3.743341e+01	-1.714589e+01
771	+6.569604e+01	-3.881408e+01	-1.838581e+01
772	+6.696821e+01	-3.722298e+01	-1.823140e+01
773	+6.586661e+01	-3.575050e+01	-1.793010e+01
774	+6.450595e+01	-3.618406e+01	-1.849288e+01
775	+6.321887e+01	-3.548653e+01	-1.845302e+01
776	+6.255351e+01	-3.448023e+01	-1.999746e+01
777	+6.419983e+01	-3.314800e+01	-1.877116e+01
778	+6.306204e+01	-3.286277e+01	-1.891296e+01
779	+6.434910e+01	-3.248810e+01	-2.057361e+01
780	+6.524781e+01	-3.396552e+01	-2.174988e+01
781	+6.582402e+01	-3.486630e+01	-2.053309e+01
782	+6.488242e+01	-3.510812e+01	-1.970194e+01
783	+6.495877e+01	-3.360173e+01	-1.870830e+01
784	+6.611045e+01	-3.351611e+01	-1.851780e+01
785	+6.745937e+01	-3.373016e+01	-1.909012e+01
786	+6.690848e+01	-3.273964e+01	-1.989063e+01
787	+6.673048e+01	-3.352397e+01	-2.116540e+01
788	+6.561401e+01	-3.217512e+01	-1.956908e+01
789	+6.505278e+01	-3.074222e+01	-1.926258e+01
790	+6.361540e+01	-2.909422e+01	-1.944073e+01
791	+6.308543e+01	-2.827356e+01	-2.053541e+01
792	+6.311518e+01	-2.768161e+01	-2.127043e+01
793	+6.211273e+01	-2.872932e+01	-2.029364e+01
794	+6.154754e+01	-2.844761e+01	-2.082610e+01
795	+6.105372e+01	-2.762159e+01	-2.108648e+01
796	+5.970798e+01	-2.675117e+01	-1.977534e+01
797	+5.958378e+01	-2.765246e+01	-1.991456e+01
798	+6.006732e+01	-2.897085e+01	-1.952042e+01
799	+6.058344e+01	-2.761623e+01	-2.093320e+01
800	+5.962009e+01	-2.744758e+01	-2.029302e+01
801	+5.792608e+01	-2.742093e+01	-2.128132e+01
802	+5.809425e+01	-2.905324e+01	-2.188915e+01
803	+5.800779e+01	-2.877583e+01	-2.275224e+01
804	+5.653380e+01	-3.009013e+01	-2.351511e+01
805	+5.526797e+01	-3.055644e+01	-2.345305e+01
806	+5.650369e+01	-3.090588e+01	-2.185824e+01
807	+5.702056e+01	-2.975557e+01	-2.051526e+01
808	+5.667074e+01	-3.113913e+01	-2.158060e+01
809	+5.626923e+01	-3.158044e+01	-2.299519e+01
810	+5.712274e+01	-3.071318e+01	-2.341678e+01
811	+5.634718e+01	-3.187197e+01	-2.393662e+01
812	+5.788872e+01	-3.136788e+01	-2.224814e+01
813	+5.785092e+01	-3.096695e+01	-2.234328e+01
814	+5.778264e+01	-3.183286e+01	-2.362283e+01
815	+5.699548e+01	-3.299538e+01	-2.422740e+01
816	+5.815325e+01	-3.365228e+01	-2.518035e+01
817	+5.738569e+01	-3.492621e+01	-2.625741e+01
818	+5.696112e+01	-3.476640e+01	-2.468661e+01
819	+5.750314e+01	-3.426164e+01	-2.382563e+01
820	+5.643399e+01	-3.460753e+01	-2.476581e+01
821	+5.723761e+01	-3.540123e+01	-2.489442e+01
822	+5.640294e+01	-3.427098e+01	-2.481882e+01
823	+5.804542e+01	-3.271695e+01	-2.627040e+01
824	+5.757746e+01	-3.322259e+01	-2.502954e+01
825	+5.793574e+01	-3.392741e+01	-2.487179e+01
826	+5.934537e+01	-3.429933e+01	-2.357824e+01
827	+5.890205e+01	-3.561678e+01	-2.406979e+01
828	+6.019733e+01	-3.429186e+01	-2.234884e+01
829	+5.901750e+01	-3.504743e+01	-2.142359e+01
830	+5.750935e+01	-3.508199e+01	-2.008896e+01
831	+5.653151e+01	-3.502315e+01	-1.882038e+01
832	+5.824098e+01	-3.596023e+01	-1.851160e+01
833	+5.838554e+01	-3.459090e+01	-1.870892e+01
834	+5.737254e+01	-3.618857e+01	-1.958563e+01
835	+5.736786e+01	-3.569873e+01	-1.812829e+01
836	+5.596359e+01	-3.674807e+01	-1.972195e+01
837	+5.700619e+01	-3.536742e+01	-1.848473e+01
838	+5.664054e+01	-3.563526e+01	-1.714351e+01
839	+5.608350e+01	-3.664108e+01	-1.644547e+01
840	+5.674645e+01	-3.622787e+01	-1.492299e+01
841	+5.648098e+01	-3.694136e+01	-1.563505e+01
842	+5.660374e+01	-3.744677e+01	-1.599478e+01
843	+5.611138e+01	-3.707091e+01	-1.546471e+01
844	+5.719177e+01	-3.783432e+01	-1.674813e+01
845	+5.891386e+01	-3.911817e+01	-1.751654e+01
846	+5.726218e+01	-3.808519e+01	-1.669941e+01
847	+5.717824e+01	-3.714793e+01	-1.696073e+01
848	+5.623356e+01	-3.595672e+01	-1.743189e+01
849	+5.721977e+01	-3.427589e+01	-1.639423e+01
850	+5.855582e+01	-3.300957e+01	-1.713188e+01
851	+5.851246e+01	-3.421085e+01	-1.717462e+01
852	+5.731406e+01	-3.579053e+01	-1.742950e+01
853	+5.661171e+01	-3.622732e+01	-1.570828e+01
854	+5.507348e+01	-3.523104e+01	-1.448991e+01
855	+5.614248e+01	-3.623286e+01	-1.496097e+01
856	+5.765516e+01	-3.464289e+01	-1.386945e+01
857	+5.711855e+01	-3.501505e+01	-1.276287e+01
858	+5.710237e+01	-3.485590e+01	-1.215779e+01
859	+5.697614e+01	-3.499901e+01	-1.318864e+01
860	+5.714856e+01	-3.343428e+01	-1.270449e+01
861	+5.704602e+01	-3.358937e+01	-1.401382e+01
862	+5.650411e+01	-3.415445e+01	-1.437257e+01
863	+5.654009e+01	-3.335057e+01	-1.509046e+01
864	+5.617186e+01	-3.390275e+01	-1.532318e+01
865	+5.647822e+01	-3.486020e+01	-1.671076e+01
866	+5.804545e+01	-3.352389e+01	-1.713677e+01
867	+5.874356e+01	-3.371876e+01	-1.553128e+01
868	+5.751916e+01	-3.297467e+01	-1.631976e+01
869	+5.638231e+01	-3.250074e+01	-1.717563e+01
870	+5.516388e+01	-3.362115e+01	-1.790603e+01
871	+5.528266e+01	-3.255141e+01	-1.856939e+01
872	+5.514289e+01	-3.260335e+01	-1.974753e+01
873	+5.491551e+01	-3.305089e+01	-2.063059e+01
874	+5.589312e+01	-3.272300e+01	-1.973086e+01
875	+5.686056e+01	-3.099450e+01	-1.838828e+01
876	+5.551281e+01	-3.047811e+01	-1.816159e+01
877	+5.690890e+01	-3.209556e+01	-1.934776e+01
878	+5.549726e+01	-3.077150e+01	-2.068666e+01
879	+5.624885e+01	-2.990360e+01	-2.184654e+01
880	+5.508088e+01	-3.084306e+01	-2.137867e+01
881	+5.378472e+01	-2.981451e+01	-2.233428e+01
882	+5.382222e+01	-2.830660e+01	-2.181041e+01
883	+5.324641e+01	-2.687082e+01	-2.301850e+01
884	+5.322848e+01	-2.654513e+01	-2.201525e+01
885	+5.268007e+01	-2.787184e+01	-2.366825e+01
886	+5.367889e+01	-2.957392e+01	-2.516371e+01
887	+5.402399e+01	-3.127647e+01	-2.413020e+01
888	+5.338540e+01	-3.243668e+01	-2.417390e+01
889	+5.492700e+01	-3.332749e+01	-2.545833e+01
890	+5.338696e+01	-3.265622e+01	-2.540616e+01
891	+5.229729e+01	-3.155886e+01	-2.387722e+01
892	+5.199056e+01	-3.222001e+01	-2.461870e+01
893	+5.337589e+01	-3.121241e+01	-2.582369e+01
894	+5.208801e+01	-3.166673e+01	-2.468200e+01
895	+5.345615e+01	-3.287218e+01	-2.519616e+01
896	+5.412555e+01	-3.218953e+01	-2.642957e+01
897	+5.481272e+01	-3.056527e+01	-2.472719e+01
898	+5.605091e+01	-3.182901e+01	-2.375463e+01
899	+5.445953e+01	-3.069363e+01	-2.496009e+01
900	+5.374436e+01	-2.950600e+01	-2.623262e+01
901	+5.372752e+01	-2.875253e+01	-2.548902e+01
902	+5.206089e+01	-2.902904e+01	-2.418559e+01
903	+5.256765e+01	-2.792242e+01	-2.273991e+01
904	+5.425017e+01	-2.643548e+01	-2.284002e+01
905	+5.281179e+01	-2.788806e+01	-2.427803e+01
906	+5.267801e+01	-2.621970e+01	-2.331189e+01
907	+5.410748e+01	-2.700752e+01	-2.439688e+01
908	+5.238481e+01	-2.683034e+01	-2.437375e+01
909	+5.407587e+01	-2.748879e+01	-2.274695e+01
910	+5.359552e+01	-2.764280e+01	-2.279699e+01
911	+5.476352e+01	-2.920849e+01	-2.294321e+01
912	+5.508455e+01	-2.938694e+01	-2.122352e+01
913	+5.362058e+01	-3.007604e+01	-2.155305e+01
914	+5.274368e+01	-3.013851e+01	-2.072678e+01
915	+5.200221e+01	-2.980267e+01	-2.064650e+01
916	+5.208946e+01	-3.078049e+01	-1.988408e+01
917	+5.228247e+01	-2.923657e+01	-2.055421e+01
918	+5.165492e+01	-2.793201e+01	-2.150477e+01
919	+5.170682e+01	-2.896079e+01	-1.989441e+01
920	+5.223976e+01	-2.724883e+01	-2.126663e+01
921	+5.158066e+01	-2.784758e+01	-2.008955e+01
922	+5.242851e+01	-2.951361e+01	-1.909681e+01
923	+5.078155e+01	-2.880193e+01	-1.792787e+01
924	+5.224918e+01	-3.020544e+01	-1.778568e+01
925	+5.198101e+01	-2.982239e+01	-1.796185e+01
926	+5.154075e+01	-3.069285e+01	-1.843186e+01
927	+5.116666e+01	-3.150965e+01	-1.719227e+01
928	+5.117784e+01	-3.304689e+01	-1.733474e+01
929	+5.000423e+01	-3.422842e+01	-1.564712e+01
930	+4.969648e+01	-3.450886e+01	-1.447194e+01
931	+4.830598e+01	-3.553660e+01	-1.456201e+01
932	+4.698281e+01	-3.502788e+01	-1.366914e+01
933	+4.829636e+01	-3.578267e+01	-1.445158e+01
934	+4.775554e+01	-3.715370e+01	-1.558580e+01
935	+4.734089e+01	-3.721817e+01	-1.420464e+01
936	+4.906443e+01	-3.696388e+01	-1.592510e+01
937	+5.005026e+01	-3.868936e+01	-1.561744e+01
938	+5.141424e+01	-3.975685e+01	-1.494537e+01
939	+5.095206e+01	-3.971014e+01	-1.365715e+01
940	+5.247682e+01	-4.028675e+01	-1.534970e+01
941	+5.197492e+01	-3.876583e+01	-1.399065e+01
942	+5.179651e+01	-3.852189e+01	-1.354677e+01
943	+5.215537e+01	-3.892063e+01	-1.343622e+01
944	+5.354320e+01	-4.019294e+01	-1.460695e+01
945	+5.427065e+01	-4.008726e+01	-1.572179e+01
946	+5.498068e+01	-4.064718e+01	-1.565633e+01
947	+5.640289e+01	-4.047985e+01	-1.657679e+01
948	+5.726405e+01	-3.902536e+01	-1.584943e+01
949	+5.729087e+01	-4.031858e+01	-1.436227e+01
950	+5.757115e+01	-3.909364e+01	-1.427835e+01
951	+5.622108e+01	-3.795284e+01	-1.419453e+01
952	+5.693418e+01	-3.833055e+01	-1.446345e+01
953	+5.830277e+01	-3.849564e+01	-1.361485e+01
954	+5.939525e+01	-3.984190e+01	-1.433576e+01
955	+6.034262e+01	-3.969435e+01	-1.522459e+01
956	+6.103036e+01	-3.954878e+01	-1.577979e+01
957	+6.212947e+01	-3.947788e+01	-1.637994e+01
958	+6.156316e+01	-3.979844e+01	-1.654617e+01
959	+6.255314e+01	-4.097706e+01	-1.795140e+01
960	+6.410358e+01	-3.974670e+01	-1.902852e+01
961	+6.296060e+01	-3.996994e+01	-2.066449e+01
962	+6.468397e+01	-4.096943e+01	-2.042673e+01
963	+6.431895e+01	-3.993101e+01	-1.875266e+01
964	+6.446044e+01	-4.132879e+01	-1.800775e+01
965	+6.292063e+01	-3.990091e+01	-1.813529e+01
966	+6.413333e+01	-4.074525e+01	-1.792358e+01
967	+6.528006e+01	-3.998398e+01	-1.834102e+01
968	+6.420732e+01	-3.940457e+01	-1.739556e+01
969	+6.576452e+01	-3.922286e+01	-1.758818e+01
970	+6.675864e+01	-3.978287e+01	-1.845240e+01
971	+6.703159e+01	-3.989615e+01	-1.866981e+01
972	+6.727759e+01	-4.007062e+01	-1.815269e+01
973	+6.629024e+01	-4.009560e+01	-1.654525e+01
974	+6.556167e+01	-4.034295e+01	-1.687295e+01
975	+6.603003e+01	-3.941183e+01	-1.830784e+01
976	+6.599840e+01	-3.892398e+01	-1.813485e+01
977	+6.720801e+01	-3.909069e+01	-1.756628e+01
978	+6.784042e+01	-3.805397e+01	-1.656878e+01
979	+6.773264e+01	-3.964489e+01	-1.492249e+01
980	+6.622419e+01	-3.968170e+01	-1.599337e+01
981	+6.466449e+01	-4.063443e+01	-1.690760e+01
982	+6.583449e+01	-3.964265e+01	-1.672209e+01
983	+6.731417e+01	-3.983466e+01	-1.666734e+01
984	+6.628678e+01	-3.985446e+01	-1.589794e+01
985	+6.613455e+01	-3.985000e+01	-1.620712e+01
986	+6.675811e+01	-4.157010e+01	-1.625906e+01
987	+6.751670e+01	-4.296567e+01	-1.751873e+01
988	+6.654725e+01	-4.414592e+01	-1.596566e+01
989	+6.580110e+01	-4.419214e+01	-1.589611e+01
990	+6.475496e+01	-4.347776e+01	-1.421736e+01
991	+6.558253e+01	-4.281448e+01	-1.299166e+01
992	+6.572921e+01	-4.449654e+01	-1.220824e+01
993	+6.730548e+01	-4.575520e+01	-1.301078e+01
994	+6.705484e+01	-4.700334e+01	-1.380091e+01
995	+6.839301e+01	-4.603551e+01	-1.293865e+01
996	+6.764858e+01	-4.663580e+01	-1.423082e+01
997	+6.869480e+01	-4.828998e+01	-1.558972e+01
998	+6.728914e+01	-4.971367e+01	-1.524916e+01
999	+6.887555e+01	-5.116406e+01	-1.482675e+01
1000	+6.828426e+01	-5.023337e+01	-1.597422e+01

