0  0.000000e+00  0.000000e+00  0.000000e+00

1	-6.727017e-01	+8.104398e-01	-1.158978e+00
2	-1.077532e-01	+1.795631e+00	-2.641418e+00
3	+1.399677e+00	+8.374243e-02	-2.302189e+00
4	+2.828712e+00	-6.112300e-01	-3.055942e+00
5	+2.239406e+00	-2.008717e+00	-2.050350e+00
6	+3.682277e+00	-2.037593e+00	-3.598254e+00
7	+3.478075e+00	-2.329545e+00	-4.282326e+00
8	+2.274154e+00	-8.822645e-01	-4.371857e+00
9	+1.010087e+00	-1.940422e+00	-6.096276e+00
10	+1.977021e+00	-1.384863e+00	-6.760396e+00
11	+1.152350e+00	-8.262883e-01	-7.292012e+00
12	+2.385111e+00	-1.928533e+00	-8.924523e+00
13	+1.615086e+00	-2.894265e+00	-9.877851e+00
14	+1.773706e+00	-1.819464e+00	-8.754788e+00
15	+9.865048e-01	-3.886752e-01	-8.969871e+00
16	+1.899230e+00	+7.448539e-01	-7.670744e+00
17	+9.398541e-01	-9.071074e-01	-6.677172e+00
18	+1.861201e-01	-2.243387e+00	-5.791734e+00
19	+1.070743e+00	-3.731818e+00	-5.725510e+00
20	+3.978067e-01	-2.826699e+00	-6.232686e+00
21	-4.178743e-01	-4.222588e+00	-7.232683e+00
22	-1.161993e+00	-2.688080e+00	-7.407644e+00
23	-1.235996e+00	-1.798901e+00	-9.061371e+00
24	-4.649637e-01	-8.393587e-02	-1.028635e+01
25	+9.691080e-02	+6.817239e-01	-1.122080e+01
26	+1.582606e+00	-6.749902e-01	-1.258283e+01
27	+2.570153e+00	-1.844243e+00	-1.148654e+01
28	+1.276671e+00	-1.201270e+00	-1.196843e+01
29	+2.999627e+00	-1.238425e+00	-1.315922e+01
30	+3.188880e+00	-1.638593e+00	-1.188892e+01
31	+4.541787e+00	-3.193774e+00	-1.226026e+01
32	+4.884973e+00	-3.276325e+00	-1.246397e+01
33	+3.211584e+00	-3.023072e+00	-1.103983e+01
34	+2.439097e+00	-3.634428e+00	-1.131419e+01
35	+2.282455e+00	-2.281829e+00	-1.293634e+01
36	+2.707040e+00	-1.713330e+00	-1.309025e+01
37	+3.596957e+00	-1.844002e+00	-1.209487e+01
38	+3.062606e+00	-3.241877e+00	-1.315759e+01
39	+3.170227e+00	-3.486200e+00	-1.156845e+01
40	+1.645608e+00	-5.124877e+00	-1.218572e+01
41	+2.455817e+00	-4.230296e+00	-1.066432e+01
42	+4.161826e+00	-2.640097e+00	-1.070325e+01
43	+4.336771e+00	-4.116270e+00	-1.008929e+01
44	+3.975828e+00	-5.116913e+00	-8.894051e+00
45	+3.593114e+00	-6.735044e+00	-9.792942e+00
46	+2.374419e+00	-7.512111e+00	-9.324634e+00
47	+2.841464e+00	-7.657197e+00	-8.814663e+00
48	+3.581844e+00	-8.365103e+00	-9.376749e+00
49	+3.941367e+00	-8.170950e+00	-8.042888e+00
50	+3.996067e+00	-7.102478e+00	-9.509008e+00
51	+3.662396e+00	-6.802687e+00	-8.939250e+00
52	+3.700662e+00	-6.314765e+00	-8.227984e+00
53	+5.321599e+00	-7.037925e+00	-8.700963e+00
54	+6.407888e+00	-8.452811e+00	-9.907340e+00
55	+6.357271e+00	-8.006886e+00	-9.177724e+00
56	+7.505401e+00	-9.302117e+00	-9.317263e+00
57	+5.966216e+00	-9.636785e+00	-7.758939e+00
58	+6.037798e+00	-1.054812e+01	-8.879098e+00
59	+4.792793e+00	-9.507103e+00	-8.336362e+00
60	+5.334163e+00	-8.231272e+00	-9.115376e+00
61	+4.491483e+00	-8.951407e+00	-7.952739e+00
62	+5.230864e+00	-7.407331e+00	-7.191033e+00
63	+3.663254e+00	-9.115938e+00	-8.424134e+00
64	+2.398676e+00	-1.068720e+01	-7.940929e+00
65	+3.653427e+00	-1.234924e+01	-7.512950e+00
66	+1.931582e+00	-1.407991e+01	-9.015707e+00
67	+9.089747e-01	-1.256460e+01	-8.000815e+00
68	-4.354247e-01	-1.298888e+01	-8.145674e+00
69	-1.422855e+00	-1.179438e+01	-9.357383e+00
70	-7.539411e-01	-1.295100e+01	-8.236211e+00
71	-2.220271e-02	-1.182270e+01	-7.101834e+00
72	+1.117880e+00	-1.185389e+01	-7.737265e+00
73	+1.035897e+00	-1.269006e+01	-6.184533e+00
74	+2.660396e+00	-1.268125e+01	-7.509489e+00
75	+2.825754e+00	-1.116743e+01	-7.835752e+00
76	+2.588040e+00	-1.249521e+01	-7.659526e+00
77	+1.566322e+00	-1.206619e+01	-9.238782e+00
78	+2.216759e+00	-1.292440e+01	-9.105088e+00
79	+1.856859e+00	-1.375496e+01	-8.307027e+00
80	+1.858468e+00	-1.245244e+01	-8.432557e+00
81	+2.568324e+00	-1.164650e+01	-6.821991e+00
82	+2.711075e+00	-1.307451e+01	-5.441791e+00
83	+2.661346e+00	-1.262945e+01	-6.758769e+00
84	+3.686575e+00	-1.410610e+01	-6.875671e+00
85	+3.205600e+00	-1.311904e+01	-6.545813e+00
86	+3.032010e+00	-1.195219e+01	-7.245674e+00
87	+4.022361e+00	-1.274064e+01	-8.704365e+00
88	+3.766572e+00	-1.338761e+01	-7.829737e+00
89	+4.647485e+00	-1.283992e+01	-6.173875e+00
90	+5.918045e+00	-1.348914e+01	-7.256730e+00
91	+7.361809e+00	-1.388111e+01	-7.842888e+00
92	+5.749297e+00	-1.259162e+01	-8.535542e+00
93	+6.422334e+00	-1.258142e+01	-7.030911e+00
94	+6.903183e+00	-1.286105e+01	-8.374837e+00
95	+7.198322e+00	-1.180596e+01	-9.090108e+00
96	+6.242216e+00	-1.178445e+01	-8.650702e+00
97	+7.472391e+00	-1.118658e+01	-7.193041e+00
98	+7.470838e+00	-1.005636e+01	-8.695309e+00
99	+7.066296e+00	-1.154747e+01	-8.634508e+00
100	+6.360781e+00	-1.013020e+01	-9.410655e+00
101	+8.033490e+00	-9.964856e+00	-9.964834e+00
102	+8.186347e+00	-9.399387e+00	-9.393473e+00
103	+7.836764e+00	-8.734558e+00	-8.507569e+00
104	+8.289804e+00	-9.687885e+00	-8.499307e+00
105	+8.950916e+00	-8.940459e+00	-9.022268e+00
106	+1.044985e+01	-8.857201e+00	-9.826045e+00
107	+9.913958e+00	-7.601054e+00	-1.108269e+01
108	+9.328239e+00	-8.194815e+00	-1.274895e+01
109	+8.668941e+00	-9.290610e+00	-1.309630e+01
110	+1.023994e+01	-8.844981e+00	-1.366564e+01
111	+9.004693e+00	-8.900650e+00	-1.519862e+01
112	+9.079582e+00	-8.204403e+00	-1.363746e+01
113	+9.822335e+00	-8.801152e+00	-1.389427e+01
114	+1.045019e+01	-1.049202e+01	-1.411387e+01
115	+8.767280e+00	-9.740792e+00	-1.239510e+01
116	+7.945931e+00	-9.753496e+00	-1.157879e+01
117	+7.128613e+00	-1.039207e+01	-1.009003e+01
118	+5.859555e+00	-9.589097e+00	-9.117920e+00
119	+6.874604e+00	-8.198320e+00	-9.725309e+00
120	+5.407688e+00	-8.792429e+00	-9.394987e+00
121	+4.166687e+00	-7.161254e+00	-8.728123e+00
122	+5.056450e+00	-8.401537e+00	-7.306146e+00
123	+3.876667e+00	-9.006797e+00	-5.664584e+00
124	+4.410392e+00	-8.663565e+00	-6.607852e+00
125	+3.817887e+00	-7.239051e+00	-6.786306e+00
126	+4.060028e+00	-7.260777e+00	-7.565728e+00
127	+4.987289e+00	-5.840319e+00	-7.601971e+00
128	+4.168548e+00	-6.939756e+00	-7.503998e+00
129	+5.757389e+00	-7.992481e+00	-7.699830e+00
130	+5.890498e+00	-8.197613e+00	-9.246297e+00
131	+5.798368e+00	-9.645517e+00	-8.183028e+00
132	+5.854378e+00	-9.470269e+00	-7.370085e+00
133	+6.952815e+00	-1.015122e+01	-8.430234e+00
134	+5.239555e+00	-1.102682e+01	-8.299852e+00
135	+4.695944e+00	-1.149880e+01	-9.992348e+00
136	+4.832505e+00	-1.286929e+01	-1.049161e+01
137	+5.418411e+00	-1.231816e+01	-1.172815e+01
138	+6.878932e+00	-1.176387e+01	-1.328046e+01
139	+6.301475e+00	-1.290208e+01	-1.393169e+01
140	+7.267921e+00	-1.278301e+01	-1.432858e+01
141	+8.685272e+00	-1.443467e+01	-1.270995e+01
142	+8.461263e+00	-1.295438e+01	-1.353271e+01
143	+7.264015e+00	-1.168254e+01	-1.347729e+01
144	+8.534904e+00	-1.197995e+01	-1.345396e+01
145	+9.396450e+00	-1.320794e+01	-1.334340e+01
146	+8.458466e+00	-1.344977e+01	-1.352993e+01
147	+7.259277e+00	-1.219540e+01	-1.199098e+01
148	+7.356770e+00	-1.303763e+01	-1.183659e+01
149	+8.669865e+00	-1.365251e+01	-1.195409e+01
150	+7.089723e+00	-1.237981e+01	-1.353228e+01
151	+5.824151e+00	-1.094951e+01	-1.479202e+01
152	+6.937667e+00	-1.013482e+01	-1.593349e+01
153	+8.133561e+00	-8.797601e+00	-1.462305e+01
154	+8.763250e+00	-1.020800e+01	-1.463125e+01
155	+1.039190e+01	-1.115371e+01	-1.308076e+01
156	+9.023027e+00	-1.177206e+01	-1.286272e+01
157	+8.909588e+00	-1.166489e+01	-1.372419e+01
158	+9.341323e+00	-1.282434e+01	-1.260780e+01
159	+7.949739e+00	-1.288277e+01	-1.088914e+01
160	+8.614697e+00	-1.144149e+01	-1.194243e+01
161	+9.282044e+00	-1.132680e+01	-1.288669e+01
162	+8.463263e+00	-1.228050e+01	-1.192388e+01
163	+8.223147e+00	-1.098455e+01	-1.172586e+01
164	+9.634073e+00	-1.249247e+01	-1.212827e+01
165	+9.921198e+00	-1.131775e+01	-1.365204e+01
166	+1.094207e+01	-1.073362e+01	-1.411860e+01
167	+1.143301e+01	-1.194144e+01	-1.489222e+01
168	+1.001475e+01	-1.144346e+01	-1.505330e+01
169	+9.910016e+00	-1.237589e+01	-1.506547e+01
170	+1.017010e+01	-1.358899e+01	-1.632487e+01
171	+8.482642e+00	-1.235580e+01	-1.541489e+01
172	+8.306709e+00	-1.159489e+01	-1.673971e+01
173	+6.848413e+00	-1.325646e+01	-1.554670e+01
174	+6.161921e+00	-1.167058e+01	-1.485003e+01
175	+4.739700e+00	-1.240361e+01	-1.431707e+01
176	+5.297046e+00	-1.401372e+01	-1.410193e+01
177	+6.843047e+00	-1.492339e+01	-1.289332e+01
178	+7.653994e+00	-1.366932e+01	-1.313514e+01
179	+5.932385e+00	-1.288084e+01	-1.475507e+01
180	+7.370559e+00	-1.152541e+01	-1.621952e+01
181	+6.512904e+00	-9.826029e+00	-1.562366e+01
182	+8.013103e+00	-8.515651e+00	-1.484792e+01
183	+9.268117e+00	-9.335594e+00	-1.457149e+01
184	+7.594790e+00	-1.007895e+01	-1.458764e+01
185	+6.599801e+00	-9.880763e+00	-1.298581e+01
186	+6.892206e+00	-1.075069e+01	-1.436614e+01
187	+7.246132e+00	-9.909418e+00	-1.563753e+01
188	+5.882433e+00	-1.150895e+01	-1.436636e+01
189	+7.511209e+00	-9.907143e+00	-1.443170e+01
190	+9.101468e+00	-1.098176e+01	-1.432002e+01
191	+1.044825e+01	-1.086689e+01	-1.287856e+01
192	+8.921696e+00	-1.144256e+01	-1.317519e+01
193	+7.496690e+00	-1.315742e+01	-1.289724e+01
194	+7.070597e+00	-1.377195e+01	-1.165852e+01
195	+6.846745e+00	-1.405235e+01	-1.075643e+01
196	+6.125501e+00	-1.244732e+01	-9.264092e+00
197	+7.582830e+00	-1.322775e+01	-8.835258e+00
198	+8.255231e+00	-1.232335e+01	-9.452010e+00
199	+8.312903e+00	-1.321943e+01	-8.407090e+00
200	+7.602654e+00	-1.326027e+01	-9.698954e+00
201	+7.409919e+00	-1.478799e+01	-1.107677e+01
202	+8.181056e+00	-1.541035e+01	-1.161949e+01
203	+9.047667e+00	-1.659814e+01	-1.294272e+01
204	+7.563701e+00	-1.759346e+01	-1.291503e+01
205	+7.300838e+00	-1.664834e+01	-1.404038e+01
206	+7.703598e+00	-1.684784e+01	-1.262092e+01
207	+8.786840e+00	-1.724762e+01	-1.311506e+01
208	+9.613291e+00	-1.892148e+01	-1.192619e+01
209	+1.016403e+01	-1.800597e+01	-1.041799e+01
210	+1.176135e+01	-1.960963e+01	-9.355903e+00
211	+1.242944e+01	-2.036707e+01	-8.154840e+00
212	+1.387562e+01	-1.940358e+01	-9.217211e+00
213	+1.394728e+01	-1.809626e+01	-1.053794e+01
214	+1.420706e+01	-1.880249e+01	-1.166076e+01
215	+1.304131e+01	-1.786151e+01	-1.029429e+01
216	+1.266538e+01	-1.653096e+01	-1.069330e+01
217	+1.184568e+01	-1.543018e+01	-9.384322e+00
218	+1.067160e+01	-1.508636e+01	-9.978569e+00
219	+9.796902e+00	-1.418971e+01	-8.866604e+00
220	+1.009089e+01	-1.390145e+01	-9.640849e+00
221	+1.071574e+01	-1.490238e+01	-8.790552e+00
222	+1.215368e+01	-1.574333e+01	-7.402039e+00
223	+1.287133e+01	-1.444556e+01	-6.712067e+00
224	+1.177072e+01	-1.595250e+01	-5.953037e+00
225	+1.174472e+01	-1.488182e+01	-4.353420e+00
226	+1.260764e+01	-1.635076e+01	-5.266899e+00
227	+1.334280e+01	-1.471459e+01	-6.031533e+00
228	+1.191568e+01	-1.327956e+01	-5.248693e+00
229	+1.173430e+01	-1.205746e+01	-3.776127e+00
230	+1.300513e+01	-1.194963e+01	-3.346815e+00
231	+1.244924e+01	-1.272981e+01	-4.322876e+00
232	+1.282879e+01	-1.368614e+01	-3.950482e+00
233	+1.451407e+01	-1.403271e+01	-2.492963e+00
234	+1.372841e+01	-1.279970e+01	-1.350329e+00
235	+1.536271e+01	-1.365357e+01	-1.160720e+00
236	+1.499731e+01	-1.457955e+01	-2.566432e+00
237	+1.551073e+01	-1.299269e+01	-3.173646e+00
238	+1.478656e+01	-1.432709e+01	-3.960208e+00
239	+1.597055e+01	-1.356579e+01	-3.736843e+00
240	+1.476632e+01	-1.185930e+01	-4.393500e+00
241	+1.386852e+01	-1.357985e+01	-3.397156e+00
242	+1.223423e+01	-1.324780e+01	-3.288029e+00
243	+1.154921e+01	-1.347053e+01	-3.930378e+00
244	+1.131028e+01	-1.287331e+01	-3.061816e+00
245	+1.111037e+01	-1.245278e+01	-4.251155e+00
246	+1.223676e+01	-1.158426e+01	-4.577810e+00
247	+1.077583e+01	-1.038118e+01	-3.885698e+00
248	+1.184265e+01	-9.967934e+00	-3.360291e+00
249	+1.222244e+01	-1.076304e+01	-4.896872e+00
250	+1.123098e+01	-9.849343e+00	-6.549769e+00
251	+9.552832e+00	-1.000548e+01	-5.854900e+00
252	+9.189733e+00	-8.314361e+00	-5.165798e+00
253	+9.221918e+00	-8.441381e+00	-4.675325e+00
254	+9.763678e+00	-8.825015e+00	-3.068747e+00
255	+8.739696e+00	-9.227637e+00	-3.293056e+00
256	+1.005372e+01	-9.585129e+00	-3.886994e+00
257	+1.079726e+01	-9.895209e+00	-4.342704e+00
258	+1.237749e+01	-1.035897e+01	-3.137202e+00
259	+1.381927e+01	-1.202835e+01	-4.544752e+00
260	+1.465177e+01	-1.106919e+01	-3.510182e+00
261	+1.636368e+01	-1.106724e+01	-5.006408e+00
262	+1.649236e+01	-9.870391e+00	-5.122521e+00
263	+1.619074e+01	-1.125334e+01	-5.073623e+00
264	+1.572612e+01	-1.297119e+01	-6.262270e+00
265	+1.400518e+01	-1.452813e+01	-5.224584e+00
266	+1.540986e+01	-1.503594e+01	-5.736973e+00
267	+1.472237e+01	-1.481169e+01	-6.093706e+00
268	+1.486419e+01	-1.501146e+01	-6.079932e+00
269	+1.498154e+01	-1.535760e+01	-7.393407e+00
270	+1.421871e+01	-1.434939e+01	-7.147916e+00
271	+1.569614e+01	-1.606585e+01	-7.101976e+00
272	+1.400416e+01	-1.531426e+01	-5.511056e+00
273	+1.550986e+01	-1.358482e+01	-5.378152e+00
274	+1.453430e+01	-1.375633e+01	-4.755244e+00
275	+1.311192e+01	-1.487991e+01	-3.889298e+00
276	+1.226714e+01	-1.447060e+01	-4.826202e+00
277	+1.300936e+01	-1.539762e+01	-6.445017e+00
278	+1.403131e+01	-1.533334e+01	-5.097468e+00
279	+1.479172e+01	-1.656586e+01	-6.442384e+00
280	+1.386706e+01	-1.705438e+01	-8.017847e+00
281	+1.509034e+01	-1.567946e+01	-9.575854e+00
282	+1.527523e+01	-1.480364e+01	-8.245509e+00
283	+1.563275e+01	-1.401680e+01	-8.437726e+00
284	+1.454721e+01	-1.367132e+01	-9.535667e+00
285	+1.518687e+01	-1.429651e+01	-1.094333e+01
286	+1.620057e+01	-1.582438e+01	-9.597914e+00
287	+1.730943e+01	-1.736286e+01	-9.830329e+00
288	+1.830958e+01	-1.607283e+01	-9.175548e+00
289	+1.667437e+01	-1.666885e+01	-8.407958e+00
290	+1.578297e+01	-1.712716e+01	-6.716450e+00
291	+1.607672e+01	-1.728640e+01	-6.645565e+00
292	+1.492717e+01	-1.636180e+01	-5.108947e+00
293	+1.449751e+01	-1.558623e+01	-6.421133e+00
294	+1.461289e+01	-1.656959e+01	-6.058256e+00
295	+1.289848e+01	-1.758866e+01	-5.480387e+00
296	+1.170373e+01	-1.761864e+01	-4.826583e+00
297	+1.208193e+01	-1.751592e+01	-4.923217e+00
298	+1.055328e+01	-1.695413e+01	-6.273926e+00
299	+9.301813e+00	-1.810616e+01	-7.785624e+00
300	+8.468902e+00	-1.982492e+01	-8.732754e+00
301	+9.620532e+00	-2.036806e+01	-8.173524e+00
302	+9.652323e+00	-1.893559e+01	-7.243237e+00
303	+8.808639e+00	-1.766723e+01	-8.887608e+00
304	+7.608997e+00	-1.698944e+01	-7.209763e+00
305	+7.111295e+00	-1.747340e+01	-5.790867e+00
306	+8.730728e+00	-1.814733e+01	-5.850383e+00
307	+8.868452e+00	-1.754060e+01	-5.427142e+00
308	+8.414386e+00	-1.670867e+01	-6.617369e+00
309	+8.671181e+00	-1.683298e+01	-5.062456e+00
310	+9.153428e+00	-1.538076e+01	-4.067557e+00
311	+9.143251e+00	-1.489386e+01	-4.865779e+00
312	+8.843408e+00	-1.519101e+01	-5.114456e+00
313	+1.041067e+01	-1.454555e+01	-5.868028e+00
314	+1.198058e+01	-1.536727e+01	-6.162806e+00
315	+1.078940e+01	-1.546102e+01	-6.534356e+00
316	+1.222318e+01	-1.563466e+01	-4.921123e+00
317	+1.277055e+01	-1.395912e+01	-6.632493e+00
318	+1.274293e+01	-1.384288e+01	-5.472657e+00
319	+1.401449e+01	-1.431594e+01	-5.185029e+00
320	+1.494422e+01	-1.490495e+01	-6.455382e+00
321	+1.499028e+01	-1.381531e+01	-5.556286e+00
322	+1.467750e+01	-1.481343e+01	-4.194593e+00
323	+1.348800e+01	-1.476358e+01	-2.789537e+00
324	+1.430160e+01	-1.563016e+01	-3.279785e+00
325	+1.326498e+01	-1.620754e+01	-2.554985e+00
326	+1.220596e+01	-1.730635e+01	-4.012147e+00
327	+1.095398e+01	-1.793320e+01	-4.226833e+00
328	+1.154441e+01	-1.752912e+01	-4.653682e+00
329	+1.169538e+01	-1.915960e+01	-4.878157e+00
330	+1.247266e+01	-1.912618e+01	-4.271713e+00
331	+1.135627e+01	-1.800084e+01	-3.015721e+00
332	+1.159938e+01	-1.751860e+01	-1.942461e+00
333	+1.182167e+01	-1.774981e+01	-3.020524e+00
334	+1.025301e+01	-1.924894e+01	-1.897017e+00
335	+1.128383e+01	-1.866053e+01	-2.504906e+00
336	+1.006402e+01	-2.036331e+01	-1.440566e+00
337	+8.597264e+00	-1.967550e+01	1.145427e-02
338	+8.694961e+00	-1.850249e+01	-6.026156e-01
339	+9.493177e+00	-1.711037e+01	-4.409619e-01
340	+9.362661e+00	-1.740707e+01	7.020227e-01
341	+8.278420e+00	-1.647601e+01	9.186293e-01
342	+8.126854e+00	-1.800244e+01	-6.128108e-01
343	+9.325089e+00	-1.750198e+01	3.313992e-01
344	+1.022209e+01	-1.657087e+01	9.974469e-01
345	+8.710872e+00	-1.558676e+01	7.435736e-01
346	+9.243811e+00	-1.729698e+01	1.445517e+00
347	+1.035824e+01	-1.819818e+01	2.601153e+00
348	+1.033128e+01	-1.861153e+01	3.273590e+00
349	+9.196620e+00	-1.718911e+01	4.080562e+00
350	+9.481140e+00	-1.566577e+01	4.381643e+00
351	+9.463084e+00	-1.596009e+01	2.675756e+00
352	+9.039873e+00	-1.463229e+01	1.470815e+00
353	+8.183335e+00	-1.313255e+01	2.973713e+00
354	+6.898818e+00	-1.465659e+01	1.325329e+00
355	+5.362392e+00	-1.316248e+01	5.947412e-01
356	+4.447572e+00	-1.259616e+01	1.337351e-02
357	+3.445047e+00	-1.258855e+01	1.040493e+00
358	+2.195887e+00	-1.157185e+01	1.339892e+00
359	+2.656128e+00	-1.090264e+01	2.476185e+00
360	+2.678076e+00	-1.036707e+01	3.347958e+00
361	+3.750474e+00	-9.897748e+00	2.327607e+00
362	+3.884898e+00	-8.471600e+00	2.323019e+00
363	+3.431105e+00	-9.754637e+00	1.054226e+00
364	+2.751253e+00	-1.081370e+01	2.726491e+00
365	+1.810753e+00	-9.409640e+00	2.830467e+00
366	+1.164106e-01	-7.784820e+00	1.160657e+00
367	-7.234363e-01	-6.432463e+00	2.514789e+00
368	-2.004303e+00	-5.314473e+00	2.400976e+00
369	-9.629603e-01	-6.302002e+00	1.851218e+00
370	+1.091829e-01	-7.887114e+00	7.578483e-01
371	+1.467567e-01	-8.891144e+00	2.486046e+00
372	-6.964735e-01	-9.524067e+00	3.687349e+00
373	-1.327759e+00	-1.010032e+01	3.437165e+00
374	-2.805115e-01	-1.036246e+01	5.029888e+00
375	+1.306588e+00	-1.131402e+01	5.124072e+00
376	+2.806495e+00	-1.174665e+01	6.548667e+00
377	+2.301727e+00	-1.119395e+01	7.987951e+00
378	+3.751462e+00	-1.092403e+01	8.096950e+00
379	+3.727861e+00	-1.010159e+01	7.689917e+00
380	+2.332466e+00	-1.036911e+01	7.080642e+00
381	+4.031488e+00	-1.068164e+01	8.345878e+00
382	+2.780656e+00	-1.050313e+01	8.181631e+00
383	+1.158730e+00	-1.079740e+01	8.158754e+00
384	+2.689918e+00	-1.133859e+01	9.127221e+00
385	+3.973128e+00	-1.125215e+01	1.019812e+01
386	+2.877844e+00	-1.268086e+01	1.041224e+01
387	+2.347150e+00	-1.152215e+01	1.055948e+01
388	+2.023796e+00	-1.301421e+01	1.050274e+01
389	+2.574936e+00	-1.247136e+01	9.330690e+00
390	+2.233145e+00	-1.183974e+01	1.103603e+01
391	+3.621444e+00	-1.162726e+01	1.169511e+01
392	+3.326321e+00	-1.296046e+01	1.268658e+01
393	+1.720566e+00	-1.359048e+01	1.252937e+01
394	+2.331545e+00	-1.231467e+01	1.254413e+01
395	+3.445526e+00	-1.314674e+01	1.163910e+01
396	+1.841192e+00	-1.416297e+01	1.061449e+01
397	+1.579825e+00	-1.423640e+01	1.097480e+01
398	+2.315206e+00	-1.448122e+01	1.027606e+01
399	+1.207244e+00	-1.436113e+01	1.148721e+01
400	+2.840359e+00	-1.575105e+01	1.278635e+01
401	+3.343357e+00	-1.426645e+01	1.251305e+01
402	+4.701424e+00	-1.521862e+01	1.100197e+01
403	+2.969377e+00	-1.548764e+01	1.013813e+01
404	+1.512038e+00	-1.425980e+01	1.162230e+01
405	+2.511146e+00	-1.356798e+01	1.293304e+01
406	+1.882386e+00	-1.246819e+01	1.276633e+01
407	+2.162984e-01	-1.222274e+01	1.278074e+01
408	+7.354116e-01	-1.389702e+01	1.185623e+01
409	+1.720089e-03	-1.288003e+01	1.039243e+01
410	-1.248489e+00	-1.338296e+01	9.794846e+00
411	-2.130533e+00	-1.264712e+01	1.138257e+01
412	-1.752852e+00	-1.116525e+01	1.032271e+01
413	-7.759807e-01	-1.045047e+01	1.147412e+01
414	-2.285938e+00	-9.408293e+00	1.297641e+01
415	-3.301137e+00	-7.939170e+00	1.197723e+01
416	-2.617351e+00	-7.649220e+00	1.229156e+01
417	-1.158610e+00	-7.386379e+00	1.217765e+01
418	-2.430627e+00	-6.078354e+00	1.253997e+01
419	-2.619163e+00	-4.730606e+00	1.246775e+01
420	-2.793552e+00	-3.578482e+00	1.091460e+01
421	-3.750044e+00	-2.892359e+00	9.403323e+00
422	-4.018591e+00	-3.774945e+00	9.377521e+00
423	-2.290314e+00	-4.573434e+00	7.666750e+00
424	-2.225189e+00	-3.009080e+00	7.559020e+00
425	-3.733901e+00	-4.079308e+00	7.641700e+00
426	-5.314858e+00	-2.886446e+00	6.810955e+00
427	-6.538143e+00	-1.679897e+00	8.192538e+00
428	-5.080025e+00	-2.557810e-02	6.936126e+00
429	-5.489838e+00	-1.660365e-01	6.918092e+00
430	-5.343911e+00	+8.262769e-01	5.706807e+00
431	-4.760373e+00	-5.069371e-01	5.343614e+00
432	-5.536237e+00	+1.177282e+00	5.104866e+00
433	-7.221061e+00	-3.784537e-01	4.560583e+00
434	-6.461453e+00	-1.513375e+00	5.717531e+00
435	-5.075929e+00	-1.338629e-01	4.086085e+00
436	-6.063058e+00	-2.467374e-01	4.255816e+00
437	-7.030756e+00	-3.774263e-01	5.475440e+00
438	-5.398523e+00	-1.599703e+00	7.164549e+00
439	-5.583195e+00	-6.636925e-01	8.570391e+00
440	-6.694926e+00	-1.575222e+00	6.873225e+00
441	-5.360387e+00	-1.971749e+00	6.539280e+00
442	-3.651655e+00	-4.729467e-01	6.315808e+00
443	-2.052403e+00	+1.760106e-01	7.554496e+00
444	-1.354520e+00	+1.750779e+00	8.505335e+00
445	-7.565367e-01	+3.341497e+00	9.620279e+00
446	-1.965906e+00	+3.379010e+00	1.019321e+01
447	-1.101227e+00	+3.102939e+00	9.227974e+00
448	-1.032439e+00	+2.552639e+00	1.031491e+01
449	-5.951049e-01	+2.459798e+00	1.001807e+01
450	+8.022695e-01	+3.239794e+00	1.028116e+01
451	+4.923600e-01	+2.102869e+00	1.006287e+01
452	-9.572049e-01	+3.598843e+00	1.087867e+01
453	+6.160993e-01	+2.063118e+00	1.122393e+01
454	+3.199069e-01	+1.762162e+00	1.266441e+01
455	+8.416754e-02	+2.056163e+00	1.204053e+01
456	+1.755848e+00	+2.351370e+00	1.157478e+01
457	+8.976783e-01	+2.493808e+00	1.267267e+01
458	+1.149246e-01	+2.617235e+00	1.175521e+01
459	+9.598602e-01	+2.497580e+00	1.134020e+01
460	+2.364980e+00	+3.009298e+00	1.151102e+01
461	+3.751859e+00	+3.176973e+00	1.182704e+01
462	+2.339400e+00	+2.532137e+00	1.176479e+01
463	+1.428230e+00	+3.134581e+00	1.263277e+01
464	+2.169725e+00	+2.829991e+00	1.265128e+01
465	+2.405774e+00	+1.112183e+00	1.421839e+01
466	+2.282453e+00	+2.735893e+00	1.272052e+01
467	+9.865004e-01	+1.325955e+00	1.236825e+01
468	+1.071022e+00	+7.026402e-01	1.362752e+01
469	+1.290931e+00	+8.885705e-01	1.243694e+01
470	+9.647862e-01	+1.100792e+00	1.140862e+01
471	+1.435548e+00	+1.178768e+00	1.052061e+01
472	-9.979787e-02	+2.336188e+00	1.109873e+01
473	-2.658398e-01	+2.612584e+00	1.089947e+01
474	-1.470972e+00	+2.947509e+00	9.956393e+00
475	-9.427823e-01	+1.430800e+00	9.699988e+00
476	-2.414838e+00	+1.117885e+00	1.002481e+01
477	-8.494569e-01	+1.935597e+00	1.007510e+01
478	-2.104373e+00	+3.153848e+00	8.776974e+00
479	-8.267698e-01	+3.712694e+00	7.944994e+00
480	-1.341343e-02	+5.327165e+00	6.401615e+00
481	-1.590552e-01	+5.881086e+00	6.380172e+00
482	+9.084875e-01	+5.366293e+00	5.818946e+00
483	+1.806726e-01	+4.623535e+00	6.976258e+00
484	+5.249267e-01	+4.265587e+00	7.274825e+00
485	+1.403288e+00	+2.804797e+00	6.420058e+00
486	+1.684600e+00	+2.884524e+00	7.015660e+00
487	+6.827440e-01	+3.508019e+00	8.171546e+00
488	+1.164572e+00	+2.628575e+00	8.758242e+00
489	-5.431374e-01	+1.336656e+00	9.008248e+00
490	-2.192923e+00	+1.059204e+00	9.477980e+00
491	-2.102711e+00	+7.186897e-02	7.839673e+00
492	-8.654313e-01	+1.031116e+00	6.584719e+00
493	-1.894615e+00	+2.272126e+00	5.868288e+00
494	-3.570540e+00	+8.855064e-01	4.241658e+00
495	-4.288521e+00	+3.925736e-01	3.070929e+00
496	-5.381221e+00	-9.156068e-02	2.314757e+00
497	-4.341641e+00	+2.002577e-01	1.389877e+00
498	-5.820840e+00	+1.861231e+00	7.549778e-01
499	-6.678631e+00	+4.867300e-01	2.838916e-01
500	-5.526203e+00	+1.746102e+00	6.663611e-02
501	-4.119370e+00	+2.120216e+00	6.740435e-01
502	-2.685186e+00	+1.876163e+00	-1.056461e+00
503	-1.972365e+00	+1.084474e+00	7.221110e-02
504	-1.957804e+00	+8.197569e-01	1.137744e+00
505	-2.698637e+00	+1.553519e+00	2.260418e+00
506	-4.296768e+00	+9.570799e-01	2.416391e+00
507	-2.685525e+00	-4.998004e-01	3.552499e+00
508	-3.256684e+00	-7.038396e-01	4.727789e+00
509	-3.458250e+00	-8.926729e-01	3.468390e+00
510	-4.321771e+00	-8.259786e-01	3.855067e+00
511	-5.668763e+00	-1.355450e+00	3.218596e+00
512	-5.637115e+00	-9.816098e-01	1.952187e+00
513	-7.125279e+00	-2.082222e+00	1.262447e+00
514	-7.166230e+00	-1.985849e+00	1.304875e+00
515	-8.761754e+00	-2.982938e+00	2.546863e-01
516	-8.877638e+00	-3.416633e+00	7.652345e-02
517	-7.499207e+00	-4.309151e+00	-1.186448e+00
518	-6.790002e+00	-3.316759e+00	7.379978e-03
519	-6.219476e+00	-4.035315e+00	5.710594e-01
520	-7.693508e+00	-5.315070e+00	-3.322611e-01
521	-9.296556e+00	-6.188766e+00	-2.853700e-01
522	-1.079352e+01	-5.865865e+00	-8.912830e-01
523	-1.048543e+01	-4.330791e+00	-3.981234e-01
524	-1.197181e+01	-2.849478e+00	5.783919e-01
525	-1.302930e+01	-2.377779e+00	1.562471e+00
526	-1.431801e+01	-9.941387e-01	2.558306e+00
527	-1.346843e+01	-2.575473e+00	2.310593e+00
528	-1.412243e+01	-3.122396e+00	2.189868e+00
529	-1.343712e+01	-2.191451e+00	5.820015e-01
530	-1.350108e+01	-2.217000e+00	6.102106e-02
531	-1.427612e+01	-1.519423e+00	7.541587e-01
532	-1.397114e+01	-5.485678e-01	-2.259052e-02
533	-1.544016e+01	+8.641613e-01	-1.689575e+00
534	-1.539320e+01	+1.465331e+00	-1.603976e+00
535	-1.452267e+01	+6.531448e-01	-2.798896e+00
536	-1.607094e+01	+8.787133e-01	-4.321738e+00
537	-1.485024e+01	-5.977664e-01	-2.891549e+00
538	-1.610694e+01	+5.943046e-01	-1.265643e+00
539	-1.650501e+01	-6.091866e-01	-1.564777e+00
540	-1.818801e+01	-3.088761e-01	-2.830927e+00
541	-1.983154e+01	-1.257614e+00	-3.429531e+00
542	-1.902116e+01	-7.855872e-01	-1.726494e+00
543	-2.041446e+01	-4.955516e-01	-1.754352e+00
544	-2.101915e+01	-1.033536e+00	-1.607418e+00
545	-2.247757e+01	-5.752693e-01	-1.252285e+00
546	-2.323372e+01	-1.922990e+00	-1.226312e+00
547	-2.321339e+01	-2.258381e+00	-2.401559e+00
548	-2.176461e+01	-2.854027e+00	-2.560042e+00
549	-2.319019e+01	-2.119366e+00	-2.851099e+00
550	-2.286140e+01	-8.863256e-01	-1.365388e+00
551	-2.283612e+01	-6.743029e-01	-4.966307e-01
552	-2.224893e+01	+6.236005e-01	-1.791141e+00
553	-2.111223e+01	-8.303253e-01	-4.731868e-01
554	-2.042739e+01	-1.206927e+00	-1.076848e+00
555	-2.105060e+01	-9.947888e-01	-2.060195e+00
556	-2.043204e+01	-1.200387e-01	-1.296459e+00
557	-1.996262e+01	-1.179822e+00	-1.747326e+00
558	-2.086584e+01	-1.316486e+00	-2.050161e-01
559	-2.174807e+01	-1.264186e+00	-3.215737e-01
560	-2.081343e+01	-1.060182e+00	-8.334560e-01
561	-2.250362e+01	-4.761123e-01	-6.128923e-01
562	-2.419531e+01	-4.037172e-01	5.806554e-01
563	-2.524897e+01	-8.941391e-01	5.756059e-01
564	-2.597912e+01	+1.682068e-01	1.114101e+00
565	-2.590427e+01	-1.332285e-01	-2.316342e-01
566	-2.541135e+01	+1.405283e+00	-1.053574e-01
567	-2.680117e+01	-1.739604e-01	7.141999e-01
568	-2.549152e+01	+1.411628e+00	-4.604530e-01
569	-2.399353e+01	+2.103153e+00	-1.504825e-01
570	-2.450129e+01	+9.849905e-01	-3.960433e-01
571	-2.405560e+01	-5.477067e-01	-1.492306e+00
572	-2.496040e+01	-1.670400e+00	2.115576e-01
573	-2.379574e+01	-6.562527e-01	-3.964417e-01
574	-2.252002e+01	+6.467532e-01	3.614550e-01
575	-2.203438e+01	+1.156940e+00	8.638611e-01
576	-2.363468e+01	+2.034313e+00	2.592754e+00
577	-2.471844e+01	+3.712456e+00	1.764143e+00
578	-2.465246e+01	+5.399084e+00	2.646000e+00
579	-2.300012e+01	+5.778344e+00	4.183680e+00
580	-2.443308e+01	+7.015227e+00	2.677695e+00
581	-2.429446e+01	+7.766658e+00	2.493429e+00
582	-2.290168e+01	+9.459307e+00	3.230304e+00
583	-2.235955e+01	+7.854675e+00	4.774116e+00
584	-2.375194e+01	+9.048355e+00	3.349877e+00
585	-2.257489e+01	+1.004250e+01	2.783951e+00
586	-2.112441e+01	+9.336291e+00	2.443424e+00
587	-2.129867e+01	+1.100391e+01	2.448642e+00
588	-2.147233e+01	+9.569340e+00	1.252350e+00
589	-2.070823e+01	+9.727842e+00	2.583571e+00
590	-2.162709e+01	+1.083838e+01	3.833207e+00
591	-2.144402e+01	+1.149754e+01	3.519775e+00
592	-1.989200e+01	+1.064934e+01	4.437588e+00
593	-1.947928e+01	+9.350378e+00	3.082471e+00
594	-1.968661e+01	+8.533069e+00	1.491411e+00
595	-1.827885e+01	+9.415802e+00	3.021455e+00
596	-1.937777e+01	+1.092298e+01	2.173902e+00
597	-1.770989e+01	+1.047752e+01	1.221515e+00
598	-1.609970e+01	+9.253953e+00	1.838351e+00
599	-1.760568e+01	+1.046367e+01	2.864519e+00
600	-1.817209e+01	+9.425733e+00	3.812512e+00
601	-1.905015e+01	+1.001392e+01	4.372396e+00
602	-1.757762e+01	+9.265659e+00	4.843220e+00
603	-1.679113e+01	+9.223016e+00	6.058701e+00
604	-1.664794e+01	+9.173490e+00	5.855775e+00
605	-1.628148e+01	+1.000341e+01	7.467350e+00
606	-1.462399e+01	+9.343834e+00	7.883302e+00
607	-1.381024e+01	+9.515358e+00	7.261461e+00
608	-1.550370e+01	+9.242564e+00	7.728655e+00
609	-1.667878e+01	+1.037600e+01	6.551939e+00
610	-1.756979e+01	+1.012039e+01	7.065407e+00
611	-1.653843e+01	+1.167483e+01	8.080896e+00
612	-1.777145e+01	+1.221180e+01	6.932535e+00
613	-1.741010e+01	+1.140398e+01	5.464870e+00
614	-1.639542e+01	+1.073904e+01	6.516169e+00
615	-1.705947e+01	+1.028774e+01	7.329633e+00
616	-1.608021e+01	+1.112950e+01	7.660200e+00
617	-1.459820e+01	+1.248977e+01	6.820790e+00
618	-1.304172e+01	+1.293248e+01	5.866917e+00
619	-1.289316e+01	+1.177400e+01	7.385601e+00
620	-1.293149e+01	+1.190859e+01	8.345992e+00
621	-1.268048e+01	+1.104656e+01	8.903255e+00
622	-1.134375e+01	+9.582251e+00	9.043078e+00
623	-1.122775e+01	+9.232210e+00	9.889898e+00
624	-1.144589e+01	+1.014626e+01	9.362646e+00
625	-1.150949e+01	+9.974941e+00	9.518385e+00
626	-1.239340e+01	+1.077619e+01	1.071685e+01
627	-1.096529e+01	+1.001310e+01	1.174621e+01
628	-1.016926e+01	+9.993305e+00	1.032358e+01
629	-1.038777e+01	+8.302588e+00	1.188353e+01
630	-9.373962e+00	+9.391963e+00	1.061885e+01
631	-8.605954e+00	+9.264523e+00	1.030249e+01
632	-9.594396e+00	+9.677696e+00	1.048221e+01
633	-1.115978e+01	+9.453800e+00	1.014826e+01
634	-1.156215e+01	+8.391835e+00	1.137343e+01
635	-1.224869e+01	+8.294698e+00	9.647153e+00
636	-1.288717e+01	+7.083330e+00	9.076282e+00
637	-1.228328e+01	+8.123818e+00	7.354645e+00
638	-1.079892e+01	+8.032872e+00	8.922206e+00
639	-9.284496e+00	+9.430766e+00	8.802289e+00
640	-8.109869e+00	+1.081695e+01	8.044387e+00
641	-9.320865e+00	+1.077864e+01	8.527073e+00
642	-8.094059e+00	+1.025526e+01	9.206199e+00
643	-7.910518e+00	+1.098710e+01	1.060183e+01
644	-6.283023e+00	+9.567697e+00	1.136727e+01
645	-6.530289e+00	+1.025535e+01	1.190584e+01
646	-4.833105e+00	+1.082106e+01	1.120881e+01
647	-3.916664e+00	+9.688244e+00	9.966369e+00
648	-2.852429e+00	+8.067314e+00	1.106188e+01
649	-2.897967e+00	+7.828177e+00	1.243987e+01
650	-2.827580e+00	+7.901784e+00	1.286003e+01
651	-3.058037e+00	+8.899057e+00	1.259976e+01
652	-3.664306e+00	+7.508976e+00	1.338740e+01
653	-4.902396e+00	+9.128567e+00	1.363286e+01
654	-3.507018e+00	+7.852710e+00	1.239840e+01
655	-4.254419e+00	+6.854748e+00	1.406271e+01
656	-3.024098e+00	+7.695993e+00	1.485300e+01
657	-2.307116e+00	+8.786515e+00	1.337331e+01
658	-2.216635e+00	+7.136819e+00	1.476554e+01
659	-2.718035e+00	+5.468810e+00	1.350285e+01
660	-3.264402e+00	+5.846828e+00	1.433194e+01
661	-2.048308e+00	+6.952517e+00	1.471883e+01
662	-1.640701e+00	+8.089431e+00	1.364841e+01
663	-2.817555e+00	+9.725063e+00	1.377275e+01
664	-3.920638e+00	+1.028443e+01	1.528152e+01
665	-4.990841e+00	+1.084492e+01	1.606054e+01
666	-6.488680e+00	+9.766088e+00	1.605928e+01
667	-6.378402e+00	+8.575700e+00	1.727964e+01
668	-6.662457e+00	+7.969055e+00	1.841396e+01
669	-7.843040e+00	+8.196833e+00	1.752024e+01
670	-7.479082e+00	+7.032917e+00	1.658262e+01
671	-7.086103e+00	+7.346649e+00	1.633718e+01
672	-8.303712e+00	+7.693342e+00	1.590459e+01
673	-7.053436e+00	+7.895789e+00	1.737697e+01
674	-8.144981e+00	+9.626362e+00	1.694176e+01
675	-8.779910e+00	+9.294759e+00	1.627133e+01
676	-7.633582e+00	+1.074209e+01	1.608350e+01
677	-8.848135e+00	+1.092934e+01	1.516584e+01
678	-8.245870e+00	+1.122700e+01	1.378657e+01
679	-8.195482e+00	+1.143778e+01	1.302378e+01
680	-7.203770e+00	+1.203655e+01	1.164836e+01
681	-6.107205e+00	+1.155258e+01	1.315587e+01
682	-6.192765e+00	+1.220527e+01	1.281976e+01
683	-7.581872e+00	+1.050868e+01	1.259815e+01
684	-6.204281e+00	+9.580189e+00	1.249830e+01
685	-7.855997e+00	+8.567945e+00	1.294153e+01
686	-7.077806e+00	+9.966639e+00	1.123271e+01
687	-5.733936e+00	+1.107684e+01	1.073047e+01
688	-5.721055e+00	+9.700001e+00	9.136502e+00
689	-6.748423e+00	+1.065184e+01	9.898206e+00
690	-8.118843e+00	+1.161262e+01	8.532202e+00
691	-6.873715e+00	+1.240435e+01	9.469122e+00
692	-5.526506e+00	+1.253933e+01	9.085346e+00
693	-6.591890e+00	+1.389202e+01	9.510280e+00
694	-7.427681e+00	+1.557281e+01	8.398500e+00
695	-6.508448e+00	+1.714910e+01	8.314425e+00
696	-4.951434e+00	+1.664666e+01	7.232741e+00
697	-6.096155e+00	+1.523391e+01	7.120525e+00
698	-5.459722e+00	+1.531567e+01	5.656705e+00
699	-6.112615e+00	+1.513803e+01	4.287874e+00
700	-6.418391e+00	+1.376301e+01	4.393765e+00
701	-5.432832e+00	+1.257667e+01	6.081618e+00
702	-4.083193e+00	+1.239848e+01	5.442877e+00
703	-3.830931e+00	+1.318635e+01	6.305783e+00
704	-2.159182e+00	+1.188974e+01	7.957904e+00
705	-3.652282e+00	+1.119643e+01	6.476954e+00
706	-3.669073e+00	+1.130947e+01	5.407314e+00
707	-3.781840e+00	+1.142805e+01	4.507806e+00
708	-3.481914e+00	+1.184305e+01	3.049352e+00
709	-4.794418e+00	+1.111943e+01	2.892277e+00
710	-3.929989e+00	+1.231248e+01	2.481572e+00
711	-5.417524e+00	+1.357166e+01	1.000790e+00
712	-6.484499e+00	+1.419840e+01	8.502635e-01
713	-7.488000e+00	+1.506230e+01	2.223844e+00
714	-8.625315e+00	+1.494254e+01	1.452163e+00
715	-8.704112e+00	+1.622832e+01	3.152256e+00
716	-7.190424e+00	+1.793040e+01	1.794673e+00
717	-6.604176e+00	+1.898950e+01	2.346245e+00
718	-6.437955e+00	+1.906142e+01	2.987888e+00
719	-7.142458e+00	+1.894678e+01	1.513888e+00
720	-7.645889e+00	+1.764868e+01	8.568118e-01
721	-7.874897e+00	+1.747374e+01	-5.509315e-01
722	-8.591283e+00	+1.666137e+01	-1.974700e+00
723	-7.924960e+00	+1.598044e+01	-5.129717e-01
724	-8.027431e+00	+1.561697e+01	-1.692882e+00
725	-8.913951e+00	+1.691528e+01	-2.445212e+00
726	-1.022424e+01	+1.835233e+01	-3.050252e+00
727	-8.531658e+00	+1.869395e+01	-4.018055e+00
728	-8.041296e+00	+1.812262e+01	-5.163634e+00
729	-7.588831e+00	+1.961211e+01	-5.742560e+00
730	-7.855704e+00	+1.849054e+01	-4.210690e+00
731	-9.239342e+00	+1.685089e+01	-4.556541e+00
732	-7.655405e+00	+1.750391e+01	-3.354852e+00
733	-6.371175e+00	+1.701873e+01	-4.008610e+00
734	-5.960972e+00	+1.669145e+01	-4.723856e+00
735	-5.692750e+00	+1.646588e+01	-5.690065e+00
736	-6.498609e+00	+1.665195e+01	-6.031781e+00
737	-4.807678e+00	+1.652131e+01	-4.619677e+00
738	-3.432693e+00	+1.481647e+01	-4.770886e+00
739	-3.189407e+00	+1.525853e+01	-4.837423e+00
740	-1.767041e+00	+1.655679e+01	-4.258602e+00
741	-1.142327e+00	+1.595215e+01	-3.834412e+00
742	+5.033357e-01	+1.455401e+01	-3.223390e+00
743	-1.029767e+00	+1.288203e+01	-2.787319e+00
744	-5.531812e-01	+1.460945e+01	-2.843748e+00
745	-1.361450e+00	+1.368240e+01	-1.249407e+00
746	-2.460905e+00	+1.418458e+01	-1.798716e+00
747	-1.684369e+00	+1.518249e+01	-1.843098e-01
748	-2.593761e+00	+1.562173e+01	1.727358e-01
749	-2.487521e+00	+1.592807e+01	3.202042e-01
750	-3.894852e+00	+1.758449e+01	3.786219e-01
751	-2.703670e+00	+1.905841e+01	6.895073e-01
752	-1.420264e+00	+1.828203e+01	-3.132587e-01
753	-4.942615e-01	+1.945793e+01	1.034945e+00
754	+7.117956e-01	+2.001989e+01	-1.629920e-01
755	+1.552444e+00	+1.906769e+01	1.889838e-01
756	+3.161551e+00	+1.988837e+01	-7.034451e-01
757	+3.845452e+00	+2.159836e+01	-6.475814e-01
758	+2.366004e+00	+2.278342e+01	1.045605e+00
759	+1.076626e+00	+2.187686e+01	9.814639e-02
760	+2.346548e+00	+2.339206e+01	-4.156665e-01
761	+3.591386e+00	+2.249631e+01	1.094960e+00
762	+2.289936e+00	+2.123216e+01	7.408384e-01
763	+3.900938e+00	+2.022413e+01	2.016781e+00
764	+5.099440e+00	+2.133338e+01	3.666541e+00
765	+6.777498e+00	+2.205401e+01	4.142238e+00
766	+5.153193e+00	+2.060854e+01	4.478437e+00
767	+4.223563e+00	+2.201702e+01	5.362681e+00
768	+5.470656e+00	+2.081039e+01	6.962747e+00
769	+7.138741e+00	+2.248644e+01	6.873408e+00
770	+7.843522e+00	+2.177958e+01	6.035794e+00
771	+8.969161e+00	+2.347664e+01	4.835138e+00
772	+7.353119e+00	+2.401685e+01	4.542374e+00
773	+8.894063e+00	+2.542140e+01	4.497902e+00
774	+8.735232e+00	+2.416933e+01	3.266419e+00
775	+7.195938e+00	+2.289173e+01	4.190237e+00
776	+7.605056e+00	+2.179624e+01	3.640517e+00
777	+9.071432e+00	+2.087252e+01	4.121296e+00
778	+1.010929e+01	+2.119742e+01	4.669971e+00
779	+9.808355e+00	+2.179526e+01	3.834291e+00
780	+9.210633e+00	+2.075696e+01	3.641746e+00
781	+9.538731e+00	+2.164231e+01	3.677991e+00
782	+9.927484e+00	+2.258923e+01	2.650147e+00
783	+1.126442e+01	+2.270894e+01	2.328167e+00
784	+1.007255e+01	+2.168276e+01	2.912448e+00
785	+1.155426e+01	+2.268852e+01	3.434301e+00
786	+1.187200e+01	+2.430077e+01	2.281328e+00
787	+1.296057e+01	+2.431717e+01	1.314778e+00
788	+1.413920e+01	+2.448098e+01	7.571031e-01
789	+1.251687e+01	+2.498031e+01	-7.990771e-01
790	+1.225785e+01	+2.566882e+01	2.220535e-01
791	+1.263763e+01	+2.679319e+01	-1.191944e+00
792	+1.090790e+01	+2.803003e+01	-9.558037e-01
793	+1.172807e+01	+2.933695e+01	-9.868872e-01
794	+1.342712e+01	+3.010687e+01	-5.513675e-01
795	+1.276865e+01	+2.903377e+01	-1.323552e+00
796	+1.165708e+01	+3.059895e+01	-2.711956e+00
797	+1.251666e+01	+2.898132e+01	-3.963397e+00
798	+1.150287e+01	+2.787363e+01	-2.521490e+00
799	+1.236973e+01	+2.710824e+01	-2.462249e+00
800	+1.299033e+01	+2.550873e+01	-3.056547e+00
801	+1.168216e+01	+2.408917e+01	-3.110454e+00
802	+1.065791e+01	+2.372302e+01	-4.329829e+00
803	+1.093867e+01	+2.442579e+01	-4.277652e+00
804	+1.095309e+01	+2.428144e+01	-3.974446e+00
805	+9.733344e+00	+2.365300e+01	-5.010784e+00
806	+1.143713e+01	+2.280109e+01	-5.162715e+00
807	+1.212597e+01	+2.359132e+01	-6.067220e+00
808	+1.111502e+01	+2.329412e+01	-7.212975e+00
809	+1.185539e+01	+2.315695e+01	-6.036274e+00
810	+1.301924e+01	+2.196329e+01	-6.333798e+00
811	+1.189583e+01	+2.078323e+01	-7.042232e+00
812	+1.027512e+01	+2.149157e+01	-7.985909e+00
813	+1.144722e+01	+2.137334e+01	-9.648028e+00
814	+1.188555e+01	+1.968246e+01	-8.221865e+00
815	+1.040281e+01	+2.064973e+01	-6.717923e+00
816	+1.193382e+01	+2.042925e+01	-5.516344e+00
817	+1.034387e+01	+1.904868e+01	-6.257141e+00
818	+9.351946e+00	+1.759395e+01	-4.845402e+00
819	+1.017118e+01	+1.797989e+01	-3.381645e+00
820	+1.100950e+01	+1.654750e+01	-2.011663e+00
821	+1.162668e+01	+1.510671e+01	-1.871968e+00
822	+1.175939e+01	+1.365951e+01	-3.037746e+00
823	+1.098523e+01	+1.475197e+01	-2.529255e+00
824	+9.862518e+00	+1.604857e+01	-4.249596e+00
825	+1.045233e+01	+1.575153e+01	-3.823337e+00
826	+9.947502e+00	+1.558250e+01	-2.275974e+00
827	+1.099682e+01	+1.432997e+01	-3.046047e+00
828	+9.925770e+00	+1.497038e+01	-3.959702e+00
829	+9.269425e+00	+1.658045e+01	-4.115742e+00
830	+1.097337e+01	+1.815799e+01	-4.562526e+00
831	+9.606783e+00	+1.920477e+01	-3.338044e+00
832	+9.320399e+00	+1.845965e+01	-1.612323e+00
833	+7.941112e+00	+1.772477e+01	-2.395998e+00
834	+7.478223e+00	+1.825456e+01	-4.021335e+00
835	+7.196708e+00	+1.777016e+01	-5.030251e+00
836	+7.096826e+00	+1.657439e+01	-3.455856e+00
837	+5.391877e+00	+1.806376e+01	-1.816354e+00
838	+6.477737e+00	+1.687830e+01	-6.653793e-01
839	+6.564023e+00	+1.571161e+01	-2.188322e+00
840	+5.582484e+00	+1.505227e+01	-2.148215e+00
841	+6.436796e+00	+1.390701e+01	-1.089527e+00
842	+5.505239e+00	+1.507774e+01	-2.276084e+00
843	+4.756078e+00	+1.489771e+01	-2.658246e+00
844	+4.519914e+00	+1.380848e+01	-2.087987e+00
845	+3.103076e+00	+1.252832e+01	-1.428248e+00
846	+4.537950e+00	+1.248133e+01	-1.788886e+00
847	+5.379484e+00	+1.395318e+01	-5.368633e-01
848	+6.770517e+00	+1.313536e+01	1.130217e+00
849	+7.737838e+00	+1.236861e+01	2.298110e+00
850	+8.594644e+00	+1.258256e+01	1.867423e+00
851	+9.603790e+00	+1.393200e+01	5.968207e-01
852	+9.059927e+00	+1.263407e+01	1.085689e+00
853	+1.068772e+01	+1.332295e+01	-2.086516e-01
854	+1.079702e+01	+1.353794e+01	5.970233e-01
855	+9.678483e+00	+1.524946e+01	2.165289e+00
856	+9.596121e+00	+1.402562e+01	3.623574e+00
857	+1.131732e+01	+1.442715e+01	4.700859e+00
858	+1.303432e+01	+1.588044e+01	6.133361e+00
859	+1.473155e+01	+1.642248e+01	5.262389e+00
860	+1.374745e+01	+1.800140e+01	4.509424e+00
861	+1.539811e+01	+1.935646e+01	3.552542e+00
862	+1.681096e+01	+2.057124e+01	3.395019e+00
863	+1.526298e+01	+2.164757e+01	3.408666e+00
864	+1.469243e+01	+2.323712e+01	2.992266e+00
865	+1.637232e+01	+2.410886e+01	3.891057e+00
866	+1.796703e+01	+2.379906e+01	4.804409e+00
867	+1.726196e+01	+2.220944e+01	4.772881e+00
868	+1.893661e+01	+2.387591e+01	4.067073e+00
869	+1.939591e+01	+2.405903e+01	5.514631e+00
870	+1.817258e+01	+2.246219e+01	6.300922e+00
871	+1.672104e+01	+2.321381e+01	6.438766e+00
872	+1.602324e+01	+2.172173e+01	5.489206e+00
873	+1.743602e+01	+2.240423e+01	5.258347e+00
874	+1.901324e+01	+2.339879e+01	5.680819e+00
875	+1.961225e+01	+2.256255e+01	5.495748e+00
876	+2.035464e+01	+2.211095e+01	5.563128e+00
877	+2.141887e+01	+2.354287e+01	6.617596e+00
878	+2.047378e+01	+2.260209e+01	7.091699e+00
879	+2.206575e+01	+2.156801e+01	7.362837e+00
880	+2.309697e+01	+2.093017e+01	7.658199e+00
881	+2.172071e+01	+2.069349e+01	5.930864e+00
882	+2.075707e+01	+2.076437e+01	6.127854e+00
883	+2.233777e+01	+2.237268e+01	7.307369e+00
884	+2.395988e+01	+2.083764e+01	8.786708e+00
885	+2.353137e+01	+2.032042e+01	1.031921e+01
886	+2.391402e+01	+2.147765e+01	9.192490e+00
887	+2.343205e+01	+2.221711e+01	9.925225e+00
888	+2.461047e+01	+2.245131e+01	1.037448e+01
889	+2.412201e+01	+2.388232e+01	1.196125e+01
890	+2.415554e+01	+2.297163e+01	1.278095e+01
891	+2.277607e+01	+2.160811e+01	1.186821e+01
892	+2.209103e+01	+2.152856e+01	1.262700e+01
893	+2.208286e+01	+2.282614e+01	1.411692e+01
894	+2.228494e+01	+2.228596e+01	1.323684e+01
895	+2.241377e+01	+2.400555e+01	1.357338e+01
896	+2.289362e+01	+2.437861e+01	1.527424e+01
897	+2.224860e+01	+2.474942e+01	1.667039e+01
898	+2.264141e+01	+2.489089e+01	1.826634e+01
899	+2.182717e+01	+2.323814e+01	1.976087e+01
900	+2.290289e+01	+2.202385e+01	1.959734e+01
901	+2.276286e+01	+2.254866e+01	1.990471e+01
902	+2.161253e+01	+2.151670e+01	2.044076e+01
903	+2.259112e+01	+2.277993e+01	2.028071e+01
904	+2.267344e+01	+2.252300e+01	1.986839e+01
905	+2.366089e+01	+2.343603e+01	1.977003e+01
906	+2.440853e+01	+2.185740e+01	2.021852e+01
907	+2.582080e+01	+2.151057e+01	2.027335e+01
908	+2.555045e+01	+2.079429e+01	2.189778e+01
909	+2.468367e+01	+2.231514e+01	2.321086e+01
910	+2.381747e+01	+2.069477e+01	2.322094e+01
911	+2.436901e+01	+1.909657e+01	2.192043e+01
912	+2.597372e+01	+1.850228e+01	2.197704e+01
913	+2.458690e+01	+1.959756e+01	2.339664e+01
914	+2.628326e+01	+1.850354e+01	2.215814e+01
915	+2.616005e+01	+1.897196e+01	2.074296e+01
916	+2.611570e+01	+1.858222e+01	2.027698e+01
917	+2.619548e+01	+1.792282e+01	1.875059e+01
918	+2.621745e+01	+1.696016e+01	2.016882e+01
919	+2.509679e+01	+1.545442e+01	2.046465e+01
920	+2.395630e+01	+1.611596e+01	1.938278e+01
921	+2.413976e+01	+1.578309e+01	1.970044e+01
922	+2.318754e+01	+1.574604e+01	1.984304e+01
923	+2.336830e+01	+1.504314e+01	1.982794e+01
924	+2.498749e+01	+1.653928e+01	1.982109e+01
925	+2.506614e+01	+1.489526e+01	2.006735e+01
926	+2.339030e+01	+1.497208e+01	1.969641e+01
927	+2.503165e+01	+1.490625e+01	2.119453e+01
928	+2.654071e+01	+1.554748e+01	2.039506e+01
929	+2.501189e+01	+1.591756e+01	1.927519e+01
930	+2.427492e+01	+1.560134e+01	1.929384e+01
931	+2.340021e+01	+1.640122e+01	1.786140e+01
932	+2.264691e+01	+1.671920e+01	1.760659e+01
933	+2.344558e+01	+1.801985e+01	1.833176e+01
934	+2.451749e+01	+1.907425e+01	1.889269e+01
935	+2.287574e+01	+1.810868e+01	2.022353e+01
936	+2.427142e+01	+1.955108e+01	2.071825e+01
937	+2.536286e+01	+1.797542e+01	1.932479e+01
938	+2.696741e+01	+1.828707e+01	1.958845e+01
939	+2.727081e+01	+1.811888e+01	2.025258e+01
940	+2.759391e+01	+1.790304e+01	2.160251e+01
941	+2.788040e+01	+1.861942e+01	2.264566e+01
942	+2.717428e+01	+1.845388e+01	2.413286e+01
943	+2.697191e+01	+1.967138e+01	2.301540e+01
944	+2.736341e+01	+2.003069e+01	2.268891e+01
945	+2.709880e+01	+2.010073e+01	2.323474e+01
946	+2.616592e+01	+2.052692e+01	2.395568e+01
947	+2.505775e+01	+2.142259e+01	2.296577e+01
948	+2.670549e+01	+2.005921e+01	2.216882e+01
949	+2.669526e+01	+1.925157e+01	2.172678e+01
950	+2.679658e+01	+1.761508e+01	2.071955e+01
951	+2.705383e+01	+1.753157e+01	2.219758e+01
952	+2.584932e+01	+1.830314e+01	2.166110e+01
953	+2.533009e+01	+1.959595e+01	2.059493e+01
954	+2.420059e+01	+2.041127e+01	2.217610e+01
955	+2.464212e+01	+1.880184e+01	2.087337e+01
956	+2.498912e+01	+1.853649e+01	2.124138e+01
957	+2.571082e+01	+1.968879e+01	2.171824e+01
958	+2.641193e+01	+2.099124e+01	2.124530e+01
959	+2.784595e+01	+1.991721e+01	1.967501e+01
960	+2.708001e+01	+1.963408e+01	1.965999e+01
961	+2.852329e+01	+2.033521e+01	1.977692e+01
962	+2.915492e+01	+2.115633e+01	1.897880e+01
963	+2.876270e+01	+2.090517e+01	1.947675e+01
964	+2.927998e+01	+2.031961e+01	1.786577e+01
965	+2.755409e+01	+2.006503e+01	1.818641e+01
966	+2.905435e+01	+1.899849e+01	1.972110e+01
967	+2.751719e+01	+1.956090e+01	1.873499e+01
968	+2.706762e+01	+2.118644e+01	1.925038e+01
969	+2.586830e+01	+2.123987e+01	1.881216e+01
970	+2.655653e+01	+2.183607e+01	1.708025e+01
971	+2.723203e+01	+2.030750e+01	1.833097e+01
972	+2.653572e+01	+2.158037e+01	1.857598e+01
973	+2.610105e+01	+2.058431e+01	1.694543e+01
974	+2.521192e+01	+2.152703e+01	1.562050e+01
975	+2.515418e+01	+2.283376e+01	1.587287e+01
976	+2.511163e+01	+2.338860e+01	1.743799e+01
977	+2.624912e+01	+2.441143e+01	1.601293e+01
978	+2.497144e+01	+2.314119e+01	1.722155e+01
979	+2.424959e+01	+2.354767e+01	1.639751e+01
980	+2.476084e+01	+2.332062e+01	1.603780e+01
981	+2.627383e+01	+2.480904e+01	1.752386e+01
982	+2.708514e+01	+2.386176e+01	1.648834e+01
983	+2.851323e+01	+2.291613e+01	1.620339e+01
984	+2.773121e+01	+2.145605e+01	1.525096e+01
985	+2.873792e+01	+2.087275e+01	1.404011e+01
986	+2.912434e+01	+1.928596e+01	1.416917e+01
987	+3.039717e+01	+1.769346e+01	1.346761e+01
988	+2.868663e+01	+1.830654e+01	1.451528e+01
989	+3.038370e+01	+1.987004e+01	1.594401e+01
990	+2.952493e+01	+2.097591e+01	1.583131e+01
991	+2.981931e+01	+1.933745e+01	1.605983e+01
992	+2.908070e+01	+1.974088e+01	1.548025e+01
993	+2.893500e+01	+1.804174e+01	1.507342e+01
994	+2.743675e+01	+1.936921e+01	1.521209e+01
995	+2.729137e+01	+1.811834e+01	1.535221e+01
996	+2.715095e+01	+1.978658e+01	1.575156e+01
997	+2.607438e+01	+2.067757e+01	1.662472e+01
998	+2.560644e+01	+2.010215e+01	1.524389e+01
999	+2.417328e+01	+1.878808e+01	1.625468e+01
1000	+2.494762e+01	+1.812100e+01	1.753701e+01

