5	316	684	4	996	320	2680
15	217	467	6	990	223	2457
25	154	313	5	985	159	2298
35	85	228	3	982	88	2210
45	70	158	4	978	74	2136
55	45	113	4	974	49	2087
65	47	66	9	965	56	2031
75	20	46	5	960	25	2006
85	13	33	10	950	23	1983
95	14	19	3	947	17	1966
105	9	10	10	937	19	1947
115	3	7	6	931	9	1938
125	4	3	3	928	7	1931
135	1	2	4	924	5	1926
145	0	2	6	918	6	1920
155	1	1	10	908	11	1909
165	1	0	7	901	8	1901
175	0	0	1	900	1	1900
185	0	0	5	895	5	1895
195	0	0	5	890	5	1890
205	0	0	7	883	7	1883
215	0	0	7	876	7	1876
225	0	0	3	873	3	1873
235	0	0	1	872	1	1872
245	0	0	8	864	8	1864
255	0	0	6	858	6	1858
265	0	0	4	854	4	1854
275	0	0	5	849	5	1849
285	0	0	2	847	2	1847
295	0	0	2	845	2	1845
305	0	0	4	841	4	1841
315	0	0	4	837	4	1837
325	0	0	1	836	1	1836
335	0	0	6	830	6	1830
345	0	0	6	824	6	1824
355	0	0	4	820	4	1820
365	0	0	10	810	10	1810
375	0	0	5	805	5	1805
385	0	0	5	800	5	1800
395	0	0	3	797	3	1797
405	0	0	3	794	3	1794
415	0	0	7	787	7	1787
425	0	0	3	784	3	1784
435	0	0	3	781	3	1781
445	0	0	5	776	5	1776
455	0	0	5	771	5	1771
465	0	0	5	766	5	1766
475	0	0	5	761	5	1761
485	0	0	2	759	2	1759
495	0	0	5	754	5	1754
505	0	0	6	748	6	1748
515	0	0	5	743	5	1743
525	0	0	4	739	4	1739
535	0	0	1	738	1	1738
545	0	0	3	735	3	1735
555	0	0	6	729	6	1729
565	0	0	4	725	4	1725
575	0	0	6	719	6	1719
585	0	0	5	714	5	1714
595	0	0	3	711	3	1711
605	0	0	3	708	3	1708
615	0	0	3	705	3	1705
625	0	0	2	703	2	1703
635	0	0	7	696	7	1696
645	0	0	7	689	7	1689
655	0	0	7	682	7	1682
665	0	0	8	674	8	1674
675	0	0	5	669	5	1669
685	0	0	2	667	2	1667
695	0	0	6	661	6	1661
705	0	0	5	656	5	1656
715	0	0	3	653	3	1653
725	0	0	2	651	2	1651
735	0	0	2	649	2	1649
745	0	0	3	646	3	1646
755	0	0	7	639	7	1639
765	0	0	11	628	11	1628
775	0	0	2	626	2	1626
785	0	0	2	624	2	1624
795	0	0	2	622	2	1622
805	0	0	4	618	4	1618
815	0	0	6	612	6	1612
825	0	0	6	606	6	1606
835	0	0	3	603	3	1603
845	0	0	5	598	5	1598
855	0	0	0	598	0	1598
865	0	0	3	595	3	1595
875	0	0	4	591	4	1591
885	0	0	7	584	7	1584
895	0	0	4	580	4	1580
905	0	0	1	579	1	1579
915	0	0	1	578	1	1578
925	0	0	2	576	2	1576
935	0	0	4	572	4	1572
945	0	0	1	571	1	1571
955	0	0	6	565	6	1565
965	0	0	4	561	4	1561
975	0	0	4	557	4	1557
985	0	0	4	553	4	1553
995	0	0	0	553	0	1553
1005	0	0	2	551	2	1551
1015	0	0	5	546	5	1546
1025	0	0	3	543	3	1543
1035	0	0	2	541	2	1541
1045	0	0	3	538	3	1538
1055	0	0	2	536	2	1536
1065	0	0	5	531	5	1531
1075	0	0	3	528	3	1528
1085	0	0	2	526	2	1526
1095	0	0	3	523	3	1523
1105	0	0	7	516	7	1516
1115	0	0	4	512	4	1512
1125	0	0	2	510	2	1510
1135	0	0	2	508	2	1508
1145	0	0	3	505	3	1505
1155	0	0	1	504	1	1504
1165	0	0	7	497	7	1497
1175	0	0	4	493	4	1493
1185	0	0	5	488	5	1488
1195	0	0	2	486	2	1486
1205	0	0	2	484	2	1484
1215	0	0	5	479	5	1479
1225	0	0	0	479	0	1479
1235	0	0	2	477	2	1477
1245	0	0	1	476	1	1476
1255	0	0	4	472	4	1472
1265	0	0	1	471	1	1471
1275	0	0	2	469	2	1469
1285	0	0	2	467	2	1467
1295	0	0	2	465	2	1465
1305	0	0	2	463	2	1463
1315	0	0	1	462	1	1462
1325	0	0	3	459	3	1459
1335	0	0	5	454	5	1454
1345	0	0	5	449	5	1449
1355	0	0	3	446	3	1446
1365	0	0	0	446	0	1446
1375	0	0	1	445	1	1445
1385	0	0	3	442	3	1442
1395	0	0	3	439	3	1439
1405	0	0	3	436	3	1436
1415	0	0	2	434	2	1434
1425	0	0	4	430	4	1430
1435	0	0	3	427	3	1427
1445	0	0	3	424	3	1424
1455	0	0	3	421	3	1421
1465	0	0	3	418	3	1418
1475	0	0	0	418	0	1418
1485	0	0	2	416	2	1416
1495	0	0	3	413	3	1413
1505	0	0	2	411	2	1411
1515	0	0	1	410	1	1410
1525	0	0	2	408	2	1408
1535	0	0	2	406	2	1406
1545	0	0	2	404	2	1404
1555	0	0	1	403	1	1403
1565	0	0	1	402	1	1402
1575	0	0	3	399	3	1399
1585	0	0	0	399	0	1399
1595	0	0	0	399	0	1399
1605	0	0	3	396	3	1396
1615	0	0	5	391	5	1391
1625	0	0	1	390	1	1390
1635	0	0	1	389	1	1389
1645	0	0	5	384	5	1384
1655	0	0	2	382	2	1382
1665	0	0	1	381	1	1381
1675	0	0	0	381	0	1381
1685	0	0	2	379	2	1379
1695	0	0	2	377	2	1377
1705	0	0	1	376	1	1376
1715	0	0	4	372	4	1372
1725	0	0	1	371	1	1371
1735	0	0	1	370	1	1370
1745	0	0	4	366	4	1366
1755	0	0	2	364	2	1364
1765	0	0	3	361	3	1361
1775	0	0	1	360	1	1360
1785	0	0	2	358	2	1358
1795	0	0	1	357	1	1357
1805	0	0	0	357	0	1357
1815	0	0	1	356	1	1356
1825	0	0	2	354	2	1354
1835	0	0	1	353	1	1353
1845	0	0	1	352	1	1352
1855	0	0	1	351	1	1351
1865	0	0	3	348	3	1348
1875	0	0	1	347	1	1347
1885	0	0	2	345	2	1345
1895	0	0	1	344	1	1344
1905	0	0	5	339	5	1339
1915	0	0	1	338	1	1338
1925	0	0	1	337	1	1337
1935	0	0	2	335	2	1335
1945	0	0	1	334	1	1334
1955	0	0	4	330	4	1330
1965	0	0	1	329	1	1329
1975	0	0	1	328	1	1328
1985	0	0	1	327	1	1327
1995	0	0	0	327	0	1327
2005	0	0	1	326	1	1326
2015	0	0	3	323	3	1323
2025	0	0	2	321	2	1321
2035	0	0	0	321	0	1321
2045	0	0	3	318	3	1318
2055	0	0	1	317	1	1317
2065	0	0	1	316	1	1316
2075	0	0	3	313	3	1313
2085	0	0	1	312	1	1312
2095	0	0	4	308	4	1308
2105	0	0	4	304	4	1304
2115	0	0	2	302	2	1302
2125	0	0	0	302	0	1302
2135	0	0	3	299	3	1299
2145	0	0	1	298	1	1298
2155	0	0	2	296	2	1296
2165	0	0	3	293	3	1293
2175	0	0	4	289	4	1289
2185	0	0	1	288	1	1288
2195	0	0	1	287	1	1287
2205	0	0	2	285	2	1285
2215	0	0	3	282	3	1282
2225	0	0	0	282	0	1282
2235	0	0	1	281	1	1281
2245	0	0	2	279	2	1279
2255	0	0	0	279	0	1279
2265	0	0	3	276	3	1276
2275	0	0	2	274	2	1274
2285	0	0	1	273	1	1273
2295	0	0	2	271	2	1271
2305	0	0	1	270	1	1270
2315	0	0	4	266	4	1266
2325	0	0	2	264	2	1264
2335	0	0	3	261	3	1261
2345	0	0	0	261	0	1261
2355	0	0	4	257	4	1257
2365	0	0	2	255	2	1255
2375	0	0	2	253	2	1253
2385	0	0	0	253	0	1253
2395	0	0	4	249	4	1249
2405	0	0	2	247	2	1247
2415	0	0	1	246	1	1246
2425	0	0	0	246	0	1246
2435	0	0	0	246	0	1246
2445	0	0	2	244	2	1244
2455	0	0	2	242	2	1242
2465	0	0	2	240	2	1240
2475	0	0	2	238	2	1238
2485	0	0	1	237	1	1237
2495	0	0	3	234	3	1234
2505	0	0	1	233	1	1233
2515	0	0	1	232	1	1232
2525	0	0	2	230	2	1230
2535	0	0	2	228	2	1228
2545	0	0	0	228	0	1228
2555	0	0	0	228	0	1228
2565	0	0	1	227	1	1227
2575	0	0	2	225	2	1225
2585	0	0	1	224	1	1224
2595	0	0	1	223	1	1223
2605	0	0	1	222	1	1222
2615	0	0	2	220	2	1220
2625	0	0	0	220	0	1220
2635	0	0	0	220	0	1220
2645	0	0	2	218	2	1218
2655	0	0	0	218	0	1218
2665	0	0	2	216	2	1216
2675	0	0	1	215	1	1215
2685	0	0	3	212	3	1212
2695	0	0	0	212	0	1212
2705	0	0	0	212	0	1212
2715	0	0	5	207	5	1207
2725	0	0	1	206	1	1206
2735	0	0	1	205	1	1205
2745	0	0	1	204	1	1204
2755	0	0	1	203	1	1203
2765	0	0	1	202	1	1202
2775	0	0	0	202	0	1202
2785	0	0	2	200	2	1200
2795	0	0	0	200	0	1200
2805	0	0	0	200	0	1200
2815	0	0	1	199	1	1199
2825	0	0	2	197	2	1197
2835	0	0	0	197	0	1197
2845	0	0	1	196	1	1196
2855	0	0	0	196	0	1196
2865	0	0	0	196	0	1196
2875	0	0	0	196	0	1196
2885	0	0	1	195	1	1195
2895	0	0	0	195	0	1195
2905	0	0	1	194	1	1194
2915	0	0	3	191	3	1191
2925	0	0	0	191	0	1191
2935	0	0	0	191	0	1191
2945	0	0	0	191	0	1191
2955	0	0	1	190	1	1190
2965	0	0	0	190	0	1190
2975	0	0	2	188	2	1188
2985	0	0	0	188	0	1188
2995	0	0	0	188	0	1188
3005	0	0	0	188	0	1188
3015	0	0	1	187	1	1187
3025	0	0	2	185	2	1185
3035	0	0	0	185	0	1185
3045	0	0	3	182	3	1182
3055	0	0	0	182	0	1182
3065	0	0	3	179	3	1179
3075	0	0	0	179	0	1179
3085	0	0	0	179	0	1179
3095	0	0	2	177	2	1177
3105	0	0	1	176	1	1176
3115	0	0	0	176	0	1176
3125	0	0	1	175	1	1175
3135	0	0	3	172	3	1172
3145	0	0	0	172	0	1172
3155	0	0	1	171	1	1171
3165	0	0	2	169	2	1169
3175	0	0	3	166	3	1166
3185	0	0	0	166	0	1166
3195	0	0	3	163	3	1163
3205	0	0	1	162	1	1162
3215	0	0	1	161	1	1161
3225	0	0	1	160	1	1160
3235	0	0	0	160	0	1160
3245	0	0	0	160	0	1160
3255	0	0	0	160	0	1160
3265	0	0	0	160	0	1160
3275	0	0	2	158	2	1158
3285	0	0	0	158	0	1158
3295	0	0	0	158	0	1158
3305	0	0	0	158	0	1158
3315	0	0	2	156	2	1156
3325	0	0	2	154	2	1154
3335	0	0	1	153	1	1153
3345	0	0	3	150	3	1150
3355	0	0	1	149	1	1149
3365	0	0	0	149	0	1149
3375	0	0	2	147	2	1147
3385	0	0	1	146	1	1146
3395	0	0	2	144	2	1144
3405	0	0	0	144	0	1144
3415	0	0	0	144	0	1144
3425	0	0	4	140	4	1140
3435	0	0	1	139	1	1139
3445	0	0	0	139	0	1139
3455	0	0	0	139	0	1139
3465	0	0	1	138	1	1138
3475	0	0	0	138	0	1138
3485	0	0	2	136	2	1136
3495	0	0	1	135	1	1135
3505	0	0	0	135	0	1135
3515	0	0	1	134	1	1134
3525	0	0	1	133	1	1133
3535	0	0	0	133	0	1133
3545	0	0	1	132	1	1132
3555	0	0	0	132	0	1132
3565	0	0	1	131	1	1131
3575	0	0	1	130	1	1130
3585	0	0	0	130	0	1130
3595	0	0	0	130	0	1130
3605	0	0	1	129	1	1129
3615	0	0	0	129	0	1129
3625	0	0	0	129	0	1129
3635	0	0	0	129	0	1129
3645	0	0	1	128	1	1128
3655	0	0	0	128	0	1128
3665	0	0	0	128	0	1128
3675	0	0	2	126	2	1126
3685	0	0	0	126	0	1126
3695	0	0	0	126	0	1126
3705	0	0	1	125	1	1125
3715	0	0	1	124	1	1124
3725	0	0	1	123	1	1123
3735	0	0	0	123	0	1123
3745	0	0	2	121	2	1121
3755	0	0	2	119	2	1119
3765	0	0	1	118	1	1118
3775	0	0	0	118	0	1118
3785	0	0	0	118	0	1118
3795	0	0	2	116	2	1116
3805	0	0	0	116	0	1116
3815	0	0	0	116	0	1116
3825	0	0	0	116	0	1116
3835	0	0	0	116	0	1116
3845	0	0	1	115	1	1115
3855	0	0	0	115	0	1115
3865	0	0	1	114	1	1114
3875	0	0	0	114	0	1114
3885	0	0	1	113	1	1113
3895	0	0	0	113	0	1113
3905	0	0	0	113	0	1113
3915	0	0	0	113	0	1113
3925	0	0	1	112	1	1112
3935	0	0	1	111	1	1111
3945	0	0	1	110	1	1110
3955	0	0	2	108	2	1108
3965	0	0	0	108	0	1108
3975	0	0	1	107	1	1107
3985	0	0	1	106	1	1106
3995	0	0	2	104	2	1104
4005	0	0	0	104	0	1104
4015	0	0	0	104	0	1104
4025	0	0	0	104	0	1104
4035	0	0	0	104	0	1104
4045	0	0	0	104	0	1104
4055	0	0	0	104	0	1104
4065	0	0	0	104	0	1104
4075	0	0	0	104	0	1104
4085	0	0	0	104	0	1104
4095	0	0	2	102	2	1102
4105	0	0	0	102	0	1102
4115	0	0	1	101	1	1101
4125	0	0	0	101	0	1101
4135	0	0	0	101	0	1101
4145	0	0	0	101	0	1101
4155	0	0	0	101	0	1101
4165	0	0	1	100	1	1100
4175	0	0	0	100	0	1100
4185	0	0	0	100	0	1100
4195	0	0	1	99	1	1099
4205	0	0	2	97	2	1097
4215	0	0	2	95	2	1095
4225	0	0	0	95	0	1095
4235	0	0	1	94	1	1094
4245	0	0	0	94	0	1094
4255	0	0	0	94	0	1094
4265	0	0	0	94	0	1094
4275	0	0	0	94	0	1094
4285	0	0	0	94	0	1094
4295	0	0	0	94	0	1094
4305	0	0	1	93	1	1093
4315	0	0	1	92	1	1092
4325	0	0	0	92	0	1092
4335	0	0	0	92	0	1092
4345	0	0	0	92	0	1092
4355	0	0	0	92	0	1092
4365	0	0	0	92	0	1092
4375	0	0	1	91	1	1091
4385	0	0	1	90	1	1090
4395	0	0	1	89	1	1089
4405	0	0	0	89	0	1089
4415	0	0	0	89	0	1089
4425	0	0	0	89	0	1089
4435	0	0	0	89	0	1089
4445	0	0	0	89	0	1089
4455	0	0	1	88	1	1088
4465	0	0	1	87	1	1087
4475	0	0	1	86	1	1086
4485	0	0	0	86	0	1086
4495	0	0	0	86	0	1086
4505	0	0	0	86	0	1086
4515	0	0	1	85	1	1085
4525	0	0	1	84	1	1084
4535	0	0	0	84	0	1084
4545	0	0	0	84	0	1084
4555	0	0	0	84	0	1084
4565	0	0	1	83	1	1083
4575	0	0	0	83	0	1083
4585	0	0	1	82	1	1082
4595	0	0	0	82	0	1082
4605	0	0	0	82	0	1082
4615	0	0	0	82	0	1082
4625	0	0	0	82	0	1082
4635	0	0	1	81	1	1081
4645	0	0	0	81	0	1081
4655	0	0	1	80	1	1080
4665	0	0	0	80	0	1080
4675	0	0	0	80	0	1080
4685	0	0	0	80	0	1080
4695	0	0	1	79	1	1079
4705	0	0	0	79	0	1079
4715	0	0	1	78	1	1078
4725	0	0	1	77	1	1077
4735	0	0	0	77	0	1077
4745	0	0	0	77	0	1077
4755	0	0	1	76	1	1076
4765	0	0	0	76	0	1076
4775	0	0	2	74	2	1074
4785	0	0	0	74	0	1074
4795	0	0	0	74	0	1074
4805	0	0	0	74	0	1074
4815	0	0	0	74	0	1074
4825	0	0	2	72	2	1072
4835	0	0	2	70	2	1070
4845	0	0	2	68	2	1068
4855	0	0	0	68	0	1068
4865	0	0	0	68	0	1068
4875	0	0	0	68	0	1068
4885	0	0	0	68	0	1068
4895	0	0	2	66	2	1066
4905	0	0	1	65	1	1065
4915	0	0	0	65	0	1065
4925	0	0	0	65	0	1065
4935	0	0	0	65	0	1065
4945	0	0	0	65	0	1065
4955	0	0	0	65	0	1065
4965	0	0	0	65	0	1065
4975	0	0	0	65	0	1065
4985	0	0	0	65	0	1065
4995	0	0	1	64	1	1064
5005	0	0	1	63	1	1063
5015	0	0	0	63	0	1063
5025	0	0	1	62	1	1062
5035	0	0	0	62	0	1062
5045	0	0	0	62	0	1062
5055	0	0	0	62	0	1062
5065	0	0	0	62	0	1062
5075	0	0	1	61	1	1061
5085	0	0	0	61	0	1061
5095	0	0	0	61	0	1061
5105	0	0	0	61	0	1061
5115	0	0	0	61	0	1061
5125	0	0	1	60	1	1060
5135	0	0	0	60	0	1060
5145	0	0	1	59	1	1059
5155	0	0	0	59	0	1059
5165	0	0	0	59	0	1059
5175	0	0	0	59	0	1059
5185	0	0	0	59	0	1059
5195	0	0	2	57	2	1057
5205	0	0	0	57	0	1057
5215	0	0	0	57	0	1057
5225	0	0	0	57	0	1057
5235	0	0	1	56	1	1056
5245	0	0	0	56	0	1056
5255	0	0	1	55	1	1055
5265	0	0	0	55	0	1055
5275	0	0	1	54	1	1054
5285	0	0	0	54	0	1054
5295	0	0	0	54	0	1054
5305	0	0	0	54	0	1054
5315	0	0	0	54	0	1054
5325	0	0	2	52	2	1052
5335	0	0	0	52	0	1052
5345	0	0	0	52	0	1052
5355	0	0	0	52	0	1052
5365	0	0	0	52	0	1052
5375	0	0	1	51	1	1051
5385	0	0	0	51	0	1051
5395	0	0	0	51	0	1051
5405	0	0	0	51	0	1051
5415	0	0	0	51	0	1051
5425	0	0	0	51	0	1051
5435	0	0	1	50	1	1050
5445	0	0	0	50	0	1050
5455	0	0	0	50	0	1050
5465	0	0	0	50	0	1050
5475	0	0	1	49	1	1049
5485	0	0	0	49	0	1049
5495	0	0	3	46	3	1046
5505	0	0	0	46	0	1046
5515	0	0	0	46	0	1046
5525	0	0	0	46	0	1046
5535	0	0	0	46	0	1046
5545	0	0	0	46	0	1046
5555	0	0	0	46	0	1046
5565	0	0	0	46	0	1046
5575	0	0	0	46	0	1046
5585	0	0	0	46	0	1046
5595	0	0	0	46	0	1046
5605	0	0	0	46	0	1046
5615	0	0	0	46	0	1046
5625	0	0	0	46	0	1046
5635	0	0	1	45	1	1045
5645	0	0	0	45	0	1045
5655	0	0	0	45	0	1045
5665	0	0	0	45	0	1045
5675	0	0	0	45	0	1045
5685	0	0	2	43	2	1043
5695	0	0	0	43	0	1043
5705	0	0	0	43	0	1043
5715	0	0	0	43	0	1043
5725	0	0	0	43	0	1043
5735	0	0	0	43	0	1043
5745	0	0	1	42	1	1042
5755	0	0	0	42	0	1042
5765	0	0	0	42	0	1042
5775	0	0	0	42	0	1042
5785	0	0	0	42	0	1042
5795	0	0	2	40	2	1040
5805	0	0	0	40	0	1040
5815	0	0	0	40	0	1040
5825	0	0	2	38	2	1038
5835	0	0	0	38	0	1038
5845	0	0	1	37	1	1037
5855	0	0	1	36	1	1036
5865	0	0	0	36	0	1036
5875	0	0	0	36	0	1036
5885	0	0	0	36	0	1036
5895	0	0	0	36	0	1036
5905	0	0	0	36	0	1036
5915	0	0	0	36	0	1036
5925	0	0	0	36	0	1036
5935	0	0	0	36	0	1036
5945	0	0	0	36	0	1036
5955	0	0	0	36	0	1036
5965	0	0	0	36	0	1036
5975	0	0	0	36	0	1036
5985	0	0	0	36	0	1036
5995	0	0	0	36	0	1036
6005	0	0	0	36	0	1036
6015	0	0	0	36	0	1036
6025	0	0	0	36	0	1036
6035	0	0	0	36	0	1036
6045	0	0	0	36	0	1036
6055	0	0	0	36	0	1036
6065	0	0	0	36	0	1036
6075	0	0	0	36	0	1036
6085	0	0	0	36	0	1036
6095	0	0	1	35	1	1035
6105	0	0	0	35	0	1035
6115	0	0	0	35	0	1035
6125	0	0	0	35	0	1035
6135	0	0	0	35	0	1035
6145	0	0	0	35	0	1035
6155	0	0	0	35	0	1035
6165	0	0	0	35	0	1035
6175	0	0	0	35	0	1035
6185	0	0	1	34	1	1034
6195	0	0	0	34	0	1034
6205	0	0	0	34	0	1034
6215	0	0	0	34	0	1034
6225	0	0	1	33	1	1033
6235	0	0	0	33	0	1033
6245	0	0	0	33	0	1033
6255	0	0	0	33	0	1033
6265	0	0	0	33	0	1033
6275	0	0	0	33	0	1033
6285	0	0	1	32	1	1032
6295	0	0	0	32	0	1032
6305	0	0	0	32	0	1032
6315	0	0	1	31	1	1031
6325	0	0	0	31	0	1031
6335	0	0	0	31	0	1031
6345	0	0	0	31	0	1031
6355	0	0	0	31	0	1031
6365	0	0	0	31	0	1031
6375	0	0	0	31	0	1031
6385	0	0	0	31	0	1031
6395	0	0	0	31	0	1031
6405	0	0	0	31	0	1031
6415	0	0	0	31	0	1031
6425	0	0	0	31	0	1031
6435	0	0	0	31	0	1031
6445	0	0	0	31	0	1031
6455	0	0	1	30	1	1030
6465	0	0	0	30	0	1030
6475	0	0	0	30	0	1030
6485	0	0	0	30	0	1030
6495	0	0	0	30	0	1030
6505	0	0	0	30	0	1030
6515	0	0	0	30	0	1030
6525	0	0	0	30	0	1030
6535	0	0	0	30	0	1030
6545	0	0	1	29	1	1029
6555	0	0	0	29	0	1029
6565	0	0	0	29	0	1029
6575	0	0	0	29	0	1029
6585	0	0	0	29	0	1029
6595	0	0	0	29	0	1029
6605	0	0	0	29	0	1029
6615	0	0	0	29	0	1029
6625	0	0	0	29	0	1029
6635	0	0	0	29	0	1029
6645	0	0	0	29	0	1029
6655	0	0	0	29	0	1029
6665	0	0	1	28	1	1028
6675	0	0	0	28	0	1028
6685	0	0	0	28	0	1028
6695	0	0	0	28	0	1028
6705	0	0	0	28	0	1028
6715	0	0	1	27	1	1027
6725	0	0	0	27	0	1027
6735	0	0	0	27	0	1027
6745	0	0	0	27	0	1027
6755	0	0	0	27	0	1027
6765	0	0	0	27	0	1027
6775	0	0	0	27	0	1027
6785	0	0	0	27	0	1027
6795	0	0	0	27	0	1027
6805	0	0	0	27	0	1027
6815	0	0	0	27	0	1027
6825	0	0	0	27	0	1027
6835	0	0	0	27	0	1027
6845	0	0	0	27	0	1027
6855	0	0	0	27	0	1027
6865	0	0	0	27	0	1027
6875	0	0	0	27	0	1027
6885	0	0	0	27	0	1027
6895	0	0	0	27	0	1027
6905	0	0	1	26	1	1026
6915	0	0	0	26	0	1026
6925	0	0	0	26	0	1026
6935	0	0	0	26	0	1026
6945	0	0	1	25	1	1025
6955	0	0	0	25	0	1025
6965	0	0	0	25	0	1025
6975	0	0	0	25	0	1025
6985	0	0	0	25	0	1025
6995	0	0	0	25	0	1025
7005	0	0	0	25	0	1025
7015	0	0	0	25	0	1025
7025	0	0	0	25	0	1025
7035	0	0	1	24	1	1024
7045	0	0	1	23	1	1023
7055	0	0	0	23	0	1023
7065	0	0	0	23	0	1023
7075	0	0	0	23	0	1023
7085	0	0	0	23	0	1023
7095	0	0	0	23	0	1023
7105	0	0	0	23	0	1023
7115	0	0	0	23	0	1023
7125	0	0	0	23	0	1023
7135	0	0	0	23	0	1023
7145	0	0	0	23	0	1023
7155	0	0	0	23	0	1023
7165	0	0	0	23	0	1023
7175	0	0	0	23	0	1023
7185	0	0	0	23	0	1023
7195	0	0	0	23	0	1023
7205	0	0	0	23	0	1023
7215	0	0	0	23	0	1023
7225	0	0	0	23	0	1023
7235	0	0	0	23	0	1023
7245	0	0	0	23	0	1023
7255	0	0	1	22	1	1022
7265	0	0	0	22	0	1022
7275	0	0	0	22	0	1022
7285	0	0	0	22	0	1022
7295	0	0	0	22	0	1022
7305	0	0	0	22	0	1022
7315	0	0	1	21	1	1021
7325	0	0	0	21	0	1021
7335	0	0	0	21	0	1021
7345	0	0	0	21	0	1021
7355	0	0	1	20	1	1020
7365	0	0	0	20	0	1020
7375	0	0	0	20	0	1020
7385	0	0	0	20	0	1020
7395	0	0	1	19	1	1019
7405	0	0	0	19	0	1019
7415	0	0	0	19	0	1019
7425	0	0	1	18	1	1018
7435	0	0	1	17	1	1017
7445	0	0	0	17	0	1017
7455	0	0	0	17	0	1017
7465	0	0	0	17	0	1017
7475	0	0	0	17	0	1017
7485	0	0	0	17	0	1017
7495	0	0	1	16	1	1016
7505	0	0	0	16	0	1016
7515	0	0	0	16	0	1016
7525	0	0	1	15	1	1015
7535	0	0	0	15	0	1015
7545	0	0	0	15	0	1015
7555	0	0	0	15	0	1015
7565	0	0	0	15	0	1015
7575	0	0	0	15	0	1015
7585	0	0	0	15	0	1015
7595	0	0	0	15	0	1015
7605	0	0	0	15	0	1015
7615	0	0	0	15	0	1015
7625	0	0	0	15	0	1015
7635	0	0	1	14	1	1014
7645	0	0	0	14	0	1014
7655	0	0	0	14	0	1014
7665	0	0	0	14	0	1014
7675	0	0	0	14	0	1014
7685	0	0	0	14	0	1014
7695	0	0	0	14	0	1014
7705	0	0	0	14	0	1014
7715	0	0	0	14	0	1014
7725	0	0	1	13	1	1013
7735	0	0	0	13	0	1013
7745	0	0	0	13	0	1013
7755	0	0	0	13	0	1013
7765	0	0	0	13	0	1013
7775	0	0	0	13	0	1013
7785	0	0	0	13	0	1013
7795	0	0	0	13	0	1013
7805	0	0	0	13	0	1013
7815	0	0	0	13	0	1013
7825	0	0	0	13	0	1013
7835	0	0	0	13	0	1013
7845	0	0	0	13	0	1013
7855	0	0	0	13	0	1013
7865	0	0	0	13	0	1013
7875	0	0	0	13	0	1013
7885	0	0	0	13	0	1013
7895	0	0	0	13	0	1013
7905	0	0	0	13	0	1013
7915	0	0	0	13	0	1013
7925	0	0	0	13	0	1013
7935	0	0	0	13	0	1013
7945	0	0	0	13	0	1013
7955	0	0	0	13	0	1013
7965	0	0	0	13	0	1013
7975	0	0	0	13	0	1013
7985	0	0	0	13	0	1013
7995	0	0	1	12	1	1012
8005	0	0	0	12	0	1012
8015	0	0	0	12	0	1012
8025	0	0	0	12	0	1012
8035	0	0	0	12	0	1012
8045	0	0	0	12	0	1012
8055	0	0	0	12	0	1012
8065	0	0	0	12	0	1012
8075	0	0	0	12	0	1012
8085	0	0	0	12	0	1012
8095	0	0	0	12	0	1012
8105	0	0	0	12	0	1012
8115	0	0	0	12	0	1012
8125	0	0	0	12	0	1012
8135	0	0	0	12	0	1012
8145	0	0	0	12	0	1012
8155	0	0	1	11	1	1011
8165	0	0	0	11	0	1011
8175	0	0	0	11	0	1011
8185	0	0	0	11	0	1011
8195	0	0	0	11	0	1011
8205	0	0	0	11	0	1011
8215	0	0	0	11	0	1011
8225	0	0	0	11	0	1011
8235	0	0	0	11	0	1011
8245	0	0	0	11	0	1011
8255	0	0	1	10	1	1010
8265	0	0	0	10	0	1010
8275	0	0	0	10	0	1010
8285	0	0	0	10	0	1010
8295	0	0	0	10	0	1010
8305	0	0	0	10	0	1010
8315	0	0	0	10	0	1010
8325	0	0	0	10	0	1010
8335	0	0	0	10	0	1010
8345	0	0	0	10	0	1010
8355	0	0	0	10	0	1010
8365	0	0	0	10	0	1010
8375	0	0	0	10	0	1010
8385	0	0	0	10	0	1010
8395	0	0	0	10	0	1010
8405	0	0	1	9	1	1009
8415	0	0	0	9	0	1009
8425	0	0	0	9	0	1009
8435	0	0	0	9	0	1009
8445	0	0	0	9	0	1009
8455	0	0	0	9	0	1009
8465	0	0	0	9	0	1009
8475	0	0	0	9	0	1009
8485	0	0	0	9	0	1009
8495	0	0	0	9	0	1009
8505	0	0	0	9	0	1009
8515	0	0	0	9	0	1009
8525	0	0	0	9	0	1009
8535	0	0	0	9	0	1009
8545	0	0	0	9	0	1009
8555	0	0	0	9	0	1009
8565	0	0	0	9	0	1009
8575	0	0	0	9	0	1009
8585	0	0	0	9	0	1009
8595	0	0	0	9	0	1009
8605	0	0	0	9	0	1009
8615	0	0	0	9	0	1009
8625	0	0	0	9	0	1009
8635	0	0	0	9	0	1009
8645	0	0	0	9	0	1009
8655	0	0	0	9	0	1009
8665	0	0	0	9	0	1009
8675	0	0	0	9	0	1009
8685	0	0	0	9	0	1009
8695	0	0	0	9	0	1009
8705	0	0	0	9	0	1009
8715	0	0	0	9	0	1009
8725	0	0	0	9	0	1009
8735	0	0	0	9	0	1009
8745	0	0	0	9	0	1009
8755	0	0	0	9	0	1009
8765	0	0	0	9	0	1009
8775	0	0	0	9	0	1009
8785	0	0	0	9	0	1009
8795	0	0	0	9	0	1009
8805	0	0	0	9	0	1009
8815	0	0	0	9	0	1009
8825	0	0	0	9	0	1009
8835	0	0	0	9	0	1009
8845	0	0	0	9	0	1009
8855	0	0	0	9	0	1009
8865	0	0	0	9	0	1009
8875	0	0	0	9	0	1009
8885	0	0	0	9	0	1009
8895	0	0	0	9	0	1009
8905	0	0	0	9	0	1009
8915	0	0	0	9	0	1009
8925	0	0	0	9	0	1009
8935	0	0	0	9	0	1009
8945	0	0	0	9	0	1009
8955	0	0	0	9	0	1009
8965	0	0	0	9	0	1009
8975	0	0	0	9	0	1009
8985	0	0	0	9	0	1009
8995	0	0	0	9	0	1009
9005	0	0	0	9	0	1009
9015	0	0	0	9	0	1009
9025	0	0	0	9	0	1009
9035	0	0	0	9	0	1009
9045	0	0	0	9	0	1009
9055	0	0	0	9	0	1009
9065	0	0	0	9	0	1009
9075	0	0	0	9	0	1009
9085	0	0	0	9	0	1009
9095	0	0	0	9	0	1009
9105	0	0	0	9	0	1009
9115	0	0	0	9	0	1009
9125	0	0	0	9	0	1009
9135	0	0	0	9	0	1009
9145	0	0	0	9	0	1009
9155	0	0	0	9	0	1009
9165	0	0	0	9	0	1009
9175	0	0	0	9	0	1009
9185	0	0	0	9	0	1009
9195	0	0	0	9	0	1009
9205	0	0	0	9	0	1009
9215	0	0	0	9	0	1009
9225	0	0	0	9	0	1009
9235	0	0	0	9	0	1009
9245	0	0	0	9	0	1009
9255	0	0	0	9	0	1009
9265	0	0	0	9	0	1009
9275	0	0	0	9	0	1009
9285	0	0	0	9	0	1009
9295	0	0	0	9	0	1009
9305	0	0	0	9	0	1009
9315	0	0	0	9	0	1009
9325	0	0	0	9	0	1009
9335	0	0	0	9	0	1009
9345	0	0	0	9	0	1009
9355	0	0	0	9	0	1009
9365	0	0	0	9	0	1009
9375	0	0	0	9	0	1009
9385	0	0	0	9	0	1009
9395	0	0	0	9	0	1009
9405	0	0	0	9	0	1009
9415	0	0	0	9	0	1009
9425	0	0	0	9	0	1009
9435	0	0	0	9	0	1009
9445	0	0	0	9	0	1009
9455	0	0	0	9	0	1009
9465	0	0	0	9	0	1009
9475	0	0	0	9	0	1009
9485	0	0	0	9	0	1009
9495	0	0	0	9	0	1009
9505	0	0	0	9	0	1009
9515	0	0	0	9	0	1009
9525	0	0	0	9	0	1009
9535	0	0	0	9	0	1009
9545	0	0	0	9	0	1009
9555	0	0	0	9	0	1009
9565	0	0	0	9	0	1009
9575	0	0	0	9	0	1009
9585	0	0	0	9	0	1009
9595	0	0	0	9	0	1009
9605	0	0	0	9	0	1009
9615	0	0	0	9	0	1009
9625	0	0	0	9	0	1009
9635	0	0	0	9	0	1009
9645	0	0	0	9	0	1009
9655	0	0	0	9	0	1009
9665	0	0	0	9	0	1009
9675	0	0	0	9	0	1009
9685	0	0	0	9	0	1009
9695	0	0	0	9	0	1009
9705	0	0	0	9	0	1009
9715	0	0	0	9	0	1009
9725	0	0	0	9	0	1009
9735	0	0	0	9	0	1009
9745	0	0	0	9	0	1009
9755	0	0	0	9	0	1009
9765	0	0	0	9	0	1009
9775	0	0	0	9	0	1009
9785	0	0	0	9	0	1009
9795	0	0	0	9	0	1009
9805	0	0	0	9	0	1009
9815	0	0	0	9	0	1009
9825	0	0	0	9	0	1009
9835	0	0	0	9	0	1009
9845	0	0	0	9	0	1009
9855	0	0	0	9	0	1009
9865	0	0	0	9	0	1009
9875	0	0	0	9	0	1009
9885	0	0	0	9	0	1009
9895	0	0	0	9	0	1009
9905	0	0	0	9	0	1009
9915	0	0	0	9	0	1009
9925	0	0	0	9	0	1009
9935	0	0	0	9	0	1009
9945	0	0	0	9	0	1009
9955	0	0	0	9	0	1009
9965	0	0	0	9	0	1009
9975	0	0	0	9	0	1009
9985	0	0	0	9	0	1009
9995	0	0	0	9	0	1009
10005	0	0	0	9	0	1009
10015	0	0	0	9	0	1009
10025	0	0	0	9	0	1009
10035	0	0	0	9	0	1009
10045	0	0	0	9	0	1009
10055	0	0	0	9	0	1009
10065	0	0	0	9	0	1009
10075	0	0	0	9	0	1009
10085	0	0	0	9	0	1009
10095	0	0	0	9	0	1009
10105	0	0	0	9	0	1009
10115	0	0	0	9	0	1009
10125	0	0	0	9	0	1009
10135	0	0	0	9	0	1009
10145	0	0	0	9	0	1009
10155	0	0	0	9	0	1009
10165	0	0	0	9	0	1009
10175	0	0	0	9	0	1009
10185	0	0	0	9	0	1009
10195	0	0	0	9	0	1009
10205	0	0	0	9	0	1009
10215	0	0	0	9	0	1009
10225	0	0	0	9	0	1009
10235	0	0	0	9	0	1009
10245	0	0	0	9	0	1009
10255	0	0	0	9	0	1009
10265	0	0	0	9	0	1009
10275	0	0	0	9	0	1009
10285	0	0	0	9	0	1009
10295	0	0	0	9	0	1009
10305	0	0	0	9	0	1009
10315	0	0	1	8	1	1008
10325	0	0	0	8	0	1008
10335	0	0	0	8	0	1008
10345	0	0	0	8	0	1008
10355	0	0	0	8	0	1008
10365	0	0	0	8	0	1008
10375	0	0	0	8	0	1008
10385	0	0	0	8	0	1008
10395	0	0	0	8	0	1008
10405	0	0	0	8	0	1008
10415	0	0	0	8	0	1008
10425	0	0	0	8	0	1008
10435	0	0	0	8	0	1008
10445	0	0	0	8	0	1008
10455	0	0	0	8	0	1008
10465	0	0	1	7	1	1007
10475	0	0	0	7	0	1007
10485	0	0	0	7	0	1007
10495	0	0	1	6	1	1006
10505	0	0	0	6	0	1006
10515	0	0	0	6	0	1006
10525	0	0	0	6	0	1006
10535	0	0	0	6	0	1006
10545	0	0	0	6	0	1006
10555	0	0	0	6	0	1006
10565	0	0	0	6	0	1006
10575	0	0	0	6	0	1006
10585	0	0	0	6	0	1006
10595	0	0	0	6	0	1006
10605	0	0	0	6	0	1006
10615	0	0	0	6	0	1006
10625	0	0	0	6	0	1006
10635	0	0	0	6	0	1006
10645	0	0	0	6	0	1006
10655	0	0	0	6	0	1006
10665	0	0	0	6	0	1006
10675	0	0	0	6	0	1006
10685	0	0	0	6	0	1006
10695	0	0	0	6	0	1006
10705	0	0	0	6	0	1006
10715	0	0	0	6	0	1006
10725	0	0	0	6	0	1006
10735	0	0	1	5	1	1005
10745	0	0	0	5	0	1005
10755	0	0	0	5	0	1005
10765	0	0	0	5	0	1005
10775	0	0	0	5	0	1005
10785	0	0	0	5	0	1005
10795	0	0	0	5	0	1005
10805	0	0	0	5	0	1005
10815	0	0	0	5	0	1005
10825	0	0	0	5	0	1005
10835	0	0	0	5	0	1005
10845	0	0	0	5	0	1005
10855	0	0	0	5	0	1005
10865	0	0	0	5	0	1005
10875	0	0	0	5	0	1005
10885	0	0	0	5	0	1005
10895	0	0	0	5	0	1005
10905	0	0	0	5	0	1005
10915	0	0	0	5	0	1005
10925	0	0	0	5	0	1005
10935	0	0	0	5	0	1005
10945	0	0	0	5	0	1005
10955	0	0	0	5	0	1005
10965	0	0	0	5	0	1005
10975	0	0	0	5	0	1005
10985	0	0	0	5	0	1005
10995	0	0	0	5	0	1005
11005	0	0	1	4	1	1004
11015	0	0	0	4	0	1004
11025	0	0	0	4	0	1004
11035	0	0	0	4	0	1004
11045	0	0	0	4	0	1004
11055	0	0	0	4	0	1004
11065	0	0	0	4	0	1004
11075	0	0	0	4	0	1004
11085	0	0	0	4	0	1004
11095	0	0	0	4	0	1004
11105	0	0	0	4	0	1004
11115	0	0	0	4	0	1004
11125	0	0	0	4	0	1004
11135	0	0	0	4	0	1004
11145	0	0	0	4	0	1004
11155	0	0	0	4	0	1004
11165	0	0	0	4	0	1004
11175	0	0	0	4	0	1004
11185	0	0	0	4	0	1004
11195	0	0	1	3	1	1003
11205	0	0	0	3	0	1003
11215	0	0	0	3	0	1003
11225	0	0	0	3	0	1003
11235	0	0	0	3	0	1003
11245	0	0	0	3	0	1003
11255	0	0	0	3	0	1003
11265	0	0	0	3	0	1003
11275	0	0	0	3	0	1003
11285	0	0	0	3	0	1003
11295	0	0	0	3	0	1003
11305	0	0	0	3	0	1003
11315	0	0	0	3	0	1003
11325	0	0	0	3	0	1003
11335	0	0	0	3	0	1003
11345	0	0	0	3	0	1003
11355	0	0	0	3	0	1003
11365	0	0	0	3	0	1003
11375	0	0	0	3	0	1003
11385	0	0	0	3	0	1003
11395	0	0	0	3	0	1003
11405	0	0	0	3	0	1003
11415	0	0	0	3	0	1003
11425	0	0	0	3	0	1003
11435	0	0	0	3	0	1003
11445	0	0	0	3	0	1003
11455	0	0	0	3	0	1003
11465	0	0	0	3	0	1003
11475	0	0	0	3	0	1003
11485	0	0	0	3	0	1003
11495	0	0	0	3	0	1003
11505	0	0	0	3	0	1003
11515	0	0	0	3	0	1003
11525	0	0	0	3	0	1003
11535	0	0	0	3	0	1003
11545	0	0	0	3	0	1003
11555	0	0	0	3	0	1003
11565	0	0	0	3	0	1003
11575	0	0	0	3	0	1003
11585	0	0	0	3	0	1003
11595	0	0	0	3	0	1003
11605	0	0	0	3	0	1003
11615	0	0	0	3	0	1003
11625	0	0	0	3	0	1003
11635	0	0	0	3	0	1003
11645	0	0	0	3	0	1003
11655	0	0	0	3	0	1003
11665	0	0	0	3	0	1003
11675	0	0	0	3	0	1003
11685	0	0	0	3	0	1003
11695	0	0	0	3	0	1003
11705	0	0	0	3	0	1003
11715	0	0	0	3	0	1003
11725	0	0	0	3	0	1003
11735	0	0	0	3	0	1003
11745	0	0	0	3	0	1003
11755	0	0	0	3	0	1003
11765	0	0	0	3	0	1003
11775	0	0	0	3	0	1003
11785	0	0	0	3	0	1003
11795	0	0	0	3	0	1003
11805	0	0	0	3	0	1003
11815	0	0	0	3	0	1003
11825	0	0	0	3	0	1003
11835	0	0	0	3	0	1003
11845	0	0	0	3	0	1003
11855	0	0	0	3	0	1003
11865	0	0	0	3	0	1003
11875	0	0	0	3	0	1003
11885	0	0	0	3	0	1003
11895	0	0	0	3	0	1003
11905	0	0	0	3	0	1003
11915	0	0	0	3	0	1003
11925	0	0	0	3	0	1003
11935	0	0	0	3	0	1003
11945	0	0	0	3	0	1003
11955	0	0	0	3	0	1003
11965	0	0	0	3	0	1003
11975	0	0	0	3	0	1003
11985	0	0	0	3	0	1003
11995	0	0	0	3	0	1003
12005	0	0	0	3	0	1003
12015	0	0	0	3	0	1003
12025	0	0	0	3	0	1003
12035	0	0	0	3	0	1003
12045	0	0	0	3	0	1003
12055	0	0	0	3	0	1003
12065	0	0	0	3	0	1003
12075	0	0	0	3	0	1003
12085	0	0	0	3	0	1003
12095	0	0	0	3	0	1003
12105	0	0	0	3	0	1003
12115	0	0	0	3	0	1003
12125	0	0	0	3	0	1003
12135	0	0	0	3	0	1003
12145	0	0	0	3	0	1003
12155	0	0	0	3	0	1003
12165	0	0	0	3	0	1003
12175	0	0	0	3	0	1003
12185	0	0	0	3	0	1003
12195	0	0	0	3	0	1003
12205	0	0	0	3	0	1003
12215	0	0	0	3	0	1003
12225	0	0	0	3	0	1003
12235	0	0	0	3	0	1003
12245	0	0	0	3	0	1003
12255	0	0	0	3	0	1003
12265	0	0	0	3	0	1003
12275	0	0	0	3	0	1003
12285	0	0	0	3	0	1003
12295	0	0	0	3	0	1003
12305	0	0	0	3	0	1003
12315	0	0	0	3	0	1003
12325	0	0	0	3	0	1003
12335	0	0	0	3	0	1003
12345	0	0	0	3	0	1003
12355	0	0	0	3	0	1003
12365	0	0	0	3	0	1003
12375	0	0	0	3	0	1003
12385	0	0	0	3	0	1003
12395	0	0	0	3	0	1003
12405	0	0	0	3	0	1003
12415	0	0	0	3	0	1003
12425	0	0	0	3	0	1003
12435	0	0	0	3	0	1003
12445	0	0	0	3	0	1003
12455	0	0	0	3	0	1003
12465	0	0	0	3	0	1003
12475	0	0	0	3	0	1003
12485	0	0	0	3	0	1003
12495	0	0	0	3	0	1003
12505	0	0	0	3	0	1003
12515	0	0	0	3	0	1003
12525	0	0	0	3	0	1003
12535	0	0	0	3	0	1003
12545	0	0	0	3	0	1003
12555	0	0	0	3	0	1003
12565	0	0	0	3	0	1003
12575	0	0	0	3	0	1003
12585	0	0	0	3	0	1003
12595	0	0	0	3	0	1003
12605	0	0	0	3	0	1003
12615	0	0	0	3	0	1003
12625	0	0	0	3	0	1003
12635	0	0	0	3	0	1003
12645	0	0	0	3	0	1003
12655	0	0	0	3	0	1003
12665	0	0	0	3	0	1003
12675	0	0	0	3	0	1003
12685	0	0	0	3	0	1003
12695	0	0	0	3	0	1003
12705	0	0	0	3	0	1003
12715	0	0	0	3	0	1003
12725	0	0	0	3	0	1003
12735	0	0	0	3	0	1003
12745	0	0	0	3	0	1003
12755	0	0	0	3	0	1003
12765	0	0	0	3	0	1003
12775	0	0	0	3	0	1003
12785	0	0	0	3	0	1003
12795	0	0	0	3	0	1003
12805	0	0	0	3	0	1003
12815	0	0	0	3	0	1003
12825	0	0	0	3	0	1003
12835	0	0	0	3	0	1003
12845	0	0	0	3	0	1003
12855	0	0	0	3	0	1003
12865	0	0	0	3	0	1003
12875	0	0	0	3	0	1003
12885	0	0	0	3	0	1003
12895	0	0	0	3	0	1003
12905	0	0	0	3	0	1003
12915	0	0	0	3	0	1003
12925	0	0	0	3	0	1003
12935	0	0	0	3	0	1003
12945	0	0	0	3	0	1003
12955	0	0	0	3	0	1003
12965	0	0	1	2	1	1002
12975	0	0	0	2	0	1002
12985	0	0	0	2	0	1002
12995	0	0	0	2	0	1002
13005	0	0	0	2	0	1002
13015	0	0	0	2	0	1002
13025	0	0	0	2	0	1002
13035	0	0	0	2	0	1002
13045	0	0	0	2	0	1002
13055	0	0	0	2	0	1002
13065	0	0	0	2	0	1002
13075	0	0	0	2	0	1002
13085	0	0	0	2	0	1002
13095	0	0	0	2	0	1002
13105	0	0	0	2	0	1002
13115	0	0	0	2	0	1002
13125	0	0	0	2	0	1002
13135	0	0	0	2	0	1002
13145	0	0	0	2	0	1002
13155	0	0	0	2	0	1002
13165	0	0	0	2	0	1002
13175	0	0	0	2	0	1002
13185	0	0	0	2	0	1002
13195	0	0	0	2	0	1002
13205	0	0	0	2	0	1002
13215	0	0	0	2	0	1002
13225	0	0	0	2	0	1002
13235	0	0	0	2	0	1002
13245	0	0	0	2	0	1002
13255	0	0	0	2	0	1002
13265	0	0	0	2	0	1002
13275	0	0	0	2	0	1002
13285	0	0	0	2	0	1002
13295	0	0	0	2	0	1002
13305	0	0	0	2	0	1002
13315	0	0	0	2	0	1002
13325	0	0	0	2	0	1002
13335	0	0	0	2	0	1002
13345	0	0	0	2	0	1002
13355	0	0	0	2	0	1002
13365	0	0	0	2	0	1002
13375	0	0	0	2	0	1002
13385	0	0	0	2	0	1002
13395	0	0	0	2	0	1002
13405	0	0	0	2	0	1002
13415	0	0	0	2	0	1002
13425	0	0	0	2	0	1002
13435	0	0	0	2	0	1002
13445	0	0	0	2	0	1002
13455	0	0	0	2	0	1002
13465	0	0	0	2	0	1002
13475	0	0	0	2	0	1002
13485	0	0	0	2	0	1002
13495	0	0	0	2	0	1002
13505	0	0	0	2	0	1002
13515	0	0	0	2	0	1002
13525	0	0	0	2	0	1002
13535	0	0	0	2	0	1002
13545	0	0	0	2	0	1002
13555	0	0	0	2	0	1002
13565	0	0	0	2	0	1002
13575	0	0	0	2	0	1002
13585	0	0	0	2	0	1002
13595	0	0	0	2	0	1002
13605	0	0	0	2	0	1002
13615	0	0	0	2	0	1002
13625	0	0	0	2	0	1002
13635	0	0	0	2	0	1002
13645	0	0	0	2	0	1002
13655	0	0	0	2	0	1002
13665	0	0	0	2	0	1002
13675	0	0	0	2	0	1002
13685	0	0	0	2	0	1002
13695	0	0	0	2	0	1002
13705	0	0	0	2	0	1002
13715	0	0	0	2	0	1002
13725	0	0	0	2	0	1002
13735	0	0	0	2	0	1002
13745	0	0	0	2	0	1002
13755	0	0	0	2	0	1002
13765	0	0	0	2	0	1002
13775	0	0	0	2	0	1002
13785	0	0	0	2	0	1002
13795	0	0	0	2	0	1002
13805	0	0	0	2	0	1002
13815	0	0	0	2	0	1002
13825	0	0	0	2	0	1002
13835	0	0	0	2	0	1002
13845	0	0	0	2	0	1002
13855	0	0	0	2	0	1002
13865	0	0	0	2	0	1002
13875	0	0	0	2	0	1002
13885	0	0	0	2	0	1002
13895	0	0	0	2	0	1002
13905	0	0	0	2	0	1002
13915	0	0	0	2	0	1002
13925	0	0	0	2	0	1002
13935	0	0	0	2	0	1002
13945	0	0	0	2	0	1002
13955	0	0	0	2	0	1002
13965	0	0	0	2	0	1002
13975	0	0	0	2	0	1002
13985	0	0	0	2	0	1002
13995	0	0	0	2	0	1002
14005	0	0	0	2	0	1002
14015	0	0	0	2	0	1002
14025	0	0	0	2	0	1002
14035	0	0	0	2	0	1002
14045	0	0	0	2	0	1002
14055	0	0	0	2	0	1002
14065	0	0	0	2	0	1002
14075	0	0	0	2	0	1002
14085	0	0	0	2	0	1002
14095	0	0	0	2	0	1002
14105	0	0	0	2	0	1002
14115	0	0	0	2	0	1002
14125	0	0	0	2	0	1002
14135	0	0	0	2	0	1002
14145	0	0	0	2	0	1002
14155	0	0	0	2	0	1002
14165	0	0	0	2	0	1002
14175	0	0	0	2	0	1002
14185	0	0	0	2	0	1002
14195	0	0	0	2	0	1002
14205	0	0	0	2	0	1002
14215	0	0	0	2	0	1002
14225	0	0	0	2	0	1002
14235	0	0	0	2	0	1002
14245	0	0	0	2	0	1002
14255	0	0	0	2	0	1002
14265	0	0	0	2	0	1002
14275	0	0	0	2	0	1002
14285	0	0	0	2	0	1002
14295	0	0	0	2	0	1002
14305	0	0	0	2	0	1002
14315	0	0	0	2	0	1002
14325	0	0	0	2	0	1002
14335	0	0	0	2	0	1002
14345	0	0	0	2	0	1002
14355	0	0	0	2	0	1002
14365	0	0	0	2	0	1002
14375	0	0	0	2	0	1002
14385	0	0	0	2	0	1002
14395	0	0	0	2	0	1002
14405	0	0	0	2	0	1002
14415	0	0	0	2	0	1002
14425	0	0	0	2	0	1002
14435	0	0	1	1	1	1001
14445	0	0	0	1	0	1001
14455	0	0	0	1	0	1001
14465	0	0	0	1	0	1001
14475	0	0	0	1	0	1001
14485	0	0	0	1	0	1001
14495	0	0	0	1	0	1001
14505	0	0	0	1	0	1001
14515	0	0	0	1	0	1001
14525	0	0	0	1	0	1001
14535	0	0	0	1	0	1001
14545	0	0	0	1	0	1001
14555	0	0	0	1	0	1001
14565	0	0	0	1	0	1001
14575	0	0	0	1	0	1001
14585	0	0	0	1	0	1001
14595	0	0	0	1	0	1001
14605	0	0	0	1	0	1001
14615	0	0	0	1	0	1001
14625	0	0	0	1	0	1001
14635	0	0	0	1	0	1001
14645	0	0	0	1	0	1001
14655	0	0	0	1	0	1001
14665	0	0	0	1	0	1001
14675	0	0	0	1	0	1001
14685	0	0	0	1	0	1001
14695	0	0	0	1	0	1001
14705	0	0	0	1	0	1001
14715	0	0	0	1	0	1001
14725	0	0	0	1	0	1001
14735	0	0	0	1	0	1001
14745	0	0	0	1	0	1001
14755	0	0	0	1	0	1001
14765	0	0	0	1	0	1001
14775	0	0	0	1	0	1001
14785	0	0	0	1	0	1001
14795	0	0	0	1	0	1001
14805	0	0	0	1	0	1001
14815	0	0	0	1	0	1001
14825	0	0	0	1	0	1001
14835	0	0	0	1	0	1001
14845	0	0	0	1	0	1001
14855	0	0	0	1	0	1001
14865	0	0	0	1	0	1001
14875	0	0	0	1	0	1001
14885	0	0	0	1	0	1001
14895	0	0	0	1	0	1001
14905	0	0	0	1	0	1001
14915	0	0	0	1	0	1001
14925	0	0	0	1	0	1001
14935	0	0	0	1	0	1001
14945	0	0	0	1	0	1001
14955	0	0	0	1	0	1001
14965	0	0	0	1	0	1001
14975	0	0	0	1	0	1001
14985	0	0	0	1	0	1001
14995	0	0	0	1	0	1001
15005	0	0	0	1	0	1001
15015	0	0	0	1	0	1001
15025	0	0	0	1	0	1001
15035	0	0	0	1	0	1001
15045	0	0	0	1	0	1001
15055	0	0	0	1	0	1001
15065	0	0	0	1	0	1001
15075	0	0	0	1	0	1001
15085	0	0	0	1	0	1001
15095	0	0	0	1	0	1001
15105	0	0	0	1	0	1001
15115	0	0	0	1	0	1001
15125	0	0	0	1	0	1001
15135	0	0	0	1	0	1001
15145	0	0	0	1	0	1001
15155	0	0	0	1	0	1001
15165	0	0	0	1	0	1001
15175	0	0	0	1	0	1001
15185	0	0	0	1	0	1001
15195	0	0	0	1	0	1001
15205	0	0	0	1	0	1001
15215	0	0	0	1	0	1001
15225	0	0	0	1	0	1001
15235	0	0	0	1	0	1001
15245	0	0	0	1	0	1001
15255	0	0	0	1	0	1001
15265	0	0	0	1	0	1001
15275	0	0	0	1	0	1001
15285	0	0	0	1	0	1001
15295	0	0	0	1	0	1001
15305	0	0	0	1	0	1001
15315	0	0	0	1	0	1001
15325	0	0	0	1	0	1001
15335	0	0	0	1	0	1001
15345	0	0	0	1	0	1001
15355	0	0	0	1	0	1001
15365	0	0	0	1	0	1001
15375	0	0	0	1	0	1001
15385	0	0	0	1	0	1001
15395	0	0	0	1	0	1001
15405	0	0	0	1	0	1001
15415	0	0	0	1	0	1001
15425	0	0	0	1	0	1001
15435	0	0	0	1	0	1001
15445	0	0	0	1	0	1001
15455	0	0	0	1	0	1001
15465	0	0	0	1	0	1001
15475	0	0	0	1	0	1001
15485	0	0	0	1	0	1001
15495	0	0	0	1	0	1001
15505	0	0	0	1	0	1001
15515	0	0	0	1	0	1001
15525	0	0	0	1	0	1001
15535	0	0	0	1	0	1001
15545	0	0	0	1	0	1001
15555	0	0	0	1	0	1001
15565	0	0	0	1	0	1001
15575	0	0	0	1	0	1001
15585	0	0	0	1	0	1001
15595	0	0	0	1	0	1001
15605	0	0	0	1	0	1001
15615	0	0	0	1	0	1001
15625	0	0	0	1	0	1001
15635	0	0	0	1	0	1001
15645	0	0	0	1	0	1001
15655	0	0	0	1	0	1001
15665	0	0	0	1	0	1001
15675	0	0	0	1	0	1001
15685	0	0	0	1	0	1001
15695	0	0	0	1	0	1001
15705	0	0	0	1	0	1001
15715	0	0	0	1	0	1001
15725	0	0	0	1	0	1001
15735	0	0	0	1	0	1001
15745	0	0	0	1	0	1001
15755	0	0	0	1	0	1001
15765	0	0	0	1	0	1001
15775	0	0	0	1	0	1001
15785	0	0	0	1	0	1001
15795	0	0	0	1	0	1001
15805	0	0	0	1	0	1001
15815	0	0	0	1	0	1001
15825	0	0	0	1	0	1001
15835	0	0	0	1	0	1001
15845	0	0	0	1	0	1001
15855	0	0	0	1	0	1001
15865	0	0	0	1	0	1001
15875	0	0	0	1	0	1001
15885	0	0	0	1	0	1001
15895	0	0	0	1	0	1001
15905	0	0	0	1	0	1001
15915	0	0	0	1	0	1001
15925	0	0	0	1	0	1001
15935	0	0	0	1	0	1001
15945	0	0	0	1	0	1001
15955	0	0	0	1	0	1001
15965	0	0	0	1	0	1001
15975	0	0	0	1	0	1001
15985	0	0	0	1	0	1001
15995	0	0	0	1	0	1001
16005	0	0	0	1	0	1001
16015	0	0	0	1	0	1001
16025	0	0	0	1	0	1001
16035	0	0	0	1	0	1001
16045	0	0	0	1	0	1001
16055	0	0	0	1	0	1001
16065	0	0	0	1	0	1001
16075	0	0	0	1	0	1001
16085	0	0	0	1	0	1001
16095	0	0	0	1	0	1001
16105	0	0	0	1	0	1001
16115	0	0	0	1	0	1001
16125	0	0	0	1	0	1001
16135	0	0	0	1	0	1001
16145	0	0	0	1	0	1001
16155	0	0	0	1	0	1001
16165	0	0	0	1	0	1001
16175	0	0	0	1	0	1001
16185	0	0	0	1	0	1001
16195	0	0	0	1	0	1001
16205	0	0	0	1	0	1001
16215	0	0	0	1	0	1001
16225	0	0	0	1	0	1001
16235	0	0	0	1	0	1001
16245	0	0	0	1	0	1001
16255	0	0	0	1	0	1001
16265	0	0	0	1	0	1001
16275	0	0	0	1	0	1001
16285	0	0	0	1	0	1001
16295	0	0	0	1	0	1001
16305	0	0	0	1	0	1001
16315	0	0	0	1	0	1001
16325	0	0	0	1	0	1001
16335	0	0	0	1	0	1001
16345	0	0	0	1	0	1001
16355	0	0	0	1	0	1001
16365	0	0	0	1	0	1001
16375	0	0	0	1	0	1001
16385	0	0	0	1	0	1001
16395	0	0	0	1	0	1001
16405	0	0	0	1	0	1001
16415	0	0	0	1	0	1001
16425	0	0	0	1	0	1001
16435	0	0	0	1	0	1001
16445	0	0	0	1	0	1001
16455	0	0	0	1	0	1001
16465	0	0	0	1	0	1001
16475	0	0	0	1	0	1001
16485	0	0	0	1	0	1001
16495	0	0	0	1	0	1001
16505	0	0	1	0	1	1000
16515	0	0	0	0	0	1000
16525	0	0	0	0	0	1000
16535	0	0	0	0	0	1000
16545	0	0	0	0	0	1000
16555	0	0	0	0	0	1000
16565	0	0	0	0	0	1000
16575	0	0	0	0	0	1000
16585	0	0	0	0	0	1000
16595	0	0	0	0	0	1000
16605	0	0	0	0	0	1000
16615	0	0	0	0	0	1000
16625	0	0	0	0	0	1000
16635	0	0	0	0	0	1000
16645	0	0	0	0	0	1000
16655	0	0	0	0	0	1000
16665	0	0	0	0	0	1000
16675	0	0	0	0	0	1000
16685	0	0	0	0	0	1000
16695	0	0	0	0	0	1000
16705	0	0	0	0	0	1000
16715	0	0	0	0	0	1000
16725	0	0	0	0	0	1000
16735	0	0	0	0	0	1000
16745	0	0	0	0	0	1000
16755	0	0	0	0	0	1000
16765	0	0	0	0	0	1000
16775	0	0	0	0	0	1000
16785	0	0	0	0	0	1000
16795	0	0	0	0	0	1000
16805	0	0	0	0	0	1000
16815	0	0	0	0	0	1000
16825	0	0	0	0	0	1000
16835	0	0	0	0	0	1000
16845	0	0	0	0	0	1000
16855	0	0	0	0	0	1000
16865	0	0	0	0	0	1000
16875	0	0	0	0	0	1000
16885	0	0	0	0	0	1000
16895	0	0	0	0	0	1000
16905	0	0	0	0	0	1000
16915	0	0	0	0	0	1000
16925	0	0	0	0	0	1000
16935	0	0	0	0	0	1000
16945	0	0	0	0	0	1000
16955	0	0	0	0	0	1000
16965	0	0	0	0	0	1000
16975	0	0	0	0	0	1000
16985	0	0	0	0	0	1000
16995	0	0	0	0	0	1000
17005	0	0	0	0	0	1000
17015	0	0	0	0	0	1000
17025	0	0	0	0	0	1000
17035	0	0	0	0	0	1000
17045	0	0	0	0	0	1000
17055	0	0	0	0	0	1000
17065	0	0	0	0	0	1000
17075	0	0	0	0	0	1000
17085	0	0	0	0	0	1000
17095	0	0	0	0	0	1000
17105	0	0	0	0	0	1000
17115	0	0	0	0	0	1000
17125	0	0	0	0	0	1000
17135	0	0	0	0	0	1000
17145	0	0	0	0	0	1000
17155	0	0	0	0	0	1000
17165	0	0	0	0	0	1000
17175	0	0	0	0	0	1000
17185	0	0	0	0	0	1000
17195	0	0	0	0	0	1000
17205	0	0	0	0	0	1000
17215	0	0	0	0	0	1000
17225	0	0	0	0	0	1000
17235	0	0	0	0	0	1000
17245	0	0	0	0	0	1000
17255	0	0	0	0	0	1000
17265	0	0	0	0	0	1000
17275	0	0	0	0	0	1000
17285	0	0	0	0	0	1000
17295	0	0	0	0	0	1000
17305	0	0	0	0	0	1000
17315	0	0	0	0	0	1000
17325	0	0	0	0	0	1000
17335	0	0	0	0	0	1000
17345	0	0	0	0	0	1000
17355	0	0	0	0	0	1000
17365	0	0	0	0	0	1000
17375	0	0	0	0	0	1000
17385	0	0	0	0	0	1000
17395	0	0	0	0	0	1000
17405	0	0	0	0	0	1000
17415	0	0	0	0	0	1000
17425	0	0	0	0	0	1000
17435	0	0	0	0	0	1000
17445	0	0	0	0	0	1000
17455	0	0	0	0	0	1000
17465	0	0	0	0	0	1000
17475	0	0	0	0	0	1000
17485	0	0	0	0	0	1000
17495	0	0	0	0	0	1000
17505	0	0	0	0	0	1000
17515	0	0	0	0	0	1000
17525	0	0	0	0	0	1000
17535	0	0	0	0	0	1000
17545	0	0	0	0	0	1000
17555	0	0	0	0	0	1000
17565	0	0	0	0	0	1000
17575	0	0	0	0	0	1000
17585	0	0	0	0	0	1000
17595	0	0	0	0	0	1000
17605	0	0	0	0	0	1000
17615	0	0	0	0	0	1000
17625	0	0	0	0	0	1000
17635	0	0	0	0	0	1000
17645	0	0	0	0	0	1000
17655	0	0	0	0	0	1000
17665	0	0	0	0	0	1000
17675	0	0	0	0	0	1000
17685	0	0	0	0	0	1000
17695	0	0	0	0	0	1000
17705	0	0	0	0	0	1000
17715	0	0	0	0	0	1000
17725	0	0	0	0	0	1000
17735	0	0	0	0	0	1000
17745	0	0	0	0	0	1000
17755	0	0	0	0	0	1000
17765	0	0	0	0	0	1000
17775	0	0	0	0	0	1000
17785	0	0	0	0	0	1000
17795	0	0	0	0	0	1000
17805	0	0	0	0	0	1000
17815	0	0	0	0	0	1000
17825	0	0	0	0	0	1000
17835	0	0	0	0	0	1000
17845	0	0	0	0	0	1000
17855	0	0	0	0	0	1000
17865	0	0	0	0	0	1000
17875	0	0	0	0	0	1000
17885	0	0	0	0	0	1000
17895	0	0	0	0	0	1000
17905	0	0	0	0	0	1000
17915	0	0	0	0	0	1000
17925	0	0	0	0	0	1000
17935	0	0	0	0	0	1000
17945	0	0	0	0	0	1000
17955	0	0	0	0	0	1000
17965	0	0	0	0	0	1000
17975	0	0	0	0	0	1000
17985	0	0	0	0	0	1000
17995	0	0	0	0	0	1000
