5	58	142	2	198	60	540
15	46	96	0	198	46	494
25	30	66	1	197	31	463
35	20	46	2	195	22	441
45	11	35	1	194	12	429
55	17	18	1	193	18	411
65	6	12	2	191	8	403
75	3	9	2	189	5	398
85	3	6	0	189	3	395
95	1	5	0	189	1	394
105	0	5	2	187	2	392
115	2	3	1	186	3	389
125	1	2	0	186	1	388
135	1	1	0	186	1	387
145	0	1	3	183	3	384
155	0	1	0	183	0	384
165	0	1	1	182	1	383
175	1	0	2	180	3	380
185	0	0	3	177	3	377
195	0	0	0	177	0	377
205	0	0	0	177	0	377
215	0	0	1	176	1	376
225	0	0	1	175	1	375
235	0	0	2	173	2	373
245	0	0	1	172	1	372
255	0	0	0	172	0	372
265	0	0	2	170	2	370
275	0	0	2	168	2	368
285	0	0	0	168	0	368
295	0	0	0	168	0	368
305	0	0	1	167	1	367
315	0	0	1	166	1	366
325	0	0	0	166	0	366
335	0	0	0	166	0	366
345	0	0	0	166	0	366
355	0	0	3	163	3	363
365	0	0	0	163	0	363
375	0	0	1	162	1	362
385	0	0	0	162	0	362
395	0	0	1	161	1	361
405	0	0	0	161	0	361
415	0	0	1	160	1	360
425	0	0	0	160	0	360
435	0	0	1	159	1	359
445	0	0	0	159	0	359
455	0	0	2	157	2	357
465	0	0	2	155	2	355
475	0	0	1	154	1	354
485	0	0	2	152	2	352
495	0	0	1	151	1	351
505	0	0	2	149	2	349
515	0	0	0	149	0	349
525	0	0	0	149	0	349
535	0	0	4	145	4	345
545	0	0	0	145	0	345
555	0	0	0	145	0	345
565	0	0	1	144	1	344
575	0	0	0	144	0	344
585	0	0	0	144	0	344
595	0	0	1	143	1	343
605	0	0	2	141	2	341
615	0	0	0	141	0	341
625	0	0	0	141	0	341
635	0	0	3	138	3	338
645	0	0	4	134	4	334
655	0	0	1	133	1	333
665	0	0	0	133	0	333
675	0	0	1	132	1	332
685	0	0	0	132	0	332
695	0	0	2	130	2	330
705	0	0	0	130	0	330
715	0	0	0	130	0	330
725	0	0	0	130	0	330
735	0	0	2	128	2	328
745	0	0	1	127	1	327
755	0	0	2	125	2	325
765	0	0	3	122	3	322
775	0	0	0	122	0	322
785	0	0	0	122	0	322
795	0	0	2	120	2	320
805	0	0	0	120	0	320
815	0	0	0	120	0	320
825	0	0	1	119	1	319
835	0	0	1	118	1	318
845	0	0	2	116	2	316
855	0	0	1	115	1	315
865	0	0	0	115	0	315
875	0	0	1	114	1	314
885	0	0	0	114	0	314
895	0	0	0	114	0	314
905	0	0	0	114	0	314
915	0	0	0	114	0	314
925	0	0	0	114	0	314
935	0	0	0	114	0	314
945	0	0	2	112	2	312
955	0	0	2	110	2	310
965	0	0	2	108	2	308
975	0	0	0	108	0	308
985	0	0	2	106	2	306
995	0	0	0	106	0	306
1005	0	0	0	106	0	306
1015	0	0	0	106	0	306
1025	0	0	0	106	0	306
1035	0	0	0	106	0	306
1045	0	0	0	106	0	306
1055	0	0	0	106	0	306
1065	0	0	0	106	0	306
1075	0	0	1	105	1	305
1085	0	0	0	105	0	305
1095	0	0	1	104	1	304
1105	0	0	0	104	0	304
1115	0	0	0	104	0	304
1125	0	0	3	101	3	301
1135	0	0	1	100	1	300
1145	0	0	0	100	0	300
1155	0	0	0	100	0	300
1165	0	0	0	100	0	300
1175	0	0	1	99	1	299
1185	0	0	1	98	1	298
1195	0	0	2	96	2	296
1205	0	0	1	95	1	295
1215	0	0	0	95	0	295
1225	0	0	5	90	5	290
1235	0	0	2	88	2	288
1245	0	0	0	88	0	288
1255	0	0	0	88	0	288
1265	0	0	2	86	2	286
1275	0	0	0	86	0	286
1285	0	0	2	84	2	284
1295	0	0	0	84	0	284
1305	0	0	0	84	0	284
1315	0	0	0	84	0	284
1325	0	0	1	83	1	283
1335	0	0	0	83	0	283
1345	0	0	0	83	0	283
1355	0	0	0	83	0	283
1365	0	0	0	83	0	283
1375	0	0	0	83	0	283
1385	0	0	0	83	0	283
1395	0	0	0	83	0	283
1405	0	0	0	83	0	283
1415	0	0	0	83	0	283
1425	0	0	0	83	0	283
1435	0	0	0	83	0	283
1445	0	0	1	82	1	282
1455	0	0	0	82	0	282
1465	0	0	1	81	1	281
1475	0	0	0	81	0	281
1485	0	0	0	81	0	281
1495	0	0	0	81	0	281
1505	0	0	1	80	1	280
1515	0	0	0	80	0	280
1525	0	0	1	79	1	279
1535	0	0	0	79	0	279
1545	0	0	1	78	1	278
1555	0	0	1	77	1	277
1565	0	0	2	75	2	275
1575	0	0	0	75	0	275
1585	0	0	0	75	0	275
1595	0	0	0	75	0	275
1605	0	0	0	75	0	275
1615	0	0	2	73	2	273
1625	0	0	1	72	1	272
1635	0	0	0	72	0	272
1645	0	0	0	72	0	272
1655	0	0	0	72	0	272
1665	0	0	0	72	0	272
1675	0	0	0	72	0	272
1685	0	0	0	72	0	272
1695	0	0	1	71	1	271
1705	0	0	0	71	0	271
1715	0	0	1	70	1	270
1725	0	0	0	70	0	270
1735	0	0	1	69	1	269
1745	0	0	2	67	2	267
1755	0	0	1	66	1	266
1765	0	0	0	66	0	266
1775	0	0	1	65	1	265
1785	0	0	0	65	0	265
1795	0	0	0	65	0	265
1805	0	0	0	65	0	265
1815	0	0	0	65	0	265
1825	0	0	0	65	0	265
1835	0	0	0	65	0	265
1845	0	0	0	65	0	265
1855	0	0	1	64	1	264
1865	0	0	2	62	2	262
1875	0	0	1	61	1	261
1885	0	0	0	61	0	261
1895	0	0	0	61	0	261
1905	0	0	0	61	0	261
1915	0	0	0	61	0	261
1925	0	0	0	61	0	261
1935	0	0	2	59	2	259
1945	0	0	1	58	1	258
1955	0	0	0	58	0	258
1965	0	0	0	58	0	258
1975	0	0	0	58	0	258
1985	0	0	1	57	1	257
1995	0	0	0	57	0	257
2005	0	0	0	57	0	257
2015	0	0	0	57	0	257
2025	0	0	1	56	1	256
2035	0	0	0	56	0	256
2045	0	0	0	56	0	256
2055	0	0	0	56	0	256
2065	0	0	0	56	0	256
2075	0	0	0	56	0	256
2085	0	0	0	56	0	256
2095	0	0	1	55	1	255
2105	0	0	0	55	0	255
2115	0	0	0	55	0	255
2125	0	0	0	55	0	255
2135	0	0	0	55	0	255
2145	0	0	0	55	0	255
2155	0	0	1	54	1	254
2165	0	0	0	54	0	254
2175	0	0	0	54	0	254
2185	0	0	0	54	0	254
2195	0	0	0	54	0	254
2205	0	0	0	54	0	254
2215	0	0	0	54	0	254
2225	0	0	0	54	0	254
2235	0	0	0	54	0	254
2245	0	0	0	54	0	254
2255	0	0	0	54	0	254
2265	0	0	0	54	0	254
2275	0	0	0	54	0	254
2285	0	0	1	53	1	253
2295	0	0	1	52	1	252
2305	0	0	0	52	0	252
2315	0	0	1	51	1	251
2325	0	0	0	51	0	251
2335	0	0	0	51	0	251
2345	0	0	2	49	2	249
2355	0	0	0	49	0	249
2365	0	0	1	48	1	248
2375	0	0	0	48	0	248
2385	0	0	0	48	0	248
2395	0	0	0	48	0	248
2405	0	0	0	48	0	248
2415	0	0	0	48	0	248
2425	0	0	2	46	2	246
2435	0	0	0	46	0	246
2445	0	0	0	46	0	246
2455	0	0	0	46	0	246
2465	0	0	0	46	0	246
2475	0	0	0	46	0	246
2485	0	0	2	44	2	244
2495	0	0	0	44	0	244
2505	0	0	0	44	0	244
2515	0	0	0	44	0	244
2525	0	0	1	43	1	243
2535	0	0	0	43	0	243
2545	0	0	0	43	0	243
2555	0	0	1	42	1	242
2565	0	0	0	42	0	242
2575	0	0	0	42	0	242
2585	0	0	0	42	0	242
2595	0	0	0	42	0	242
2605	0	0	1	41	1	241
2615	0	0	0	41	0	241
2625	0	0	0	41	0	241
2635	0	0	1	40	1	240
2645	0	0	0	40	0	240
2655	0	0	0	40	0	240
2665	0	0	2	38	2	238
2675	0	0	1	37	1	237
2685	0	0	0	37	0	237
2695	0	0	0	37	0	237
2705	0	0	0	37	0	237
2715	0	0	0	37	0	237
2725	0	0	0	37	0	237
2735	0	0	0	37	0	237
2745	0	0	0	37	0	237
2755	0	0	0	37	0	237
2765	0	0	0	37	0	237
2775	0	0	0	37	0	237
2785	0	0	0	37	0	237
2795	0	0	0	37	0	237
2805	0	0	0	37	0	237
2815	0	0	1	36	1	236
2825	0	0	0	36	0	236
2835	0	0	0	36	0	236
2845	0	0	0	36	0	236
2855	0	0	0	36	0	236
2865	0	0	0	36	0	236
2875	0	0	1	35	1	235
2885	0	0	0	35	0	235
2895	0	0	0	35	0	235
2905	0	0	0	35	0	235
2915	0	0	0	35	0	235
2925	0	0	0	35	0	235
2935	0	0	1	34	1	234
2945	0	0	0	34	0	234
2955	0	0	0	34	0	234
2965	0	0	0	34	0	234
2975	0	0	1	33	1	233
2985	0	0	0	33	0	233
2995	0	0	0	33	0	233
3005	0	0	0	33	0	233
3015	0	0	0	33	0	233
3025	0	0	0	33	0	233
3035	0	0	0	33	0	233
3045	0	0	0	33	0	233
3055	0	0	1	32	1	232
3065	0	0	0	32	0	232
3075	0	0	0	32	0	232
3085	0	0	0	32	0	232
3095	0	0	0	32	0	232
3105	0	0	0	32	0	232
3115	0	0	1	31	1	231
3125	0	0	1	30	1	230
3135	0	0	0	30	0	230
3145	0	0	0	30	0	230
3155	0	0	0	30	0	230
3165	0	0	0	30	0	230
3175	0	0	0	30	0	230
3185	0	0	0	30	0	230
3195	0	0	0	30	0	230
3205	0	0	0	30	0	230
3215	0	0	0	30	0	230
3225	0	0	0	30	0	230
3235	0	0	0	30	0	230
3245	0	0	0	30	0	230
3255	0	0	0	30	0	230
3265	0	0	0	30	0	230
3275	0	0	1	29	1	229
3285	0	0	0	29	0	229
3295	0	0	0	29	0	229
3305	0	0	0	29	0	229
3315	0	0	0	29	0	229
3325	0	0	0	29	0	229
3335	0	0	0	29	0	229
3345	0	0	0	29	0	229
3355	0	0	0	29	0	229
3365	0	0	0	29	0	229
3375	0	0	0	29	0	229
3385	0	0	0	29	0	229
3395	0	0	0	29	0	229
3405	0	0	0	29	0	229
3415	0	0	0	29	0	229
3425	0	0	0	29	0	229
3435	0	0	0	29	0	229
3445	0	0	0	29	0	229
3455	0	0	0	29	0	229
3465	0	0	0	29	0	229
3475	0	0	0	29	0	229
3485	0	0	0	29	0	229
3495	0	0	0	29	0	229
3505	0	0	0	29	0	229
3515	0	0	0	29	0	229
3525	0	0	0	29	0	229
3535	0	0	0	29	0	229
3545	0	0	0	29	0	229
3555	0	0	0	29	0	229
3565	0	0	1	28	1	228
3575	0	0	0	28	0	228
3585	0	0	0	28	0	228
3595	0	0	0	28	0	228
3605	0	0	1	27	1	227
3615	0	0	0	27	0	227
3625	0	0	0	27	0	227
3635	0	0	0	27	0	227
3645	0	0	0	27	0	227
3655	0	0	0	27	0	227
3665	0	0	0	27	0	227
3675	0	0	0	27	0	227
3685	0	0	0	27	0	227
3695	0	0	0	27	0	227
3705	0	0	0	27	0	227
3715	0	0	0	27	0	227
3725	0	0	0	27	0	227
3735	0	0	0	27	0	227
3745	0	0	0	27	0	227
3755	0	0	0	27	0	227
3765	0	0	0	27	0	227
3775	0	0	0	27	0	227
3785	0	0	0	27	0	227
3795	0	0	0	27	0	227
3805	0	0	1	26	1	226
3815	0	0	0	26	0	226
3825	0	0	0	26	0	226
3835	0	0	0	26	0	226
3845	0	0	0	26	0	226
3855	0	0	0	26	0	226
3865	0	0	0	26	0	226
3875	0	0	1	25	1	225
3885	0	0	0	25	0	225
3895	0	0	0	25	0	225
3905	0	0	0	25	0	225
3915	0	0	0	25	0	225
3925	0	0	0	25	0	225
3935	0	0	0	25	0	225
3945	0	0	1	24	1	224
3955	0	0	0	24	0	224
3965	0	0	0	24	0	224
3975	0	0	0	24	0	224
3985	0	0	1	23	1	223
3995	0	0	0	23	0	223
4005	0	0	0	23	0	223
4015	0	0	0	23	0	223
4025	0	0	0	23	0	223
4035	0	0	0	23	0	223
4045	0	0	0	23	0	223
4055	0	0	0	23	0	223
4065	0	0	0	23	0	223
4075	0	0	1	22	1	222
4085	0	0	0	22	0	222
4095	0	0	0	22	0	222
4105	0	0	0	22	0	222
4115	0	0	0	22	0	222
4125	0	0	0	22	0	222
4135	0	0	0	22	0	222
4145	0	0	0	22	0	222
4155	0	0	0	22	0	222
4165	0	0	0	22	0	222
4175	0	0	0	22	0	222
4185	0	0	0	22	0	222
4195	0	0	0	22	0	222
4205	0	0	1	21	1	221
4215	0	0	1	20	1	220
4225	0	0	0	20	0	220
4235	0	0	1	19	1	219
4245	0	0	0	19	0	219
4255	0	0	0	19	0	219
4265	0	0	0	19	0	219
4275	0	0	0	19	0	219
4285	0	0	0	19	0	219
4295	0	0	0	19	0	219
4305	0	0	0	19	0	219
4315	0	0	0	19	0	219
4325	0	0	0	19	0	219
4335	0	0	0	19	0	219
4345	0	0	0	19	0	219
4355	0	0	0	19	0	219
4365	0	0	0	19	0	219
4375	0	0	0	19	0	219
4385	0	0	0	19	0	219
4395	0	0	0	19	0	219
4405	0	0	0	19	0	219
4415	0	0	0	19	0	219
4425	0	0	0	19	0	219
4435	0	0	0	19	0	219
4445	0	0	0	19	0	219
4455	0	0	0	19	0	219
4465	0	0	0	19	0	219
4475	0	0	0	19	0	219
4485	0	0	0	19	0	219
4495	0	0	0	19	0	219
4505	0	0	1	18	1	218
4515	0	0	0	18	0	218
4525	0	0	0	18	0	218
4535	0	0	0	18	0	218
4545	0	0	0	18	0	218
4555	0	0	0	18	0	218
4565	0	0	0	18	0	218
4575	0	0	0	18	0	218
4585	0	0	0	18	0	218
4595	0	0	0	18	0	218
4605	0	0	0	18	0	218
4615	0	0	0	18	0	218
4625	0	0	0	18	0	218
4635	0	0	0	18	0	218
4645	0	0	0	18	0	218
4655	0	0	0	18	0	218
4665	0	0	0	18	0	218
4675	0	0	0	18	0	218
4685	0	0	0	18	0	218
4695	0	0	0	18	0	218
4705	0	0	0	18	0	218
4715	0	0	0	18	0	218
4725	0	0	0	18	0	218
4735	0	0	0	18	0	218
4745	0	0	0	18	0	218
4755	0	0	0	18	0	218
4765	0	0	0	18	0	218
4775	0	0	0	18	0	218
4785	0	0	0	18	0	218
4795	0	0	0	18	0	218
4805	0	0	0	18	0	218
4815	0	0	0	18	0	218
4825	0	0	0	18	0	218
4835	0	0	0	18	0	218
4845	0	0	0	18	0	218
4855	0	0	0	18	0	218
4865	0	0	0	18	0	218
4875	0	0	0	18	0	218
4885	0	0	0	18	0	218
4895	0	0	0	18	0	218
4905	0	0	0	18	0	218
4915	0	0	1	17	1	217
4925	0	0	0	17	0	217
4935	0	0	0	17	0	217
4945	0	0	0	17	0	217
4955	0	0	0	17	0	217
4965	0	0	0	17	0	217
4975	0	0	1	16	1	216
4985	0	0	0	16	0	216
4995	0	0	0	16	0	216
5005	0	0	0	16	0	216
5015	0	0	0	16	0	216
5025	0	0	0	16	0	216
5035	0	0	0	16	0	216
5045	0	0	0	16	0	216
5055	0	0	0	16	0	216
5065	0	0	0	16	0	216
5075	0	0	0	16	0	216
5085	0	0	0	16	0	216
5095	0	0	0	16	0	216
5105	0	0	0	16	0	216
5115	0	0	0	16	0	216
5125	0	0	0	16	0	216
5135	0	0	0	16	0	216
5145	0	0	0	16	0	216
5155	0	0	0	16	0	216
5165	0	0	0	16	0	216
5175	0	0	0	16	0	216
5185	0	0	1	15	1	215
5195	0	0	0	15	0	215
5205	0	0	0	15	0	215
5215	0	0	0	15	0	215
5225	0	0	0	15	0	215
5235	0	0	0	15	0	215
5245	0	0	0	15	0	215
5255	0	0	0	15	0	215
5265	0	0	0	15	0	215
5275	0	0	0	15	0	215
5285	0	0	0	15	0	215
5295	0	0	1	14	1	214
5305	0	0	0	14	0	214
5315	0	0	0	14	0	214
5325	0	0	0	14	0	214
5335	0	0	0	14	0	214
5345	0	0	0	14	0	214
5355	0	0	0	14	0	214
5365	0	0	0	14	0	214
5375	0	0	0	14	0	214
5385	0	0	0	14	0	214
5395	0	0	0	14	0	214
5405	0	0	0	14	0	214
5415	0	0	0	14	0	214
5425	0	0	0	14	0	214
5435	0	0	0	14	0	214
5445	0	0	2	12	2	212
5455	0	0	0	12	0	212
5465	0	0	0	12	0	212
5475	0	0	0	12	0	212
5485	0	0	0	12	0	212
5495	0	0	0	12	0	212
5505	0	0	0	12	0	212
5515	0	0	0	12	0	212
5525	0	0	0	12	0	212
5535	0	0	0	12	0	212
5545	0	0	0	12	0	212
5555	0	0	0	12	0	212
5565	0	0	0	12	0	212
5575	0	0	0	12	0	212
5585	0	0	0	12	0	212
5595	0	0	0	12	0	212
5605	0	0	0	12	0	212
5615	0	0	2	10	2	210
5625	0	0	0	10	0	210
5635	0	0	0	10	0	210
5645	0	0	0	10	0	210
5655	0	0	0	10	0	210
5665	0	0	0	10	0	210
5675	0	0	0	10	0	210
5685	0	0	0	10	0	210
5695	0	0	0	10	0	210
5705	0	0	0	10	0	210
5715	0	0	0	10	0	210
5725	0	0	0	10	0	210
5735	0	0	0	10	0	210
5745	0	0	0	10	0	210
5755	0	0	0	10	0	210
5765	0	0	0	10	0	210
5775	0	0	0	10	0	210
5785	0	0	0	10	0	210
5795	0	0	0	10	0	210
5805	0	0	0	10	0	210
5815	0	0	0	10	0	210
5825	0	0	0	10	0	210
5835	0	0	0	10	0	210
5845	0	0	1	9	1	209
5855	0	0	0	9	0	209
5865	0	0	0	9	0	209
5875	0	0	0	9	0	209
5885	0	0	0	9	0	209
5895	0	0	0	9	0	209
5905	0	0	1	8	1	208
5915	0	0	0	8	0	208
5925	0	0	0	8	0	208
5935	0	0	0	8	0	208
5945	0	0	0	8	0	208
5955	0	0	0	8	0	208
5965	0	0	0	8	0	208
5975	0	0	0	8	0	208
5985	0	0	0	8	0	208
5995	0	0	0	8	0	208
6005	0	0	0	8	0	208
6015	0	0	0	8	0	208
6025	0	0	0	8	0	208
6035	0	0	0	8	0	208
6045	0	0	1	7	1	207
6055	0	0	0	7	0	207
6065	0	0	0	7	0	207
6075	0	0	0	7	0	207
6085	0	0	0	7	0	207
6095	0	0	0	7	0	207
6105	0	0	0	7	0	207
6115	0	0	0	7	0	207
6125	0	0	0	7	0	207
6135	0	0	0	7	0	207
6145	0	0	0	7	0	207
6155	0	0	0	7	0	207
6165	0	0	0	7	0	207
6175	0	0	0	7	0	207
6185	0	0	0	7	0	207
6195	0	0	0	7	0	207
6205	0	0	0	7	0	207
6215	0	0	0	7	0	207
6225	0	0	0	7	0	207
6235	0	0	0	7	0	207
6245	0	0	0	7	0	207
6255	0	0	0	7	0	207
6265	0	0	0	7	0	207
6275	0	0	0	7	0	207
6285	0	0	0	7	0	207
6295	0	0	0	7	0	207
6305	0	0	0	7	0	207
6315	0	0	0	7	0	207
6325	0	0	0	7	0	207
6335	0	0	0	7	0	207
6345	0	0	0	7	0	207
6355	0	0	1	6	1	206
6365	0	0	0	6	0	206
6375	0	0	0	6	0	206
6385	0	0	0	6	0	206
6395	0	0	0	6	0	206
6405	0	0	0	6	0	206
6415	0	0	0	6	0	206
6425	0	0	0	6	0	206
6435	0	0	0	6	0	206
6445	0	0	0	6	0	206
6455	0	0	0	6	0	206
6465	0	0	0	6	0	206
6475	0	0	0	6	0	206
6485	0	0	0	6	0	206
6495	0	0	0	6	0	206
6505	0	0	0	6	0	206
6515	0	0	0	6	0	206
6525	0	0	1	5	1	205
6535	0	0	0	5	0	205
6545	0	0	0	5	0	205
6555	0	0	0	5	0	205
6565	0	0	0	5	0	205
6575	0	0	0	5	0	205
6585	0	0	0	5	0	205
6595	0	0	0	5	0	205
6605	0	0	0	5	0	205
6615	0	0	0	5	0	205
6625	0	0	0	5	0	205
6635	0	0	0	5	0	205
6645	0	0	0	5	0	205
6655	0	0	0	5	0	205
6665	0	0	0	5	0	205
6675	0	0	0	5	0	205
6685	0	0	0	5	0	205
6695	0	0	0	5	0	205
6705	0	0	0	5	0	205
6715	0	0	0	5	0	205
6725	0	0	0	5	0	205
6735	0	0	0	5	0	205
6745	0	0	0	5	0	205
6755	0	0	0	5	0	205
6765	0	0	0	5	0	205
6775	0	0	0	5	0	205
6785	0	0	0	5	0	205
6795	0	0	0	5	0	205
6805	0	0	0	5	0	205
6815	0	0	0	5	0	205
6825	0	0	0	5	0	205
6835	0	0	0	5	0	205
6845	0	0	0	5	0	205
6855	0	0	0	5	0	205
6865	0	0	0	5	0	205
6875	0	0	0	5	0	205
6885	0	0	0	5	0	205
6895	0	0	0	5	0	205
6905	0	0	0	5	0	205
6915	0	0	0	5	0	205
6925	0	0	0	5	0	205
6935	0	0	0	5	0	205
6945	0	0	0	5	0	205
6955	0	0	0	5	0	205
6965	0	0	0	5	0	205
6975	0	0	0	5	0	205
6985	0	0	0	5	0	205
6995	0	0	0	5	0	205
7005	0	0	0	5	0	205
7015	0	0	0	5	0	205
7025	0	0	0	5	0	205
7035	0	0	0	5	0	205
7045	0	0	0	5	0	205
7055	0	0	0	5	0	205
7065	0	0	0	5	0	205
7075	0	0	0	5	0	205
7085	0	0	0	5	0	205
7095	0	0	0	5	0	205
7105	0	0	0	5	0	205
7115	0	0	0	5	0	205
7125	0	0	0	5	0	205
7135	0	0	0	5	0	205
7145	0	0	0	5	0	205
7155	0	0	0	5	0	205
7165	0	0	0	5	0	205
7175	0	0	0	5	0	205
7185	0	0	0	5	0	205
7195	0	0	0	5	0	205
7205	0	0	0	5	0	205
7215	0	0	0	5	0	205
7225	0	0	0	5	0	205
7235	0	0	0	5	0	205
7245	0	0	0	5	0	205
7255	0	0	0	5	0	205
7265	0	0	0	5	0	205
7275	0	0	0	5	0	205
7285	0	0	0	5	0	205
7295	0	0	0	5	0	205
7305	0	0	0	5	0	205
7315	0	0	1	4	1	204
7325	0	0	0	4	0	204
7335	0	0	0	4	0	204
7345	0	0	0	4	0	204
7355	0	0	0	4	0	204
7365	0	0	0	4	0	204
7375	0	0	0	4	0	204
7385	0	0	0	4	0	204
7395	0	0	0	4	0	204
7405	0	0	0	4	0	204
7415	0	0	0	4	0	204
7425	0	0	0	4	0	204
7435	0	0	0	4	0	204
7445	0	0	0	4	0	204
7455	0	0	0	4	0	204
7465	0	0	0	4	0	204
7475	0	0	0	4	0	204
7485	0	0	0	4	0	204
7495	0	0	0	4	0	204
7505	0	0	0	4	0	204
7515	0	0	0	4	0	204
7525	0	0	0	4	0	204
7535	0	0	0	4	0	204
7545	0	0	0	4	0	204
7555	0	0	0	4	0	204
7565	0	0	0	4	0	204
7575	0	0	0	4	0	204
7585	0	0	0	4	0	204
7595	0	0	0	4	0	204
7605	0	0	0	4	0	204
7615	0	0	1	3	1	203
7625	0	0	0	3	0	203
7635	0	0	0	3	0	203
7645	0	0	0	3	0	203
7655	0	0	0	3	0	203
7665	0	0	0	3	0	203
7675	0	0	0	3	0	203
7685	0	0	0	3	0	203
7695	0	0	0	3	0	203
7705	0	0	0	3	0	203
7715	0	0	0	3	0	203
7725	0	0	0	3	0	203
7735	0	0	0	3	0	203
7745	0	0	0	3	0	203
7755	0	0	0	3	0	203
7765	0	0	0	3	0	203
7775	0	0	0	3	0	203
7785	0	0	0	3	0	203
7795	0	0	0	3	0	203
7805	0	0	0	3	0	203
7815	0	0	0	3	0	203
7825	0	0	0	3	0	203
7835	0	0	0	3	0	203
7845	0	0	0	3	0	203
7855	0	0	0	3	0	203
7865	0	0	0	3	0	203
7875	0	0	0	3	0	203
7885	0	0	0	3	0	203
7895	0	0	0	3	0	203
7905	0	0	0	3	0	203
7915	0	0	0	3	0	203
7925	0	0	0	3	0	203
7935	0	0	0	3	0	203
7945	0	0	0	3	0	203
7955	0	0	0	3	0	203
7965	0	0	0	3	0	203
7975	0	0	0	3	0	203
7985	0	0	0	3	0	203
7995	0	0	0	3	0	203
8005	0	0	0	3	0	203
8015	0	0	1	2	1	202
8025	0	0	0	2	0	202
8035	0	0	0	2	0	202
8045	0	0	0	2	0	202
8055	0	0	0	2	0	202
8065	0	0	0	2	0	202
8075	0	0	0	2	0	202
8085	0	0	0	2	0	202
8095	0	0	0	2	0	202
8105	0	0	0	2	0	202
8115	0	0	0	2	0	202
8125	0	0	0	2	0	202
8135	0	0	0	2	0	202
8145	0	0	0	2	0	202
8155	0	0	0	2	0	202
8165	0	0	0	2	0	202
8175	0	0	0	2	0	202
8185	0	0	0	2	0	202
8195	0	0	0	2	0	202
8205	0	0	0	2	0	202
8215	0	0	0	2	0	202
8225	0	0	0	2	0	202
8235	0	0	0	2	0	202
8245	0	0	0	2	0	202
8255	0	0	0	2	0	202
8265	0	0	0	2	0	202
8275	0	0	0	2	0	202
8285	0	0	0	2	0	202
8295	0	0	0	2	0	202
8305	0	0	0	2	0	202
8315	0	0	0	2	0	202
8325	0	0	0	2	0	202
8335	0	0	0	2	0	202
8345	0	0	0	2	0	202
8355	0	0	0	2	0	202
8365	0	0	0	2	0	202
8375	0	0	0	2	0	202
8385	0	0	0	2	0	202
8395	0	0	0	2	0	202
8405	0	0	0	2	0	202
8415	0	0	0	2	0	202
8425	0	0	0	2	0	202
8435	0	0	0	2	0	202
8445	0	0	0	2	0	202
8455	0	0	0	2	0	202
8465	0	0	0	2	0	202
8475	0	0	0	2	0	202
8485	0	0	0	2	0	202
8495	0	0	0	2	0	202
8505	0	0	0	2	0	202
8515	0	0	0	2	0	202
8525	0	0	0	2	0	202
8535	0	0	0	2	0	202
8545	0	0	0	2	0	202
8555	0	0	0	2	0	202
8565	0	0	0	2	0	202
8575	0	0	0	2	0	202
8585	0	0	0	2	0	202
8595	0	0	0	2	0	202
8605	0	0	0	2	0	202
8615	0	0	0	2	0	202
8625	0	0	0	2	0	202
8635	0	0	0	2	0	202
8645	0	0	0	2	0	202
8655	0	0	0	2	0	202
8665	0	0	0	2	0	202
8675	0	0	0	2	0	202
8685	0	0	0	2	0	202
8695	0	0	0	2	0	202
8705	0	0	0	2	0	202
8715	0	0	0	2	0	202
8725	0	0	0	2	0	202
8735	0	0	0	2	0	202
8745	0	0	0	2	0	202
8755	0	0	0	2	0	202
8765	0	0	0	2	0	202
8775	0	0	0	2	0	202
8785	0	0	0	2	0	202
8795	0	0	0	2	0	202
8805	0	0	0	2	0	202
8815	0	0	0	2	0	202
8825	0	0	0	2	0	202
8835	0	0	0	2	0	202
8845	0	0	0	2	0	202
8855	0	0	0	2	0	202
8865	0	0	0	2	0	202
8875	0	0	0	2	0	202
8885	0	0	0	2	0	202
8895	0	0	0	2	0	202
8905	0	0	0	2	0	202
8915	0	0	0	2	0	202
8925	0	0	0	2	0	202
8935	0	0	0	2	0	202
8945	0	0	0	2	0	202
8955	0	0	0	2	0	202
8965	0	0	0	2	0	202
8975	0	0	0	2	0	202
8985	0	0	0	2	0	202
8995	0	0	0	2	0	202
9005	0	0	0	2	0	202
9015	0	0	0	2	0	202
9025	0	0	0	2	0	202
9035	0	0	0	2	0	202
9045	0	0	0	2	0	202
9055	0	0	0	2	0	202
9065	0	0	0	2	0	202
9075	0	0	1	1	1	201
9085	0	0	0	1	0	201
9095	0	0	0	1	0	201
9105	0	0	0	1	0	201
9115	0	0	0	1	0	201
9125	0	0	0	1	0	201
9135	0	0	0	1	0	201
9145	0	0	0	1	0	201
9155	0	0	0	1	0	201
9165	0	0	0	1	0	201
9175	0	0	0	1	0	201
9185	0	0	0	1	0	201
9195	0	0	0	1	0	201
9205	0	0	0	1	0	201
9215	0	0	0	1	0	201
9225	0	0	0	1	0	201
9235	0	0	0	1	0	201
9245	0	0	0	1	0	201
9255	0	0	0	1	0	201
9265	0	0	0	1	0	201
9275	0	0	0	1	0	201
9285	0	0	0	1	0	201
9295	0	0	0	1	0	201
9305	0	0	0	1	0	201
9315	0	0	0	1	0	201
9325	0	0	0	1	0	201
9335	0	0	0	1	0	201
9345	0	0	0	1	0	201
9355	0	0	0	1	0	201
9365	0	0	0	1	0	201
9375	0	0	0	1	0	201
9385	0	0	0	1	0	201
9395	0	0	0	1	0	201
9405	0	0	0	1	0	201
9415	0	0	0	1	0	201
9425	0	0	0	1	0	201
9435	0	0	0	1	0	201
9445	0	0	0	1	0	201
9455	0	0	0	1	0	201
9465	0	0	0	1	0	201
9475	0	0	0	1	0	201
9485	0	0	0	1	0	201
9495	0	0	0	1	0	201
9505	0	0	0	1	0	201
9515	0	0	0	1	0	201
9525	0	0	0	1	0	201
9535	0	0	0	1	0	201
9545	0	0	0	1	0	201
9555	0	0	0	1	0	201
9565	0	0	0	1	0	201
9575	0	0	0	1	0	201
9585	0	0	0	1	0	201
9595	0	0	0	1	0	201
9605	0	0	0	1	0	201
9615	0	0	0	1	0	201
9625	0	0	0	1	0	201
9635	0	0	0	1	0	201
9645	0	0	0	1	0	201
9655	0	0	0	1	0	201
9665	0	0	0	1	0	201
9675	0	0	0	1	0	201
9685	0	0	0	1	0	201
9695	0	0	0	1	0	201
9705	0	0	0	1	0	201
9715	0	0	0	1	0	201
9725	0	0	0	1	0	201
9735	0	0	0	1	0	201
9745	0	0	0	1	0	201
9755	0	0	0	1	0	201
9765	0	0	0	1	0	201
9775	0	0	0	1	0	201
9785	0	0	0	1	0	201
9795	0	0	0	1	0	201
9805	0	0	0	1	0	201
9815	0	0	0	1	0	201
9825	0	0	0	1	0	201
9835	0	0	0	1	0	201
9845	0	0	0	1	0	201
9855	0	0	0	1	0	201
9865	0	0	0	1	0	201
9875	0	0	0	1	0	201
9885	0	0	0	1	0	201
9895	0	0	0	1	0	201
9905	0	0	0	1	0	201
9915	0	0	0	1	0	201
9925	0	0	0	1	0	201
9935	0	0	0	1	0	201
9945	0	0	0	1	0	201
9955	0	0	1	0	1	200
9965	0	0	0	0	0	200
9975	0	0	0	0	0	200
9985	0	0	0	0	0	200
9995	0	0	0	0	0	200
10005	0	0	0	0	0	200
10015	0	0	0	0	0	200
10025	0	0	0	0	0	200
10035	0	0	0	0	0	200
10045	0	0	0	0	0	200
10055	0	0	0	0	0	200
10065	0	0	0	0	0	200
10075	0	0	0	0	0	200
10085	0	0	0	0	0	200
10095	0	0	0	0	0	200
10105	0	0	0	0	0	200
10115	0	0	0	0	0	200
10125	0	0	0	0	0	200
10135	0	0	0	0	0	200
10145	0	0	0	0	0	200
10155	0	0	0	0	0	200
10165	0	0	0	0	0	200
10175	0	0	0	0	0	200
10185	0	0	0	0	0	200
10195	0	0	0	0	0	200
10205	0	0	0	0	0	200
10215	0	0	0	0	0	200
10225	0	0	0	0	0	200
10235	0	0	0	0	0	200
10245	0	0	0	0	0	200
10255	0	0	0	0	0	200
10265	0	0	0	0	0	200
10275	0	0	0	0	0	200
10285	0	0	0	0	0	200
10295	0	0	0	0	0	200
10305	0	0	0	0	0	200
10315	0	0	0	0	0	200
10325	0	0	0	0	0	200
10335	0	0	0	0	0	200
10345	0	0	0	0	0	200
10355	0	0	0	0	0	200
10365	0	0	0	0	0	200
10375	0	0	0	0	0	200
10385	0	0	0	0	0	200
10395	0	0	0	0	0	200
10405	0	0	0	0	0	200
10415	0	0	0	0	0	200
10425	0	0	0	0	0	200
10435	0	0	0	0	0	200
10445	0	0	0	0	0	200
10455	0	0	0	0	0	200
10465	0	0	0	0	0	200
10475	0	0	0	0	0	200
10485	0	0	0	0	0	200
10495	0	0	0	0	0	200
10505	0	0	0	0	0	200
10515	0	0	0	0	0	200
10525	0	0	0	0	0	200
10535	0	0	0	0	0	200
10545	0	0	0	0	0	200
10555	0	0	0	0	0	200
10565	0	0	0	0	0	200
10575	0	0	0	0	0	200
10585	0	0	0	0	0	200
10595	0	0	0	0	0	200
10605	0	0	0	0	0	200
10615	0	0	0	0	0	200
10625	0	0	0	0	0	200
10635	0	0	0	0	0	200
10645	0	0	0	0	0	200
10655	0	0	0	0	0	200
10665	0	0	0	0	0	200
10675	0	0	0	0	0	200
10685	0	0	0	0	0	200
10695	0	0	0	0	0	200
10705	0	0	0	0	0	200
10715	0	0	0	0	0	200
10725	0	0	0	0	0	200
10735	0	0	0	0	0	200
10745	0	0	0	0	0	200
10755	0	0	0	0	0	200
10765	0	0	0	0	0	200
10775	0	0	0	0	0	200
10785	0	0	0	0	0	200
10795	0	0	0	0	0	200
10805	0	0	0	0	0	200
10815	0	0	0	0	0	200
10825	0	0	0	0	0	200
10835	0	0	0	0	0	200
10845	0	0	0	0	0	200
10855	0	0	0	0	0	200
10865	0	0	0	0	0	200
10875	0	0	0	0	0	200
10885	0	0	0	0	0	200
10895	0	0	0	0	0	200
10905	0	0	0	0	0	200
10915	0	0	0	0	0	200
10925	0	0	0	0	0	200
10935	0	0	0	0	0	200
10945	0	0	0	0	0	200
10955	0	0	0	0	0	200
10965	0	0	0	0	0	200
10975	0	0	0	0	0	200
10985	0	0	0	0	0	200
10995	0	0	0	0	0	200
11005	0	0	0	0	0	200
11015	0	0	0	0	0	200
11025	0	0	0	0	0	200
11035	0	0	0	0	0	200
11045	0	0	0	0	0	200
11055	0	0	0	0	0	200
11065	0	0	0	0	0	200
11075	0	0	0	0	0	200
11085	0	0	0	0	0	200
11095	0	0	0	0	0	200
11105	0	0	0	0	0	200
11115	0	0	0	0	0	200
11125	0	0	0	0	0	200
11135	0	0	0	0	0	200
11145	0	0	0	0	0	200
11155	0	0	0	0	0	200
11165	0	0	0	0	0	200
11175	0	0	0	0	0	200
11185	0	0	0	0	0	200
11195	0	0	0	0	0	200
11205	0	0	0	0	0	200
11215	0	0	0	0	0	200
11225	0	0	0	0	0	200
11235	0	0	0	0	0	200
11245	0	0	0	0	0	200
11255	0	0	0	0	0	200
11265	0	0	0	0	0	200
11275	0	0	0	0	0	200
11285	0	0	0	0	0	200
11295	0	0	0	0	0	200
11305	0	0	0	0	0	200
11315	0	0	0	0	0	200
11325	0	0	0	0	0	200
11335	0	0	0	0	0	200
11345	0	0	0	0	0	200
11355	0	0	0	0	0	200
11365	0	0	0	0	0	200
11375	0	0	0	0	0	200
11385	0	0	0	0	0	200
11395	0	0	0	0	0	200
11405	0	0	0	0	0	200
11415	0	0	0	0	0	200
11425	0	0	0	0	0	200
11435	0	0	0	0	0	200
11445	0	0	0	0	0	200
11455	0	0	0	0	0	200
11465	0	0	0	0	0	200
11475	0	0	0	0	0	200
11485	0	0	0	0	0	200
11495	0	0	0	0	0	200
11505	0	0	0	0	0	200
11515	0	0	0	0	0	200
11525	0	0	0	0	0	200
11535	0	0	0	0	0	200
11545	0	0	0	0	0	200
11555	0	0	0	0	0	200
11565	0	0	0	0	0	200
11575	0	0	0	0	0	200
11585	0	0	0	0	0	200
11595	0	0	0	0	0	200
11605	0	0	0	0	0	200
11615	0	0	0	0	0	200
11625	0	0	0	0	0	200
11635	0	0	0	0	0	200
11645	0	0	0	0	0	200
11655	0	0	0	0	0	200
11665	0	0	0	0	0	200
11675	0	0	0	0	0	200
11685	0	0	0	0	0	200
11695	0	0	0	0	0	200
11705	0	0	0	0	0	200
11715	0	0	0	0	0	200
11725	0	0	0	0	0	200
11735	0	0	0	0	0	200
11745	0	0	0	0	0	200
11755	0	0	0	0	0	200
11765	0	0	0	0	0	200
11775	0	0	0	0	0	200
11785	0	0	0	0	0	200
11795	0	0	0	0	0	200
11805	0	0	0	0	0	200
11815	0	0	0	0	0	200
11825	0	0	0	0	0	200
11835	0	0	0	0	0	200
11845	0	0	0	0	0	200
11855	0	0	0	0	0	200
11865	0	0	0	0	0	200
11875	0	0	0	0	0	200
11885	0	0	0	0	0	200
11895	0	0	0	0	0	200
11905	0	0	0	0	0	200
11915	0	0	0	0	0	200
11925	0	0	0	0	0	200
11935	0	0	0	0	0	200
11945	0	0	0	0	0	200
11955	0	0	0	0	0	200
11965	0	0	0	0	0	200
11975	0	0	0	0	0	200
11985	0	0	0	0	0	200
11995	0	0	0	0	0	200
12005	0	0	0	0	0	200
12015	0	0	0	0	0	200
12025	0	0	0	0	0	200
12035	0	0	0	0	0	200
12045	0	0	0	0	0	200
12055	0	0	0	0	0	200
12065	0	0	0	0	0	200
12075	0	0	0	0	0	200
12085	0	0	0	0	0	200
12095	0	0	0	0	0	200
12105	0	0	0	0	0	200
12115	0	0	0	0	0	200
12125	0	0	0	0	0	200
12135	0	0	0	0	0	200
12145	0	0	0	0	0	200
12155	0	0	0	0	0	200
12165	0	0	0	0	0	200
12175	0	0	0	0	0	200
12185	0	0	0	0	0	200
12195	0	0	0	0	0	200
12205	0	0	0	0	0	200
12215	0	0	0	0	0	200
12225	0	0	0	0	0	200
12235	0	0	0	0	0	200
12245	0	0	0	0	0	200
12255	0	0	0	0	0	200
12265	0	0	0	0	0	200
12275	0	0	0	0	0	200
12285	0	0	0	0	0	200
12295	0	0	0	0	0	200
12305	0	0	0	0	0	200
12315	0	0	0	0	0	200
12325	0	0	0	0	0	200
12335	0	0	0	0	0	200
12345	0	0	0	0	0	200
12355	0	0	0	0	0	200
12365	0	0	0	0	0	200
12375	0	0	0	0	0	200
12385	0	0	0	0	0	200
12395	0	0	0	0	0	200
12405	0	0	0	0	0	200
12415	0	0	0	0	0	200
12425	0	0	0	0	0	200
12435	0	0	0	0	0	200
12445	0	0	0	0	0	200
12455	0	0	0	0	0	200
12465	0	0	0	0	0	200
12475	0	0	0	0	0	200
12485	0	0	0	0	0	200
12495	0	0	0	0	0	200
12505	0	0	0	0	0	200
12515	0	0	0	0	0	200
12525	0	0	0	0	0	200
12535	0	0	0	0	0	200
12545	0	0	0	0	0	200
12555	0	0	0	0	0	200
12565	0	0	0	0	0	200
12575	0	0	0	0	0	200
12585	0	0	0	0	0	200
12595	0	0	0	0	0	200
12605	0	0	0	0	0	200
12615	0	0	0	0	0	200
12625	0	0	0	0	0	200
12635	0	0	0	0	0	200
12645	0	0	0	0	0	200
12655	0	0	0	0	0	200
12665	0	0	0	0	0	200
12675	0	0	0	0	0	200
12685	0	0	0	0	0	200
12695	0	0	0	0	0	200
12705	0	0	0	0	0	200
12715	0	0	0	0	0	200
12725	0	0	0	0	0	200
12735	0	0	0	0	0	200
12745	0	0	0	0	0	200
12755	0	0	0	0	0	200
12765	0	0	0	0	0	200
12775	0	0	0	0	0	200
12785	0	0	0	0	0	200
12795	0	0	0	0	0	200
12805	0	0	0	0	0	200
12815	0	0	0	0	0	200
12825	0	0	0	0	0	200
12835	0	0	0	0	0	200
12845	0	0	0	0	0	200
12855	0	0	0	0	0	200
12865	0	0	0	0	0	200
12875	0	0	0	0	0	200
12885	0	0	0	0	0	200
12895	0	0	0	0	0	200
12905	0	0	0	0	0	200
12915	0	0	0	0	0	200
12925	0	0	0	0	0	200
12935	0	0	0	0	0	200
12945	0	0	0	0	0	200
12955	0	0	0	0	0	200
12965	0	0	0	0	0	200
12975	0	0	0	0	0	200
12985	0	0	0	0	0	200
12995	0	0	0	0	0	200
13005	0	0	0	0	0	200
13015	0	0	0	0	0	200
13025	0	0	0	0	0	200
13035	0	0	0	0	0	200
13045	0	0	0	0	0	200
13055	0	0	0	0	0	200
13065	0	0	0	0	0	200
13075	0	0	0	0	0	200
13085	0	0	0	0	0	200
13095	0	0	0	0	0	200
13105	0	0	0	0	0	200
13115	0	0	0	0	0	200
13125	0	0	0	0	0	200
13135	0	0	0	0	0	200
13145	0	0	0	0	0	200
13155	0	0	0	0	0	200
13165	0	0	0	0	0	200
13175	0	0	0	0	0	200
13185	0	0	0	0	0	200
13195	0	0	0	0	0	200
13205	0	0	0	0	0	200
13215	0	0	0	0	0	200
13225	0	0	0	0	0	200
13235	0	0	0	0	0	200
13245	0	0	0	0	0	200
13255	0	0	0	0	0	200
13265	0	0	0	0	0	200
13275	0	0	0	0	0	200
13285	0	0	0	0	0	200
13295	0	0	0	0	0	200
13305	0	0	0	0	0	200
13315	0	0	0	0	0	200
13325	0	0	0	0	0	200
13335	0	0	0	0	0	200
13345	0	0	0	0	0	200
13355	0	0	0	0	0	200
13365	0	0	0	0	0	200
13375	0	0	0	0	0	200
13385	0	0	0	0	0	200
13395	0	0	0	0	0	200
13405	0	0	0	0	0	200
13415	0	0	0	0	0	200
13425	0	0	0	0	0	200
13435	0	0	0	0	0	200
13445	0	0	0	0	0	200
13455	0	0	0	0	0	200
13465	0	0	0	0	0	200
13475	0	0	0	0	0	200
13485	0	0	0	0	0	200
13495	0	0	0	0	0	200
13505	0	0	0	0	0	200
13515	0	0	0	0	0	200
13525	0	0	0	0	0	200
13535	0	0	0	0	0	200
13545	0	0	0	0	0	200
13555	0	0	0	0	0	200
13565	0	0	0	0	0	200
13575	0	0	0	0	0	200
13585	0	0	0	0	0	200
13595	0	0	0	0	0	200
13605	0	0	0	0	0	200
13615	0	0	0	0	0	200
13625	0	0	0	0	0	200
13635	0	0	0	0	0	200
13645	0	0	0	0	0	200
13655	0	0	0	0	0	200
13665	0	0	0	0	0	200
13675	0	0	0	0	0	200
13685	0	0	0	0	0	200
13695	0	0	0	0	0	200
13705	0	0	0	0	0	200
13715	0	0	0	0	0	200
13725	0	0	0	0	0	200
13735	0	0	0	0	0	200
13745	0	0	0	0	0	200
13755	0	0	0	0	0	200
13765	0	0	0	0	0	200
13775	0	0	0	0	0	200
13785	0	0	0	0	0	200
13795	0	0	0	0	0	200
13805	0	0	0	0	0	200
13815	0	0	0	0	0	200
13825	0	0	0	0	0	200
13835	0	0	0	0	0	200
13845	0	0	0	0	0	200
13855	0	0	0	0	0	200
13865	0	0	0	0	0	200
13875	0	0	0	0	0	200
13885	0	0	0	0	0	200
13895	0	0	0	0	0	200
13905	0	0	0	0	0	200
13915	0	0	0	0	0	200
13925	0	0	0	0	0	200
13935	0	0	0	0	0	200
13945	0	0	0	0	0	200
13955	0	0	0	0	0	200
13965	0	0	0	0	0	200
13975	0	0	0	0	0	200
13985	0	0	0	0	0	200
13995	0	0	0	0	0	200
14005	0	0	0	0	0	200
14015	0	0	0	0	0	200
14025	0	0	0	0	0	200
14035	0	0	0	0	0	200
14045	0	0	0	0	0	200
14055	0	0	0	0	0	200
14065	0	0	0	0	0	200
14075	0	0	0	0	0	200
14085	0	0	0	0	0	200
14095	0	0	0	0	0	200
14105	0	0	0	0	0	200
14115	0	0	0	0	0	200
14125	0	0	0	0	0	200
14135	0	0	0	0	0	200
14145	0	0	0	0	0	200
14155	0	0	0	0	0	200
14165	0	0	0	0	0	200
14175	0	0	0	0	0	200
14185	0	0	0	0	0	200
14195	0	0	0	0	0	200
14205	0	0	0	0	0	200
14215	0	0	0	0	0	200
14225	0	0	0	0	0	200
14235	0	0	0	0	0	200
14245	0	0	0	0	0	200
14255	0	0	0	0	0	200
14265	0	0	0	0	0	200
14275	0	0	0	0	0	200
14285	0	0	0	0	0	200
14295	0	0	0	0	0	200
14305	0	0	0	0	0	200
14315	0	0	0	0	0	200
14325	0	0	0	0	0	200
14335	0	0	0	0	0	200
14345	0	0	0	0	0	200
14355	0	0	0	0	0	200
14365	0	0	0	0	0	200
14375	0	0	0	0	0	200
14385	0	0	0	0	0	200
14395	0	0	0	0	0	200
14405	0	0	0	0	0	200
14415	0	0	0	0	0	200
14425	0	0	0	0	0	200
14435	0	0	0	0	0	200
14445	0	0	0	0	0	200
14455	0	0	0	0	0	200
14465	0	0	0	0	0	200
14475	0	0	0	0	0	200
14485	0	0	0	0	0	200
14495	0	0	0	0	0	200
14505	0	0	0	0	0	200
14515	0	0	0	0	0	200
14525	0	0	0	0	0	200
14535	0	0	0	0	0	200
14545	0	0	0	0	0	200
14555	0	0	0	0	0	200
14565	0	0	0	0	0	200
14575	0	0	0	0	0	200
14585	0	0	0	0	0	200
14595	0	0	0	0	0	200
14605	0	0	0	0	0	200
14615	0	0	0	0	0	200
14625	0	0	0	0	0	200
14635	0	0	0	0	0	200
14645	0	0	0	0	0	200
14655	0	0	0	0	0	200
14665	0	0	0	0	0	200
14675	0	0	0	0	0	200
14685	0	0	0	0	0	200
14695	0	0	0	0	0	200
14705	0	0	0	0	0	200
14715	0	0	0	0	0	200
14725	0	0	0	0	0	200
14735	0	0	0	0	0	200
14745	0	0	0	0	0	200
14755	0	0	0	0	0	200
14765	0	0	0	0	0	200
14775	0	0	0	0	0	200
14785	0	0	0	0	0	200
14795	0	0	0	0	0	200
14805	0	0	0	0	0	200
14815	0	0	0	0	0	200
14825	0	0	0	0	0	200
14835	0	0	0	0	0	200
14845	0	0	0	0	0	200
14855	0	0	0	0	0	200
14865	0	0	0	0	0	200
14875	0	0	0	0	0	200
14885	0	0	0	0	0	200
14895	0	0	0	0	0	200
14905	0	0	0	0	0	200
14915	0	0	0	0	0	200
14925	0	0	0	0	0	200
14935	0	0	0	0	0	200
14945	0	0	0	0	0	200
14955	0	0	0	0	0	200
14965	0	0	0	0	0	200
14975	0	0	0	0	0	200
14985	0	0	0	0	0	200
14995	0	0	0	0	0	200
15005	0	0	0	0	0	200
15015	0	0	0	0	0	200
15025	0	0	0	0	0	200
15035	0	0	0	0	0	200
15045	0	0	0	0	0	200
15055	0	0	0	0	0	200
15065	0	0	0	0	0	200
15075	0	0	0	0	0	200
15085	0	0	0	0	0	200
15095	0	0	0	0	0	200
15105	0	0	0	0	0	200
15115	0	0	0	0	0	200
15125	0	0	0	0	0	200
15135	0	0	0	0	0	200
15145	0	0	0	0	0	200
15155	0	0	0	0	0	200
15165	0	0	0	0	0	200
15175	0	0	0	0	0	200
15185	0	0	0	0	0	200
15195	0	0	0	0	0	200
15205	0	0	0	0	0	200
15215	0	0	0	0	0	200
15225	0	0	0	0	0	200
15235	0	0	0	0	0	200
15245	0	0	0	0	0	200
15255	0	0	0	0	0	200
15265	0	0	0	0	0	200
15275	0	0	0	0	0	200
15285	0	0	0	0	0	200
15295	0	0	0	0	0	200
15305	0	0	0	0	0	200
15315	0	0	0	0	0	200
15325	0	0	0	0	0	200
15335	0	0	0	0	0	200
15345	0	0	0	0	0	200
15355	0	0	0	0	0	200
15365	0	0	0	0	0	200
15375	0	0	0	0	0	200
15385	0	0	0	0	0	200
15395	0	0	0	0	0	200
15405	0	0	0	0	0	200
15415	0	0	0	0	0	200
15425	0	0	0	0	0	200
15435	0	0	0	0	0	200
15445	0	0	0	0	0	200
15455	0	0	0	0	0	200
15465	0	0	0	0	0	200
15475	0	0	0	0	0	200
15485	0	0	0	0	0	200
15495	0	0	0	0	0	200
15505	0	0	0	0	0	200
15515	0	0	0	0	0	200
15525	0	0	0	0	0	200
15535	0	0	0	0	0	200
15545	0	0	0	0	0	200
15555	0	0	0	0	0	200
15565	0	0	0	0	0	200
15575	0	0	0	0	0	200
15585	0	0	0	0	0	200
15595	0	0	0	0	0	200
15605	0	0	0	0	0	200
15615	0	0	0	0	0	200
15625	0	0	0	0	0	200
15635	0	0	0	0	0	200
15645	0	0	0	0	0	200
15655	0	0	0	0	0	200
15665	0	0	0	0	0	200
15675	0	0	0	0	0	200
15685	0	0	0	0	0	200
15695	0	0	0	0	0	200
15705	0	0	0	0	0	200
15715	0	0	0	0	0	200
15725	0	0	0	0	0	200
15735	0	0	0	0	0	200
15745	0	0	0	0	0	200
15755	0	0	0	0	0	200
15765	0	0	0	0	0	200
15775	0	0	0	0	0	200
15785	0	0	0	0	0	200
15795	0	0	0	0	0	200
15805	0	0	0	0	0	200
15815	0	0	0	0	0	200
15825	0	0	0	0	0	200
15835	0	0	0	0	0	200
15845	0	0	0	0	0	200
15855	0	0	0	0	0	200
15865	0	0	0	0	0	200
15875	0	0	0	0	0	200
15885	0	0	0	0	0	200
15895	0	0	0	0	0	200
15905	0	0	0	0	0	200
15915	0	0	0	0	0	200
15925	0	0	0	0	0	200
15935	0	0	0	0	0	200
15945	0	0	0	0	0	200
15955	0	0	0	0	0	200
15965	0	0	0	0	0	200
15975	0	0	0	0	0	200
15985	0	0	0	0	0	200
15995	0	0	0	0	0	200
16005	0	0	0	0	0	200
16015	0	0	0	0	0	200
16025	0	0	0	0	0	200
16035	0	0	0	0	0	200
16045	0	0	0	0	0	200
16055	0	0	0	0	0	200
16065	0	0	0	0	0	200
16075	0	0	0	0	0	200
16085	0	0	0	0	0	200
16095	0	0	0	0	0	200
16105	0	0	0	0	0	200
16115	0	0	0	0	0	200
16125	0	0	0	0	0	200
16135	0	0	0	0	0	200
16145	0	0	0	0	0	200
16155	0	0	0	0	0	200
16165	0	0	0	0	0	200
16175	0	0	0	0	0	200
16185	0	0	0	0	0	200
16195	0	0	0	0	0	200
16205	0	0	0	0	0	200
16215	0	0	0	0	0	200
16225	0	0	0	0	0	200
16235	0	0	0	0	0	200
16245	0	0	0	0	0	200
16255	0	0	0	0	0	200
16265	0	0	0	0	0	200
16275	0	0	0	0	0	200
16285	0	0	0	0	0	200
16295	0	0	0	0	0	200
16305	0	0	0	0	0	200
16315	0	0	0	0	0	200
16325	0	0	0	0	0	200
16335	0	0	0	0	0	200
16345	0	0	0	0	0	200
16355	0	0	0	0	0	200
16365	0	0	0	0	0	200
16375	0	0	0	0	0	200
16385	0	0	0	0	0	200
16395	0	0	0	0	0	200
16405	0	0	0	0	0	200
16415	0	0	0	0	0	200
16425	0	0	0	0	0	200
16435	0	0	0	0	0	200
16445	0	0	0	0	0	200
16455	0	0	0	0	0	200
16465	0	0	0	0	0	200
16475	0	0	0	0	0	200
16485	0	0	0	0	0	200
16495	0	0	0	0	0	200
16505	0	0	0	0	0	200
16515	0	0	0	0	0	200
16525	0	0	0	0	0	200
16535	0	0	0	0	0	200
16545	0	0	0	0	0	200
16555	0	0	0	0	0	200
16565	0	0	0	0	0	200
16575	0	0	0	0	0	200
16585	0	0	0	0	0	200
16595	0	0	0	0	0	200
16605	0	0	0	0	0	200
16615	0	0	0	0	0	200
16625	0	0	0	0	0	200
16635	0	0	0	0	0	200
16645	0	0	0	0	0	200
16655	0	0	0	0	0	200
16665	0	0	0	0	0	200
16675	0	0	0	0	0	200
16685	0	0	0	0	0	200
16695	0	0	0	0	0	200
16705	0	0	0	0	0	200
16715	0	0	0	0	0	200
16725	0	0	0	0	0	200
16735	0	0	0	0	0	200
16745	0	0	0	0	0	200
16755	0	0	0	0	0	200
16765	0	0	0	0	0	200
16775	0	0	0	0	0	200
16785	0	0	0	0	0	200
16795	0	0	0	0	0	200
16805	0	0	0	0	0	200
16815	0	0	0	0	0	200
16825	0	0	0	0	0	200
16835	0	0	0	0	0	200
16845	0	0	0	0	0	200
16855	0	0	0	0	0	200
16865	0	0	0	0	0	200
16875	0	0	0	0	0	200
16885	0	0	0	0	0	200
16895	0	0	0	0	0	200
16905	0	0	0	0	0	200
16915	0	0	0	0	0	200
16925	0	0	0	0	0	200
16935	0	0	0	0	0	200
16945	0	0	0	0	0	200
16955	0	0	0	0	0	200
16965	0	0	0	0	0	200
16975	0	0	0	0	0	200
16985	0	0	0	0	0	200
16995	0	0	0	0	0	200
17005	0	0	0	0	0	200
17015	0	0	0	0	0	200
17025	0	0	0	0	0	200
17035	0	0	0	0	0	200
17045	0	0	0	0	0	200
17055	0	0	0	0	0	200
17065	0	0	0	0	0	200
17075	0	0	0	0	0	200
17085	0	0	0	0	0	200
17095	0	0	0	0	0	200
17105	0	0	0	0	0	200
17115	0	0	0	0	0	200
17125	0	0	0	0	0	200
17135	0	0	0	0	0	200
17145	0	0	0	0	0	200
17155	0	0	0	0	0	200
17165	0	0	0	0	0	200
17175	0	0	0	0	0	200
17185	0	0	0	0	0	200
17195	0	0	0	0	0	200
17205	0	0	0	0	0	200
17215	0	0	0	0	0	200
17225	0	0	0	0	0	200
17235	0	0	0	0	0	200
17245	0	0	0	0	0	200
17255	0	0	0	0	0	200
17265	0	0	0	0	0	200
17275	0	0	0	0	0	200
17285	0	0	0	0	0	200
17295	0	0	0	0	0	200
17305	0	0	0	0	0	200
17315	0	0	0	0	0	200
17325	0	0	0	0	0	200
17335	0	0	0	0	0	200
17345	0	0	0	0	0	200
17355	0	0	0	0	0	200
17365	0	0	0	0	0	200
17375	0	0	0	0	0	200
17385	0	0	0	0	0	200
17395	0	0	0	0	0	200
17405	0	0	0	0	0	200
17415	0	0	0	0	0	200
17425	0	0	0	0	0	200
17435	0	0	0	0	0	200
17445	0	0	0	0	0	200
17455	0	0	0	0	0	200
17465	0	0	0	0	0	200
17475	0	0	0	0	0	200
17485	0	0	0	0	0	200
17495	0	0	0	0	0	200
17505	0	0	0	0	0	200
17515	0	0	0	0	0	200
17525	0	0	0	0	0	200
17535	0	0	0	0	0	200
17545	0	0	0	0	0	200
17555	0	0	0	0	0	200
17565	0	0	0	0	0	200
17575	0	0	0	0	0	200
17585	0	0	0	0	0	200
17595	0	0	0	0	0	200
17605	0	0	0	0	0	200
17615	0	0	0	0	0	200
17625	0	0	0	0	0	200
17635	0	0	0	0	0	200
17645	0	0	0	0	0	200
17655	0	0	0	0	0	200
17665	0	0	0	0	0	200
17675	0	0	0	0	0	200
17685	0	0	0	0	0	200
17695	0	0	0	0	0	200
17705	0	0	0	0	0	200
17715	0	0	0	0	0	200
17725	0	0	0	0	0	200
17735	0	0	0	0	0	200
17745	0	0	0	0	0	200
17755	0	0	0	0	0	200
17765	0	0	0	0	0	200
17775	0	0	0	0	0	200
17785	0	0	0	0	0	200
17795	0	0	0	0	0	200
17805	0	0	0	0	0	200
17815	0	0	0	0	0	200
17825	0	0	0	0	0	200
17835	0	0	0	0	0	200
17845	0	0	0	0	0	200
17855	0	0	0	0	0	200
17865	0	0	0	0	0	200
17875	0	0	0	0	0	200
17885	0	0	0	0	0	200
17895	0	0	0	0	0	200
17905	0	0	0	0	0	200
17915	0	0	0	0	0	200
17925	0	0	0	0	0	200
17935	0	0	0	0	0	200
17945	0	0	0	0	0	200
17955	0	0	0	0	0	200
17965	0	0	0	0	0	200
17975	0	0	0	0	0	200
17985	0	0	0	0	0	200
17995	0	0	0	0	0	200
