5	27	73	0	100	27	273
15	24	49	2	98	26	247
25	17	32	0	98	17	230
35	5	27	0	98	5	225
45	7	20	0	98	7	218
55	8	12	0	98	8	210
65	1	11	2	96	3	207
75	3	8	0	96	3	204
85	3	5	0	96	3	201
95	1	4	2	94	3	198
105	1	3	1	93	2	196
115	0	3	0	93	0	196
125	0	3	0	93	0	196
135	0	3	1	92	1	195
145	1	2	0	92	1	194
155	1	1	1	91	2	192
165	1	0	2	89	3	189
175	0	0	0	89	0	189
185	0	0	1	88	1	188
195	0	0	0	88	0	188
205	0	0	0	88	0	188
215	0	0	0	88	0	188
225	0	0	0	88	0	188
235	0	0	0	88	0	188
245	0	0	1	87	1	187
255	0	0	2	85	2	185
265	0	0	0	85	0	185
275	0	0	0	85	0	185
285	0	0	0	85	0	185
295	0	0	0	85	0	185
305	0	0	0	85	0	185
315	0	0	0	85	0	185
325	0	0	1	84	1	184
335	0	0	2	82	2	182
345	0	0	0	82	0	182
355	0	0	0	82	0	182
365	0	0	1	81	1	181
375	0	0	0	81	0	181
385	0	0	1	80	1	180
395	0	0	1	79	1	179
405	0	0	0	79	0	179
415	0	0	2	77	2	177
425	0	0	1	76	1	176
435	0	0	0	76	0	176
445	0	0	0	76	0	176
455	0	0	0	76	0	176
465	0	0	0	76	0	176
475	0	0	0	76	0	176
485	0	0	1	75	1	175
495	0	0	0	75	0	175
505	0	0	1	74	1	174
515	0	0	0	74	0	174
525	0	0	0	74	0	174
535	0	0	1	73	1	173
545	0	0	1	72	1	172
555	0	0	1	71	1	171
565	0	0	0	71	0	171
575	0	0	0	71	0	171
585	0	0	0	71	0	171
595	0	0	0	71	0	171
605	0	0	1	70	1	170
615	0	0	1	69	1	169
625	0	0	0	69	0	169
635	0	0	2	67	2	167
645	0	0	0	67	0	167
655	0	0	0	67	0	167
665	0	0	0	67	0	167
675	0	0	0	67	0	167
685	0	0	0	67	0	167
695	0	0	0	67	0	167
705	0	0	0	67	0	167
715	0	0	1	66	1	166
725	0	0	0	66	0	166
735	0	0	1	65	1	165
745	0	0	0	65	0	165
755	0	0	0	65	0	165
765	0	0	0	65	0	165
775	0	0	0	65	0	165
785	0	0	0	65	0	165
795	0	0	0	65	0	165
805	0	0	0	65	0	165
815	0	0	0	65	0	165
825	0	0	1	64	1	164
835	0	0	0	64	0	164
845	0	0	2	62	2	162
855	0	0	0	62	0	162
865	0	0	0	62	0	162
875	0	0	0	62	0	162
885	0	0	1	61	1	161
895	0	0	0	61	0	161
905	0	0	0	61	0	161
915	0	0	0	61	0	161
925	0	0	0	61	0	161
935	0	0	0	61	0	161
945	0	0	0	61	0	161
955	0	0	1	60	1	160
965	0	0	0	60	0	160
975	0	0	0	60	0	160
985	0	0	1	59	1	159
995	0	0	0	59	0	159
1005	0	0	0	59	0	159
1015	0	0	0	59	0	159
1025	0	0	0	59	0	159
1035	0	0	0	59	0	159
1045	0	0	0	59	0	159
1055	0	0	1	58	1	158
1065	0	0	0	58	0	158
1075	0	0	0	58	0	158
1085	0	0	0	58	0	158
1095	0	0	1	57	1	157
1105	0	0	1	56	1	156
1115	0	0	0	56	0	156
1125	0	0	1	55	1	155
1135	0	0	0	55	0	155
1145	0	0	1	54	1	154
1155	0	0	1	53	1	153
1165	0	0	0	53	0	153
1175	0	0	0	53	0	153
1185	0	0	1	52	1	152
1195	0	0	0	52	0	152
1205	0	0	1	51	1	151
1215	0	0	0	51	0	151
1225	0	0	0	51	0	151
1235	0	0	1	50	1	150
1245	0	0	1	49	1	149
1255	0	0	1	48	1	148
1265	0	0	0	48	0	148
1275	0	0	0	48	0	148
1285	0	0	0	48	0	148
1295	0	0	0	48	0	148
1305	0	0	0	48	0	148
1315	0	0	0	48	0	148
1325	0	0	0	48	0	148
1335	0	0	2	46	2	146
1345	0	0	1	45	1	145
1355	0	0	1	44	1	144
1365	0	0	0	44	0	144
1375	0	0	0	44	0	144
1385	0	0	0	44	0	144
1395	0	0	0	44	0	144
1405	0	0	0	44	0	144
1415	0	0	0	44	0	144
1425	0	0	0	44	0	144
1435	0	0	1	43	1	143
1445	0	0	0	43	0	143
1455	0	0	0	43	0	143
1465	0	0	0	43	0	143
1475	0	0	0	43	0	143
1485	0	0	0	43	0	143
1495	0	0	0	43	0	143
1505	0	0	0	43	0	143
1515	0	0	0	43	0	143
1525	0	0	0	43	0	143
1535	0	0	0	43	0	143
1545	0	0	1	42	1	142
1555	0	0	0	42	0	142
1565	0	0	0	42	0	142
1575	0	0	2	40	2	140
1585	0	0	0	40	0	140
1595	0	0	0	40	0	140
1605	0	0	0	40	0	140
1615	0	0	0	40	0	140
1625	0	0	0	40	0	140
1635	0	0	0	40	0	140
1645	0	0	0	40	0	140
1655	0	0	0	40	0	140
1665	0	0	1	39	1	139
1675	0	0	1	38	1	138
1685	0	0	0	38	0	138
1695	0	0	0	38	0	138
1705	0	0	3	35	3	135
1715	0	0	1	34	1	134
1725	0	0	0	34	0	134
1735	0	0	1	33	1	133
1745	0	0	1	32	1	132
1755	0	0	0	32	0	132
1765	0	0	0	32	0	132
1775	0	0	0	32	0	132
1785	0	0	0	32	0	132
1795	0	0	0	32	0	132
1805	0	0	0	32	0	132
1815	0	0	0	32	0	132
1825	0	0	0	32	0	132
1835	0	0	0	32	0	132
1845	0	0	0	32	0	132
1855	0	0	1	31	1	131
1865	0	0	0	31	0	131
1875	0	0	0	31	0	131
1885	0	0	0	31	0	131
1895	0	0	0	31	0	131
1905	0	0	0	31	0	131
1915	0	0	0	31	0	131
1925	0	0	0	31	0	131
1935	0	0	1	30	1	130
1945	0	0	1	29	1	129
1955	0	0	0	29	0	129
1965	0	0	0	29	0	129
1975	0	0	0	29	0	129
1985	0	0	0	29	0	129
1995	0	0	0	29	0	129
2005	0	0	0	29	0	129
2015	0	0	0	29	0	129
2025	0	0	0	29	0	129
2035	0	0	0	29	0	129
2045	0	0	0	29	0	129
2055	0	0	0	29	0	129
2065	0	0	0	29	0	129
2075	0	0	0	29	0	129
2085	0	0	0	29	0	129
2095	0	0	1	28	1	128
2105	0	0	0	28	0	128
2115	0	0	1	27	1	127
2125	0	0	0	27	0	127
2135	0	0	0	27	0	127
2145	0	0	0	27	0	127
2155	0	0	1	26	1	126
2165	0	0	0	26	0	126
2175	0	0	0	26	0	126
2185	0	0	0	26	0	126
2195	0	0	1	25	1	125
2205	0	0	0	25	0	125
2215	0	0	1	24	1	124
2225	0	0	0	24	0	124
2235	0	0	0	24	0	124
2245	0	0	1	23	1	123
2255	0	0	1	22	1	122
2265	0	0	1	21	1	121
2275	0	0	0	21	0	121
2285	0	0	0	21	0	121
2295	0	0	0	21	0	121
2305	0	0	0	21	0	121
2315	0	0	0	21	0	121
2325	0	0	0	21	0	121
2335	0	0	0	21	0	121
2345	0	0	0	21	0	121
2355	0	0	0	21	0	121
2365	0	0	0	21	0	121
2375	0	0	0	21	0	121
2385	0	0	0	21	0	121
2395	0	0	0	21	0	121
2405	0	0	0	21	0	121
2415	0	0	0	21	0	121
2425	0	0	0	21	0	121
2435	0	0	1	20	1	120
2445	0	0	1	19	1	119
2455	0	0	0	19	0	119
2465	0	0	0	19	0	119
2475	0	0	0	19	0	119
2485	0	0	0	19	0	119
2495	0	0	0	19	0	119
2505	0	0	0	19	0	119
2515	0	0	0	19	0	119
2525	0	0	0	19	0	119
2535	0	0	0	19	0	119
2545	0	0	0	19	0	119
2555	0	0	0	19	0	119
2565	0	0	0	19	0	119
2575	0	0	0	19	0	119
2585	0	0	0	19	0	119
2595	0	0	0	19	0	119
2605	0	0	0	19	0	119
2615	0	0	0	19	0	119
2625	0	0	0	19	0	119
2635	0	0	1	18	1	118
2645	0	0	0	18	0	118
2655	0	0	0	18	0	118
2665	0	0	0	18	0	118
2675	0	0	0	18	0	118
2685	0	0	0	18	0	118
2695	0	0	1	17	1	117
2705	0	0	0	17	0	117
2715	0	0	0	17	0	117
2725	0	0	1	16	1	116
2735	0	0	0	16	0	116
2745	0	0	1	15	1	115
2755	0	0	0	15	0	115
2765	0	0	0	15	0	115
2775	0	0	0	15	0	115
2785	0	0	0	15	0	115
2795	0	0	0	15	0	115
2805	0	0	0	15	0	115
2815	0	0	0	15	0	115
2825	0	0	1	14	1	114
2835	0	0	0	14	0	114
2845	0	0	0	14	0	114
2855	0	0	0	14	0	114
2865	0	0	0	14	0	114
2875	0	0	0	14	0	114
2885	0	0	0	14	0	114
2895	0	0	0	14	0	114
2905	0	0	0	14	0	114
2915	0	0	0	14	0	114
2925	0	0	0	14	0	114
2935	0	0	0	14	0	114
2945	0	0	0	14	0	114
2955	0	0	0	14	0	114
2965	0	0	0	14	0	114
2975	0	0	0	14	0	114
2985	0	0	0	14	0	114
2995	0	0	0	14	0	114
3005	0	0	0	14	0	114
3015	0	0	1	13	1	113
3025	0	0	0	13	0	113
3035	0	0	0	13	0	113
3045	0	0	0	13	0	113
3055	0	0	0	13	0	113
3065	0	0	0	13	0	113
3075	0	0	0	13	0	113
3085	0	0	0	13	0	113
3095	0	0	0	13	0	113
3105	0	0	0	13	0	113
3115	0	0	0	13	0	113
3125	0	0	0	13	0	113
3135	0	0	0	13	0	113
3145	0	0	0	13	0	113
3155	0	0	0	13	0	113
3165	0	0	0	13	0	113
3175	0	0	0	13	0	113
3185	0	0	0	13	0	113
3195	0	0	0	13	0	113
3205	0	0	0	13	0	113
3215	0	0	0	13	0	113
3225	0	0	0	13	0	113
3235	0	0	0	13	0	113
3245	0	0	0	13	0	113
3255	0	0	0	13	0	113
3265	0	0	0	13	0	113
3275	0	0	0	13	0	113
3285	0	0	0	13	0	113
3295	0	0	0	13	0	113
3305	0	0	0	13	0	113
3315	0	0	0	13	0	113
3325	0	0	0	13	0	113
3335	0	0	0	13	0	113
3345	0	0	0	13	0	113
3355	0	0	0	13	0	113
3365	0	0	0	13	0	113
3375	0	0	0	13	0	113
3385	0	0	0	13	0	113
3395	0	0	0	13	0	113
3405	0	0	0	13	0	113
3415	0	0	0	13	0	113
3425	0	0	0	13	0	113
3435	0	0	0	13	0	113
3445	0	0	0	13	0	113
3455	0	0	0	13	0	113
3465	0	0	0	13	0	113
3475	0	0	0	13	0	113
3485	0	0	0	13	0	113
3495	0	0	0	13	0	113
3505	0	0	0	13	0	113
3515	0	0	0	13	0	113
3525	0	0	0	13	0	113
3535	0	0	0	13	0	113
3545	0	0	0	13	0	113
3555	0	0	0	13	0	113
3565	0	0	0	13	0	113
3575	0	0	0	13	0	113
3585	0	0	1	12	1	112
3595	0	0	1	11	1	111
3605	0	0	0	11	0	111
3615	0	0	0	11	0	111
3625	0	0	0	11	0	111
3635	0	0	0	11	0	111
3645	0	0	0	11	0	111
3655	0	0	0	11	0	111
3665	0	0	0	11	0	111
3675	0	0	0	11	0	111
3685	0	0	0	11	0	111
3695	0	0	1	10	1	110
3705	0	0	0	10	0	110
3715	0	0	0	10	0	110
3725	0	0	0	10	0	110
3735	0	0	0	10	0	110
3745	0	0	1	9	1	109
3755	0	0	0	9	0	109
3765	0	0	0	9	0	109
3775	0	0	0	9	0	109
3785	0	0	0	9	0	109
3795	0	0	0	9	0	109
3805	0	0	0	9	0	109
3815	0	0	0	9	0	109
3825	0	0	0	9	0	109
3835	0	0	0	9	0	109
3845	0	0	0	9	0	109
3855	0	0	0	9	0	109
3865	0	0	1	8	1	108
3875	0	0	0	8	0	108
3885	0	0	1	7	1	107
3895	0	0	0	7	0	107
3905	0	0	0	7	0	107
3915	0	0	0	7	0	107
3925	0	0	0	7	0	107
3935	0	0	0	7	0	107
3945	0	0	0	7	0	107
3955	0	0	0	7	0	107
3965	0	0	0	7	0	107
3975	0	0	0	7	0	107
3985	0	0	0	7	0	107
3995	0	0	0	7	0	107
4005	0	0	0	7	0	107
4015	0	0	0	7	0	107
4025	0	0	0	7	0	107
4035	0	0	0	7	0	107
4045	0	0	0	7	0	107
4055	0	0	0	7	0	107
4065	0	0	0	7	0	107
4075	0	0	1	6	1	106
4085	0	0	0	6	0	106
4095	0	0	0	6	0	106
4105	0	0	0	6	0	106
4115	0	0	0	6	0	106
4125	0	0	0	6	0	106
4135	0	0	0	6	0	106
4145	0	0	0	6	0	106
4155	0	0	0	6	0	106
4165	0	0	1	5	1	105
4175	0	0	0	5	0	105
4185	0	0	0	5	0	105
4195	0	0	0	5	0	105
4205	0	0	0	5	0	105
4215	0	0	0	5	0	105
4225	0	0	0	5	0	105
4235	0	0	0	5	0	105
4245	0	0	0	5	0	105
4255	0	0	0	5	0	105
4265	0	0	0	5	0	105
4275	0	0	0	5	0	105
4285	0	0	0	5	0	105
4295	0	0	0	5	0	105
4305	0	0	0	5	0	105
4315	0	0	0	5	0	105
4325	0	0	0	5	0	105
4335	0	0	0	5	0	105
4345	0	0	0	5	0	105
4355	0	0	0	5	0	105
4365	0	0	0	5	0	105
4375	0	0	0	5	0	105
4385	0	0	0	5	0	105
4395	0	0	0	5	0	105
4405	0	0	0	5	0	105
4415	0	0	0	5	0	105
4425	0	0	0	5	0	105
4435	0	0	0	5	0	105
4445	0	0	0	5	0	105
4455	0	0	0	5	0	105
4465	0	0	0	5	0	105
4475	0	0	0	5	0	105
4485	0	0	0	5	0	105
4495	0	0	0	5	0	105
4505	0	0	0	5	0	105
4515	0	0	0	5	0	105
4525	0	0	0	5	0	105
4535	0	0	0	5	0	105
4545	0	0	0	5	0	105
4555	0	0	0	5	0	105
4565	0	0	0	5	0	105
4575	0	0	0	5	0	105
4585	0	0	0	5	0	105
4595	0	0	0	5	0	105
4605	0	0	0	5	0	105
4615	0	0	0	5	0	105
4625	0	0	0	5	0	105
4635	0	0	0	5	0	105
4645	0	0	0	5	0	105
4655	0	0	0	5	0	105
4665	0	0	0	5	0	105
4675	0	0	0	5	0	105
4685	0	0	0	5	0	105
4695	0	0	0	5	0	105
4705	0	0	0	5	0	105
4715	0	0	0	5	0	105
4725	0	0	0	5	0	105
4735	0	0	0	5	0	105
4745	0	0	0	5	0	105
4755	0	0	0	5	0	105
4765	0	0	0	5	0	105
4775	0	0	0	5	0	105
4785	0	0	0	5	0	105
4795	0	0	0	5	0	105
4805	0	0	0	5	0	105
4815	0	0	0	5	0	105
4825	0	0	0	5	0	105
4835	0	0	0	5	0	105
4845	0	0	0	5	0	105
4855	0	0	0	5	0	105
4865	0	0	0	5	0	105
4875	0	0	0	5	0	105
4885	0	0	0	5	0	105
4895	0	0	0	5	0	105
4905	0	0	0	5	0	105
4915	0	0	0	5	0	105
4925	0	0	0	5	0	105
4935	0	0	0	5	0	105
4945	0	0	0	5	0	105
4955	0	0	0	5	0	105
4965	0	0	0	5	0	105
4975	0	0	0	5	0	105
4985	0	0	0	5	0	105
4995	0	0	0	5	0	105
5005	0	0	0	5	0	105
5015	0	0	0	5	0	105
5025	0	0	0	5	0	105
5035	0	0	0	5	0	105
5045	0	0	0	5	0	105
5055	0	0	0	5	0	105
5065	0	0	0	5	0	105
5075	0	0	0	5	0	105
5085	0	0	0	5	0	105
5095	0	0	0	5	0	105
5105	0	0	0	5	0	105
5115	0	0	0	5	0	105
5125	0	0	0	5	0	105
5135	0	0	0	5	0	105
5145	0	0	0	5	0	105
5155	0	0	0	5	0	105
5165	0	0	0	5	0	105
5175	0	0	0	5	0	105
5185	0	0	0	5	0	105
5195	0	0	0	5	0	105
5205	0	0	0	5	0	105
5215	0	0	0	5	0	105
5225	0	0	0	5	0	105
5235	0	0	0	5	0	105
5245	0	0	0	5	0	105
5255	0	0	0	5	0	105
5265	0	0	0	5	0	105
5275	0	0	0	5	0	105
5285	0	0	0	5	0	105
5295	0	0	0	5	0	105
5305	0	0	0	5	0	105
5315	0	0	0	5	0	105
5325	0	0	0	5	0	105
5335	0	0	0	5	0	105
5345	0	0	0	5	0	105
5355	0	0	0	5	0	105
5365	0	0	0	5	0	105
5375	0	0	0	5	0	105
5385	0	0	0	5	0	105
5395	0	0	0	5	0	105
5405	0	0	0	5	0	105
5415	0	0	0	5	0	105
5425	0	0	0	5	0	105
5435	0	0	0	5	0	105
5445	0	0	0	5	0	105
5455	0	0	0	5	0	105
5465	0	0	0	5	0	105
5475	0	0	0	5	0	105
5485	0	0	0	5	0	105
5495	0	0	0	5	0	105
5505	0	0	0	5	0	105
5515	0	0	0	5	0	105
5525	0	0	0	5	0	105
5535	0	0	0	5	0	105
5545	0	0	0	5	0	105
5555	0	0	0	5	0	105
5565	0	0	0	5	0	105
5575	0	0	0	5	0	105
5585	0	0	0	5	0	105
5595	0	0	0	5	0	105
5605	0	0	0	5	0	105
5615	0	0	0	5	0	105
5625	0	0	0	5	0	105
5635	0	0	0	5	0	105
5645	0	0	0	5	0	105
5655	0	0	0	5	0	105
5665	0	0	0	5	0	105
5675	0	0	0	5	0	105
5685	0	0	0	5	0	105
5695	0	0	0	5	0	105
5705	0	0	0	5	0	105
5715	0	0	0	5	0	105
5725	0	0	0	5	0	105
5735	0	0	0	5	0	105
5745	0	0	0	5	0	105
5755	0	0	0	5	0	105
5765	0	0	0	5	0	105
5775	0	0	0	5	0	105
5785	0	0	0	5	0	105
5795	0	0	0	5	0	105
5805	0	0	0	5	0	105
5815	0	0	0	5	0	105
5825	0	0	0	5	0	105
5835	0	0	0	5	0	105
5845	0	0	0	5	0	105
5855	0	0	0	5	0	105
5865	0	0	0	5	0	105
5875	0	0	0	5	0	105
5885	0	0	0	5	0	105
5895	0	0	0	5	0	105
5905	0	0	0	5	0	105
5915	0	0	0	5	0	105
5925	0	0	0	5	0	105
5935	0	0	0	5	0	105
5945	0	0	0	5	0	105
5955	0	0	0	5	0	105
5965	0	0	0	5	0	105
5975	0	0	0	5	0	105
5985	0	0	0	5	0	105
5995	0	0	0	5	0	105
6005	0	0	0	5	0	105
6015	0	0	0	5	0	105
6025	0	0	0	5	0	105
6035	0	0	0	5	0	105
6045	0	0	0	5	0	105
6055	0	0	0	5	0	105
6065	0	0	0	5	0	105
6075	0	0	0	5	0	105
6085	0	0	0	5	0	105
6095	0	0	0	5	0	105
6105	0	0	1	4	1	104
6115	0	0	0	4	0	104
6125	0	0	0	4	0	104
6135	0	0	0	4	0	104
6145	0	0	0	4	0	104
6155	0	0	0	4	0	104
6165	0	0	0	4	0	104
6175	0	0	0	4	0	104
6185	0	0	0	4	0	104
6195	0	0	0	4	0	104
6205	0	0	0	4	0	104
6215	0	0	0	4	0	104
6225	0	0	0	4	0	104
6235	0	0	0	4	0	104
6245	0	0	0	4	0	104
6255	0	0	0	4	0	104
6265	0	0	0	4	0	104
6275	0	0	0	4	0	104
6285	0	0	0	4	0	104
6295	0	0	0	4	0	104
6305	0	0	0	4	0	104
6315	0	0	0	4	0	104
6325	0	0	0	4	0	104
6335	0	0	0	4	0	104
6345	0	0	0	4	0	104
6355	0	0	0	4	0	104
6365	0	0	0	4	0	104
6375	0	0	0	4	0	104
6385	0	0	0	4	0	104
6395	0	0	0	4	0	104
6405	0	0	0	4	0	104
6415	0	0	0	4	0	104
6425	0	0	0	4	0	104
6435	0	0	0	4	0	104
6445	0	0	0	4	0	104
6455	0	0	0	4	0	104
6465	0	0	0	4	0	104
6475	0	0	0	4	0	104
6485	0	0	0	4	0	104
6495	0	0	0	4	0	104
6505	0	0	0	4	0	104
6515	0	0	0	4	0	104
6525	0	0	0	4	0	104
6535	0	0	0	4	0	104
6545	0	0	0	4	0	104
6555	0	0	0	4	0	104
6565	0	0	0	4	0	104
6575	0	0	0	4	0	104
6585	0	0	0	4	0	104
6595	0	0	0	4	0	104
6605	0	0	0	4	0	104
6615	0	0	0	4	0	104
6625	0	0	0	4	0	104
6635	0	0	0	4	0	104
6645	0	0	0	4	0	104
6655	0	0	0	4	0	104
6665	0	0	0	4	0	104
6675	0	0	0	4	0	104
6685	0	0	1	3	1	103
6695	0	0	0	3	0	103
6705	0	0	0	3	0	103
6715	0	0	0	3	0	103
6725	0	0	0	3	0	103
6735	0	0	0	3	0	103
6745	0	0	0	3	0	103
6755	0	0	0	3	0	103
6765	0	0	0	3	0	103
6775	0	0	0	3	0	103
6785	0	0	0	3	0	103
6795	0	0	0	3	0	103
6805	0	0	0	3	0	103
6815	0	0	0	3	0	103
6825	0	0	0	3	0	103
6835	0	0	0	3	0	103
6845	0	0	0	3	0	103
6855	0	0	0	3	0	103
6865	0	0	0	3	0	103
6875	0	0	0	3	0	103
6885	0	0	0	3	0	103
6895	0	0	0	3	0	103
6905	0	0	0	3	0	103
6915	0	0	0	3	0	103
6925	0	0	0	3	0	103
6935	0	0	0	3	0	103
6945	0	0	0	3	0	103
6955	0	0	0	3	0	103
6965	0	0	0	3	0	103
6975	0	0	0	3	0	103
6985	0	0	0	3	0	103
6995	0	0	0	3	0	103
7005	0	0	0	3	0	103
7015	0	0	0	3	0	103
7025	0	0	0	3	0	103
7035	0	0	0	3	0	103
7045	0	0	0	3	0	103
7055	0	0	0	3	0	103
7065	0	0	0	3	0	103
7075	0	0	0	3	0	103
7085	0	0	0	3	0	103
7095	0	0	0	3	0	103
7105	0	0	0	3	0	103
7115	0	0	0	3	0	103
7125	0	0	0	3	0	103
7135	0	0	0	3	0	103
7145	0	0	0	3	0	103
7155	0	0	0	3	0	103
7165	0	0	0	3	0	103
7175	0	0	0	3	0	103
7185	0	0	0	3	0	103
7195	0	0	0	3	0	103
7205	0	0	0	3	0	103
7215	0	0	0	3	0	103
7225	0	0	0	3	0	103
7235	0	0	0	3	0	103
7245	0	0	0	3	0	103
7255	0	0	0	3	0	103
7265	0	0	0	3	0	103
7275	0	0	0	3	0	103
7285	0	0	0	3	0	103
7295	0	0	0	3	0	103
7305	0	0	0	3	0	103
7315	0	0	0	3	0	103
7325	0	0	0	3	0	103
7335	0	0	0	3	0	103
7345	0	0	0	3	0	103
7355	0	0	0	3	0	103
7365	0	0	0	3	0	103
7375	0	0	0	3	0	103
7385	0	0	0	3	0	103
7395	0	0	0	3	0	103
7405	0	0	0	3	0	103
7415	0	0	0	3	0	103
7425	0	0	0	3	0	103
7435	0	0	0	3	0	103
7445	0	0	0	3	0	103
7455	0	0	0	3	0	103
7465	0	0	0	3	0	103
7475	0	0	0	3	0	103
7485	0	0	1	2	1	102
7495	0	0	0	2	0	102
7505	0	0	0	2	0	102
7515	0	0	0	2	0	102
7525	0	0	0	2	0	102
7535	0	0	0	2	0	102
7545	0	0	1	1	1	101
7555	0	0	0	1	0	101
7565	0	0	0	1	0	101
7575	0	0	0	1	0	101
7585	0	0	0	1	0	101
7595	0	0	0	1	0	101
7605	0	0	0	1	0	101
7615	0	0	0	1	0	101
7625	0	0	0	1	0	101
7635	0	0	0	1	0	101
7645	0	0	0	1	0	101
7655	0	0	0	1	0	101
7665	0	0	0	1	0	101
7675	0	0	0	1	0	101
7685	0	0	0	1	0	101
7695	0	0	0	1	0	101
7705	0	0	0	1	0	101
7715	0	0	0	1	0	101
7725	0	0	0	1	0	101
7735	0	0	0	1	0	101
7745	0	0	0	1	0	101
7755	0	0	0	1	0	101
7765	0	0	0	1	0	101
7775	0	0	1	0	1	100
7785	0	0	0	0	0	100
7795	0	0	0	0	0	100
7805	0	0	0	0	0	100
7815	0	0	0	0	0	100
7825	0	0	0	0	0	100
7835	0	0	0	0	0	100
7845	0	0	0	0	0	100
7855	0	0	0	0	0	100
7865	0	0	0	0	0	100
7875	0	0	0	0	0	100
7885	0	0	0	0	0	100
7895	0	0	0	0	0	100
7905	0	0	0	0	0	100
7915	0	0	0	0	0	100
7925	0	0	0	0	0	100
7935	0	0	0	0	0	100
7945	0	0	0	0	0	100
7955	0	0	0	0	0	100
7965	0	0	0	0	0	100
7975	0	0	0	0	0	100
7985	0	0	0	0	0	100
7995	0	0	0	0	0	100
8005	0	0	0	0	0	100
8015	0	0	0	0	0	100
8025	0	0	0	0	0	100
8035	0	0	0	0	0	100
8045	0	0	0	0	0	100
8055	0	0	0	0	0	100
8065	0	0	0	0	0	100
8075	0	0	0	0	0	100
8085	0	0	0	0	0	100
8095	0	0	0	0	0	100
8105	0	0	0	0	0	100
8115	0	0	0	0	0	100
8125	0	0	0	0	0	100
8135	0	0	0	0	0	100
8145	0	0	0	0	0	100
8155	0	0	0	0	0	100
8165	0	0	0	0	0	100
8175	0	0	0	0	0	100
8185	0	0	0	0	0	100
8195	0	0	0	0	0	100
8205	0	0	0	0	0	100
8215	0	0	0	0	0	100
8225	0	0	0	0	0	100
8235	0	0	0	0	0	100
8245	0	0	0	0	0	100
8255	0	0	0	0	0	100
8265	0	0	0	0	0	100
8275	0	0	0	0	0	100
8285	0	0	0	0	0	100
8295	0	0	0	0	0	100
8305	0	0	0	0	0	100
8315	0	0	0	0	0	100
8325	0	0	0	0	0	100
8335	0	0	0	0	0	100
8345	0	0	0	0	0	100
8355	0	0	0	0	0	100
8365	0	0	0	0	0	100
8375	0	0	0	0	0	100
8385	0	0	0	0	0	100
8395	0	0	0	0	0	100
8405	0	0	0	0	0	100
8415	0	0	0	0	0	100
8425	0	0	0	0	0	100
8435	0	0	0	0	0	100
8445	0	0	0	0	0	100
8455	0	0	0	0	0	100
8465	0	0	0	0	0	100
8475	0	0	0	0	0	100
8485	0	0	0	0	0	100
8495	0	0	0	0	0	100
8505	0	0	0	0	0	100
8515	0	0	0	0	0	100
8525	0	0	0	0	0	100
8535	0	0	0	0	0	100
8545	0	0	0	0	0	100
8555	0	0	0	0	0	100
8565	0	0	0	0	0	100
8575	0	0	0	0	0	100
8585	0	0	0	0	0	100
8595	0	0	0	0	0	100
8605	0	0	0	0	0	100
8615	0	0	0	0	0	100
8625	0	0	0	0	0	100
8635	0	0	0	0	0	100
8645	0	0	0	0	0	100
8655	0	0	0	0	0	100
8665	0	0	0	0	0	100
8675	0	0	0	0	0	100
8685	0	0	0	0	0	100
8695	0	0	0	0	0	100
8705	0	0	0	0	0	100
8715	0	0	0	0	0	100
8725	0	0	0	0	0	100
8735	0	0	0	0	0	100
8745	0	0	0	0	0	100
8755	0	0	0	0	0	100
8765	0	0	0	0	0	100
8775	0	0	0	0	0	100
8785	0	0	0	0	0	100
8795	0	0	0	0	0	100
8805	0	0	0	0	0	100
8815	0	0	0	0	0	100
8825	0	0	0	0	0	100
8835	0	0	0	0	0	100
8845	0	0	0	0	0	100
8855	0	0	0	0	0	100
8865	0	0	0	0	0	100
8875	0	0	0	0	0	100
8885	0	0	0	0	0	100
8895	0	0	0	0	0	100
8905	0	0	0	0	0	100
8915	0	0	0	0	0	100
8925	0	0	0	0	0	100
8935	0	0	0	0	0	100
8945	0	0	0	0	0	100
8955	0	0	0	0	0	100
8965	0	0	0	0	0	100
8975	0	0	0	0	0	100
8985	0	0	0	0	0	100
8995	0	0	0	0	0	100
9005	0	0	0	0	0	100
9015	0	0	0	0	0	100
9025	0	0	0	0	0	100
9035	0	0	0	0	0	100
9045	0	0	0	0	0	100
9055	0	0	0	0	0	100
9065	0	0	0	0	0	100
9075	0	0	0	0	0	100
9085	0	0	0	0	0	100
9095	0	0	0	0	0	100
9105	0	0	0	0	0	100
9115	0	0	0	0	0	100
9125	0	0	0	0	0	100
9135	0	0	0	0	0	100
9145	0	0	0	0	0	100
9155	0	0	0	0	0	100
9165	0	0	0	0	0	100
9175	0	0	0	0	0	100
9185	0	0	0	0	0	100
9195	0	0	0	0	0	100
9205	0	0	0	0	0	100
9215	0	0	0	0	0	100
9225	0	0	0	0	0	100
9235	0	0	0	0	0	100
9245	0	0	0	0	0	100
9255	0	0	0	0	0	100
9265	0	0	0	0	0	100
9275	0	0	0	0	0	100
9285	0	0	0	0	0	100
9295	0	0	0	0	0	100
9305	0	0	0	0	0	100
9315	0	0	0	0	0	100
9325	0	0	0	0	0	100
9335	0	0	0	0	0	100
9345	0	0	0	0	0	100
9355	0	0	0	0	0	100
9365	0	0	0	0	0	100
9375	0	0	0	0	0	100
9385	0	0	0	0	0	100
9395	0	0	0	0	0	100
9405	0	0	0	0	0	100
9415	0	0	0	0	0	100
9425	0	0	0	0	0	100
9435	0	0	0	0	0	100
9445	0	0	0	0	0	100
9455	0	0	0	0	0	100
9465	0	0	0	0	0	100
9475	0	0	0	0	0	100
9485	0	0	0	0	0	100
9495	0	0	0	0	0	100
9505	0	0	0	0	0	100
9515	0	0	0	0	0	100
9525	0	0	0	0	0	100
9535	0	0	0	0	0	100
9545	0	0	0	0	0	100
9555	0	0	0	0	0	100
9565	0	0	0	0	0	100
9575	0	0	0	0	0	100
9585	0	0	0	0	0	100
9595	0	0	0	0	0	100
9605	0	0	0	0	0	100
9615	0	0	0	0	0	100
9625	0	0	0	0	0	100
9635	0	0	0	0	0	100
9645	0	0	0	0	0	100
9655	0	0	0	0	0	100
9665	0	0	0	0	0	100
9675	0	0	0	0	0	100
9685	0	0	0	0	0	100
9695	0	0	0	0	0	100
9705	0	0	0	0	0	100
9715	0	0	0	0	0	100
9725	0	0	0	0	0	100
9735	0	0	0	0	0	100
9745	0	0	0	0	0	100
9755	0	0	0	0	0	100
9765	0	0	0	0	0	100
9775	0	0	0	0	0	100
9785	0	0	0	0	0	100
9795	0	0	0	0	0	100
9805	0	0	0	0	0	100
9815	0	0	0	0	0	100
9825	0	0	0	0	0	100
9835	0	0	0	0	0	100
9845	0	0	0	0	0	100
9855	0	0	0	0	0	100
9865	0	0	0	0	0	100
9875	0	0	0	0	0	100
9885	0	0	0	0	0	100
9895	0	0	0	0	0	100
9905	0	0	0	0	0	100
9915	0	0	0	0	0	100
9925	0	0	0	0	0	100
9935	0	0	0	0	0	100
9945	0	0	0	0	0	100
9955	0	0	0	0	0	100
9965	0	0	0	0	0	100
9975	0	0	0	0	0	100
9985	0	0	0	0	0	100
9995	0	0	0	0	0	100
10005	0	0	0	0	0	100
10015	0	0	0	0	0	100
10025	0	0	0	0	0	100
10035	0	0	0	0	0	100
10045	0	0	0	0	0	100
10055	0	0	0	0	0	100
10065	0	0	0	0	0	100
10075	0	0	0	0	0	100
10085	0	0	0	0	0	100
10095	0	0	0	0	0	100
10105	0	0	0	0	0	100
10115	0	0	0	0	0	100
10125	0	0	0	0	0	100
10135	0	0	0	0	0	100
10145	0	0	0	0	0	100
10155	0	0	0	0	0	100
10165	0	0	0	0	0	100
10175	0	0	0	0	0	100
10185	0	0	0	0	0	100
10195	0	0	0	0	0	100
10205	0	0	0	0	0	100
10215	0	0	0	0	0	100
10225	0	0	0	0	0	100
10235	0	0	0	0	0	100
10245	0	0	0	0	0	100
10255	0	0	0	0	0	100
10265	0	0	0	0	0	100
10275	0	0	0	0	0	100
10285	0	0	0	0	0	100
10295	0	0	0	0	0	100
10305	0	0	0	0	0	100
10315	0	0	0	0	0	100
10325	0	0	0	0	0	100
10335	0	0	0	0	0	100
10345	0	0	0	0	0	100
10355	0	0	0	0	0	100
10365	0	0	0	0	0	100
10375	0	0	0	0	0	100
10385	0	0	0	0	0	100
10395	0	0	0	0	0	100
10405	0	0	0	0	0	100
10415	0	0	0	0	0	100
10425	0	0	0	0	0	100
10435	0	0	0	0	0	100
10445	0	0	0	0	0	100
10455	0	0	0	0	0	100
10465	0	0	0	0	0	100
10475	0	0	0	0	0	100
10485	0	0	0	0	0	100
10495	0	0	0	0	0	100
10505	0	0	0	0	0	100
10515	0	0	0	0	0	100
10525	0	0	0	0	0	100
10535	0	0	0	0	0	100
10545	0	0	0	0	0	100
10555	0	0	0	0	0	100
10565	0	0	0	0	0	100
10575	0	0	0	0	0	100
10585	0	0	0	0	0	100
10595	0	0	0	0	0	100
10605	0	0	0	0	0	100
10615	0	0	0	0	0	100
10625	0	0	0	0	0	100
10635	0	0	0	0	0	100
10645	0	0	0	0	0	100
10655	0	0	0	0	0	100
10665	0	0	0	0	0	100
10675	0	0	0	0	0	100
10685	0	0	0	0	0	100
10695	0	0	0	0	0	100
10705	0	0	0	0	0	100
10715	0	0	0	0	0	100
10725	0	0	0	0	0	100
10735	0	0	0	0	0	100
10745	0	0	0	0	0	100
10755	0	0	0	0	0	100
10765	0	0	0	0	0	100
10775	0	0	0	0	0	100
10785	0	0	0	0	0	100
10795	0	0	0	0	0	100
10805	0	0	0	0	0	100
10815	0	0	0	0	0	100
10825	0	0	0	0	0	100
10835	0	0	0	0	0	100
10845	0	0	0	0	0	100
10855	0	0	0	0	0	100
10865	0	0	0	0	0	100
10875	0	0	0	0	0	100
10885	0	0	0	0	0	100
10895	0	0	0	0	0	100
10905	0	0	0	0	0	100
10915	0	0	0	0	0	100
10925	0	0	0	0	0	100
10935	0	0	0	0	0	100
10945	0	0	0	0	0	100
10955	0	0	0	0	0	100
10965	0	0	0	0	0	100
10975	0	0	0	0	0	100
10985	0	0	0	0	0	100
10995	0	0	0	0	0	100
11005	0	0	0	0	0	100
11015	0	0	0	0	0	100
11025	0	0	0	0	0	100
11035	0	0	0	0	0	100
11045	0	0	0	0	0	100
11055	0	0	0	0	0	100
11065	0	0	0	0	0	100
11075	0	0	0	0	0	100
11085	0	0	0	0	0	100
11095	0	0	0	0	0	100
11105	0	0	0	0	0	100
11115	0	0	0	0	0	100
11125	0	0	0	0	0	100
11135	0	0	0	0	0	100
11145	0	0	0	0	0	100
11155	0	0	0	0	0	100
11165	0	0	0	0	0	100
11175	0	0	0	0	0	100
11185	0	0	0	0	0	100
11195	0	0	0	0	0	100
11205	0	0	0	0	0	100
11215	0	0	0	0	0	100
11225	0	0	0	0	0	100
11235	0	0	0	0	0	100
11245	0	0	0	0	0	100
11255	0	0	0	0	0	100
11265	0	0	0	0	0	100
11275	0	0	0	0	0	100
11285	0	0	0	0	0	100
11295	0	0	0	0	0	100
11305	0	0	0	0	0	100
11315	0	0	0	0	0	100
11325	0	0	0	0	0	100
11335	0	0	0	0	0	100
11345	0	0	0	0	0	100
11355	0	0	0	0	0	100
11365	0	0	0	0	0	100
11375	0	0	0	0	0	100
11385	0	0	0	0	0	100
11395	0	0	0	0	0	100
11405	0	0	0	0	0	100
11415	0	0	0	0	0	100
11425	0	0	0	0	0	100
11435	0	0	0	0	0	100
11445	0	0	0	0	0	100
11455	0	0	0	0	0	100
11465	0	0	0	0	0	100
11475	0	0	0	0	0	100
11485	0	0	0	0	0	100
11495	0	0	0	0	0	100
11505	0	0	0	0	0	100
11515	0	0	0	0	0	100
11525	0	0	0	0	0	100
11535	0	0	0	0	0	100
11545	0	0	0	0	0	100
11555	0	0	0	0	0	100
11565	0	0	0	0	0	100
11575	0	0	0	0	0	100
11585	0	0	0	0	0	100
11595	0	0	0	0	0	100
11605	0	0	0	0	0	100
11615	0	0	0	0	0	100
11625	0	0	0	0	0	100
11635	0	0	0	0	0	100
11645	0	0	0	0	0	100
11655	0	0	0	0	0	100
11665	0	0	0	0	0	100
11675	0	0	0	0	0	100
11685	0	0	0	0	0	100
11695	0	0	0	0	0	100
11705	0	0	0	0	0	100
11715	0	0	0	0	0	100
11725	0	0	0	0	0	100
11735	0	0	0	0	0	100
11745	0	0	0	0	0	100
11755	0	0	0	0	0	100
11765	0	0	0	0	0	100
11775	0	0	0	0	0	100
11785	0	0	0	0	0	100
11795	0	0	0	0	0	100
11805	0	0	0	0	0	100
11815	0	0	0	0	0	100
11825	0	0	0	0	0	100
11835	0	0	0	0	0	100
11845	0	0	0	0	0	100
11855	0	0	0	0	0	100
11865	0	0	0	0	0	100
11875	0	0	0	0	0	100
11885	0	0	0	0	0	100
11895	0	0	0	0	0	100
11905	0	0	0	0	0	100
11915	0	0	0	0	0	100
11925	0	0	0	0	0	100
11935	0	0	0	0	0	100
11945	0	0	0	0	0	100
11955	0	0	0	0	0	100
11965	0	0	0	0	0	100
11975	0	0	0	0	0	100
11985	0	0	0	0	0	100
11995	0	0	0	0	0	100
12005	0	0	0	0	0	100
12015	0	0	0	0	0	100
12025	0	0	0	0	0	100
12035	0	0	0	0	0	100
12045	0	0	0	0	0	100
12055	0	0	0	0	0	100
12065	0	0	0	0	0	100
12075	0	0	0	0	0	100
12085	0	0	0	0	0	100
12095	0	0	0	0	0	100
12105	0	0	0	0	0	100
12115	0	0	0	0	0	100
12125	0	0	0	0	0	100
12135	0	0	0	0	0	100
12145	0	0	0	0	0	100
12155	0	0	0	0	0	100
12165	0	0	0	0	0	100
12175	0	0	0	0	0	100
12185	0	0	0	0	0	100
12195	0	0	0	0	0	100
12205	0	0	0	0	0	100
12215	0	0	0	0	0	100
12225	0	0	0	0	0	100
12235	0	0	0	0	0	100
12245	0	0	0	0	0	100
12255	0	0	0	0	0	100
12265	0	0	0	0	0	100
12275	0	0	0	0	0	100
12285	0	0	0	0	0	100
12295	0	0	0	0	0	100
12305	0	0	0	0	0	100
12315	0	0	0	0	0	100
12325	0	0	0	0	0	100
12335	0	0	0	0	0	100
12345	0	0	0	0	0	100
12355	0	0	0	0	0	100
12365	0	0	0	0	0	100
12375	0	0	0	0	0	100
12385	0	0	0	0	0	100
12395	0	0	0	0	0	100
12405	0	0	0	0	0	100
12415	0	0	0	0	0	100
12425	0	0	0	0	0	100
12435	0	0	0	0	0	100
12445	0	0	0	0	0	100
12455	0	0	0	0	0	100
12465	0	0	0	0	0	100
12475	0	0	0	0	0	100
12485	0	0	0	0	0	100
12495	0	0	0	0	0	100
12505	0	0	0	0	0	100
12515	0	0	0	0	0	100
12525	0	0	0	0	0	100
12535	0	0	0	0	0	100
12545	0	0	0	0	0	100
12555	0	0	0	0	0	100
12565	0	0	0	0	0	100
12575	0	0	0	0	0	100
12585	0	0	0	0	0	100
12595	0	0	0	0	0	100
12605	0	0	0	0	0	100
12615	0	0	0	0	0	100
12625	0	0	0	0	0	100
12635	0	0	0	0	0	100
12645	0	0	0	0	0	100
12655	0	0	0	0	0	100
12665	0	0	0	0	0	100
12675	0	0	0	0	0	100
12685	0	0	0	0	0	100
12695	0	0	0	0	0	100
12705	0	0	0	0	0	100
12715	0	0	0	0	0	100
12725	0	0	0	0	0	100
12735	0	0	0	0	0	100
12745	0	0	0	0	0	100
12755	0	0	0	0	0	100
12765	0	0	0	0	0	100
12775	0	0	0	0	0	100
12785	0	0	0	0	0	100
12795	0	0	0	0	0	100
12805	0	0	0	0	0	100
12815	0	0	0	0	0	100
12825	0	0	0	0	0	100
12835	0	0	0	0	0	100
12845	0	0	0	0	0	100
12855	0	0	0	0	0	100
12865	0	0	0	0	0	100
12875	0	0	0	0	0	100
12885	0	0	0	0	0	100
12895	0	0	0	0	0	100
12905	0	0	0	0	0	100
12915	0	0	0	0	0	100
12925	0	0	0	0	0	100
12935	0	0	0	0	0	100
12945	0	0	0	0	0	100
12955	0	0	0	0	0	100
12965	0	0	0	0	0	100
12975	0	0	0	0	0	100
12985	0	0	0	0	0	100
12995	0	0	0	0	0	100
13005	0	0	0	0	0	100
13015	0	0	0	0	0	100
13025	0	0	0	0	0	100
13035	0	0	0	0	0	100
13045	0	0	0	0	0	100
13055	0	0	0	0	0	100
13065	0	0	0	0	0	100
13075	0	0	0	0	0	100
13085	0	0	0	0	0	100
13095	0	0	0	0	0	100
13105	0	0	0	0	0	100
13115	0	0	0	0	0	100
13125	0	0	0	0	0	100
13135	0	0	0	0	0	100
13145	0	0	0	0	0	100
13155	0	0	0	0	0	100
13165	0	0	0	0	0	100
13175	0	0	0	0	0	100
13185	0	0	0	0	0	100
13195	0	0	0	0	0	100
13205	0	0	0	0	0	100
13215	0	0	0	0	0	100
13225	0	0	0	0	0	100
13235	0	0	0	0	0	100
13245	0	0	0	0	0	100
13255	0	0	0	0	0	100
13265	0	0	0	0	0	100
13275	0	0	0	0	0	100
13285	0	0	0	0	0	100
13295	0	0	0	0	0	100
13305	0	0	0	0	0	100
13315	0	0	0	0	0	100
13325	0	0	0	0	0	100
13335	0	0	0	0	0	100
13345	0	0	0	0	0	100
13355	0	0	0	0	0	100
13365	0	0	0	0	0	100
13375	0	0	0	0	0	100
13385	0	0	0	0	0	100
13395	0	0	0	0	0	100
13405	0	0	0	0	0	100
13415	0	0	0	0	0	100
13425	0	0	0	0	0	100
13435	0	0	0	0	0	100
13445	0	0	0	0	0	100
13455	0	0	0	0	0	100
13465	0	0	0	0	0	100
13475	0	0	0	0	0	100
13485	0	0	0	0	0	100
13495	0	0	0	0	0	100
13505	0	0	0	0	0	100
13515	0	0	0	0	0	100
13525	0	0	0	0	0	100
13535	0	0	0	0	0	100
13545	0	0	0	0	0	100
13555	0	0	0	0	0	100
13565	0	0	0	0	0	100
13575	0	0	0	0	0	100
13585	0	0	0	0	0	100
13595	0	0	0	0	0	100
13605	0	0	0	0	0	100
13615	0	0	0	0	0	100
13625	0	0	0	0	0	100
13635	0	0	0	0	0	100
13645	0	0	0	0	0	100
13655	0	0	0	0	0	100
13665	0	0	0	0	0	100
13675	0	0	0	0	0	100
13685	0	0	0	0	0	100
13695	0	0	0	0	0	100
13705	0	0	0	0	0	100
13715	0	0	0	0	0	100
13725	0	0	0	0	0	100
13735	0	0	0	0	0	100
13745	0	0	0	0	0	100
13755	0	0	0	0	0	100
13765	0	0	0	0	0	100
13775	0	0	0	0	0	100
13785	0	0	0	0	0	100
13795	0	0	0	0	0	100
13805	0	0	0	0	0	100
13815	0	0	0	0	0	100
13825	0	0	0	0	0	100
13835	0	0	0	0	0	100
13845	0	0	0	0	0	100
13855	0	0	0	0	0	100
13865	0	0	0	0	0	100
13875	0	0	0	0	0	100
13885	0	0	0	0	0	100
13895	0	0	0	0	0	100
13905	0	0	0	0	0	100
13915	0	0	0	0	0	100
13925	0	0	0	0	0	100
13935	0	0	0	0	0	100
13945	0	0	0	0	0	100
13955	0	0	0	0	0	100
13965	0	0	0	0	0	100
13975	0	0	0	0	0	100
13985	0	0	0	0	0	100
13995	0	0	0	0	0	100
14005	0	0	0	0	0	100
14015	0	0	0	0	0	100
14025	0	0	0	0	0	100
14035	0	0	0	0	0	100
14045	0	0	0	0	0	100
14055	0	0	0	0	0	100
14065	0	0	0	0	0	100
14075	0	0	0	0	0	100
14085	0	0	0	0	0	100
14095	0	0	0	0	0	100
14105	0	0	0	0	0	100
14115	0	0	0	0	0	100
14125	0	0	0	0	0	100
14135	0	0	0	0	0	100
14145	0	0	0	0	0	100
14155	0	0	0	0	0	100
14165	0	0	0	0	0	100
14175	0	0	0	0	0	100
14185	0	0	0	0	0	100
14195	0	0	0	0	0	100
14205	0	0	0	0	0	100
14215	0	0	0	0	0	100
14225	0	0	0	0	0	100
14235	0	0	0	0	0	100
14245	0	0	0	0	0	100
14255	0	0	0	0	0	100
14265	0	0	0	0	0	100
14275	0	0	0	0	0	100
14285	0	0	0	0	0	100
14295	0	0	0	0	0	100
14305	0	0	0	0	0	100
14315	0	0	0	0	0	100
14325	0	0	0	0	0	100
14335	0	0	0	0	0	100
14345	0	0	0	0	0	100
14355	0	0	0	0	0	100
14365	0	0	0	0	0	100
14375	0	0	0	0	0	100
14385	0	0	0	0	0	100
14395	0	0	0	0	0	100
14405	0	0	0	0	0	100
14415	0	0	0	0	0	100
14425	0	0	0	0	0	100
14435	0	0	0	0	0	100
14445	0	0	0	0	0	100
14455	0	0	0	0	0	100
14465	0	0	0	0	0	100
14475	0	0	0	0	0	100
14485	0	0	0	0	0	100
14495	0	0	0	0	0	100
14505	0	0	0	0	0	100
14515	0	0	0	0	0	100
14525	0	0	0	0	0	100
14535	0	0	0	0	0	100
14545	0	0	0	0	0	100
14555	0	0	0	0	0	100
14565	0	0	0	0	0	100
14575	0	0	0	0	0	100
14585	0	0	0	0	0	100
14595	0	0	0	0	0	100
14605	0	0	0	0	0	100
14615	0	0	0	0	0	100
14625	0	0	0	0	0	100
14635	0	0	0	0	0	100
14645	0	0	0	0	0	100
14655	0	0	0	0	0	100
14665	0	0	0	0	0	100
14675	0	0	0	0	0	100
14685	0	0	0	0	0	100
14695	0	0	0	0	0	100
14705	0	0	0	0	0	100
14715	0	0	0	0	0	100
14725	0	0	0	0	0	100
14735	0	0	0	0	0	100
14745	0	0	0	0	0	100
14755	0	0	0	0	0	100
14765	0	0	0	0	0	100
14775	0	0	0	0	0	100
14785	0	0	0	0	0	100
14795	0	0	0	0	0	100
14805	0	0	0	0	0	100
14815	0	0	0	0	0	100
14825	0	0	0	0	0	100
14835	0	0	0	0	0	100
14845	0	0	0	0	0	100
14855	0	0	0	0	0	100
14865	0	0	0	0	0	100
14875	0	0	0	0	0	100
14885	0	0	0	0	0	100
14895	0	0	0	0	0	100
14905	0	0	0	0	0	100
14915	0	0	0	0	0	100
14925	0	0	0	0	0	100
14935	0	0	0	0	0	100
14945	0	0	0	0	0	100
14955	0	0	0	0	0	100
14965	0	0	0	0	0	100
14975	0	0	0	0	0	100
14985	0	0	0	0	0	100
14995	0	0	0	0	0	100
15005	0	0	0	0	0	100
15015	0	0	0	0	0	100
15025	0	0	0	0	0	100
15035	0	0	0	0	0	100
15045	0	0	0	0	0	100
15055	0	0	0	0	0	100
15065	0	0	0	0	0	100
15075	0	0	0	0	0	100
15085	0	0	0	0	0	100
15095	0	0	0	0	0	100
15105	0	0	0	0	0	100
15115	0	0	0	0	0	100
15125	0	0	0	0	0	100
15135	0	0	0	0	0	100
15145	0	0	0	0	0	100
15155	0	0	0	0	0	100
15165	0	0	0	0	0	100
15175	0	0	0	0	0	100
15185	0	0	0	0	0	100
15195	0	0	0	0	0	100
15205	0	0	0	0	0	100
15215	0	0	0	0	0	100
15225	0	0	0	0	0	100
15235	0	0	0	0	0	100
15245	0	0	0	0	0	100
15255	0	0	0	0	0	100
15265	0	0	0	0	0	100
15275	0	0	0	0	0	100
15285	0	0	0	0	0	100
15295	0	0	0	0	0	100
15305	0	0	0	0	0	100
15315	0	0	0	0	0	100
15325	0	0	0	0	0	100
15335	0	0	0	0	0	100
15345	0	0	0	0	0	100
15355	0	0	0	0	0	100
15365	0	0	0	0	0	100
15375	0	0	0	0	0	100
15385	0	0	0	0	0	100
15395	0	0	0	0	0	100
15405	0	0	0	0	0	100
15415	0	0	0	0	0	100
15425	0	0	0	0	0	100
15435	0	0	0	0	0	100
15445	0	0	0	0	0	100
15455	0	0	0	0	0	100
15465	0	0	0	0	0	100
15475	0	0	0	0	0	100
15485	0	0	0	0	0	100
15495	0	0	0	0	0	100
15505	0	0	0	0	0	100
15515	0	0	0	0	0	100
15525	0	0	0	0	0	100
15535	0	0	0	0	0	100
15545	0	0	0	0	0	100
15555	0	0	0	0	0	100
15565	0	0	0	0	0	100
15575	0	0	0	0	0	100
15585	0	0	0	0	0	100
15595	0	0	0	0	0	100
15605	0	0	0	0	0	100
15615	0	0	0	0	0	100
15625	0	0	0	0	0	100
15635	0	0	0	0	0	100
15645	0	0	0	0	0	100
15655	0	0	0	0	0	100
15665	0	0	0	0	0	100
15675	0	0	0	0	0	100
15685	0	0	0	0	0	100
15695	0	0	0	0	0	100
15705	0	0	0	0	0	100
15715	0	0	0	0	0	100
15725	0	0	0	0	0	100
15735	0	0	0	0	0	100
15745	0	0	0	0	0	100
15755	0	0	0	0	0	100
15765	0	0	0	0	0	100
15775	0	0	0	0	0	100
15785	0	0	0	0	0	100
15795	0	0	0	0	0	100
15805	0	0	0	0	0	100
15815	0	0	0	0	0	100
15825	0	0	0	0	0	100
15835	0	0	0	0	0	100
15845	0	0	0	0	0	100
15855	0	0	0	0	0	100
15865	0	0	0	0	0	100
15875	0	0	0	0	0	100
15885	0	0	0	0	0	100
15895	0	0	0	0	0	100
15905	0	0	0	0	0	100
15915	0	0	0	0	0	100
15925	0	0	0	0	0	100
15935	0	0	0	0	0	100
15945	0	0	0	0	0	100
15955	0	0	0	0	0	100
15965	0	0	0	0	0	100
15975	0	0	0	0	0	100
15985	0	0	0	0	0	100
15995	0	0	0	0	0	100
16005	0	0	0	0	0	100
16015	0	0	0	0	0	100
16025	0	0	0	0	0	100
16035	0	0	0	0	0	100
16045	0	0	0	0	0	100
16055	0	0	0	0	0	100
16065	0	0	0	0	0	100
16075	0	0	0	0	0	100
16085	0	0	0	0	0	100
16095	0	0	0	0	0	100
16105	0	0	0	0	0	100
16115	0	0	0	0	0	100
16125	0	0	0	0	0	100
16135	0	0	0	0	0	100
16145	0	0	0	0	0	100
16155	0	0	0	0	0	100
16165	0	0	0	0	0	100
16175	0	0	0	0	0	100
16185	0	0	0	0	0	100
16195	0	0	0	0	0	100
16205	0	0	0	0	0	100
16215	0	0	0	0	0	100
16225	0	0	0	0	0	100
16235	0	0	0	0	0	100
16245	0	0	0	0	0	100
16255	0	0	0	0	0	100
16265	0	0	0	0	0	100
16275	0	0	0	0	0	100
16285	0	0	0	0	0	100
16295	0	0	0	0	0	100
16305	0	0	0	0	0	100
16315	0	0	0	0	0	100
16325	0	0	0	0	0	100
16335	0	0	0	0	0	100
16345	0	0	0	0	0	100
16355	0	0	0	0	0	100
16365	0	0	0	0	0	100
16375	0	0	0	0	0	100
16385	0	0	0	0	0	100
16395	0	0	0	0	0	100
16405	0	0	0	0	0	100
16415	0	0	0	0	0	100
16425	0	0	0	0	0	100
16435	0	0	0	0	0	100
16445	0	0	0	0	0	100
16455	0	0	0	0	0	100
16465	0	0	0	0	0	100
16475	0	0	0	0	0	100
16485	0	0	0	0	0	100
16495	0	0	0	0	0	100
16505	0	0	0	0	0	100
16515	0	0	0	0	0	100
16525	0	0	0	0	0	100
16535	0	0	0	0	0	100
16545	0	0	0	0	0	100
16555	0	0	0	0	0	100
16565	0	0	0	0	0	100
16575	0	0	0	0	0	100
16585	0	0	0	0	0	100
16595	0	0	0	0	0	100
16605	0	0	0	0	0	100
16615	0	0	0	0	0	100
16625	0	0	0	0	0	100
16635	0	0	0	0	0	100
16645	0	0	0	0	0	100
16655	0	0	0	0	0	100
16665	0	0	0	0	0	100
16675	0	0	0	0	0	100
16685	0	0	0	0	0	100
16695	0	0	0	0	0	100
16705	0	0	0	0	0	100
16715	0	0	0	0	0	100
16725	0	0	0	0	0	100
16735	0	0	0	0	0	100
16745	0	0	0	0	0	100
16755	0	0	0	0	0	100
16765	0	0	0	0	0	100
16775	0	0	0	0	0	100
16785	0	0	0	0	0	100
16795	0	0	0	0	0	100
16805	0	0	0	0	0	100
16815	0	0	0	0	0	100
16825	0	0	0	0	0	100
16835	0	0	0	0	0	100
16845	0	0	0	0	0	100
16855	0	0	0	0	0	100
16865	0	0	0	0	0	100
16875	0	0	0	0	0	100
16885	0	0	0	0	0	100
16895	0	0	0	0	0	100
16905	0	0	0	0	0	100
16915	0	0	0	0	0	100
16925	0	0	0	0	0	100
16935	0	0	0	0	0	100
16945	0	0	0	0	0	100
16955	0	0	0	0	0	100
16965	0	0	0	0	0	100
16975	0	0	0	0	0	100
16985	0	0	0	0	0	100
16995	0	0	0	0	0	100
17005	0	0	0	0	0	100
17015	0	0	0	0	0	100
17025	0	0	0	0	0	100
17035	0	0	0	0	0	100
17045	0	0	0	0	0	100
17055	0	0	0	0	0	100
17065	0	0	0	0	0	100
17075	0	0	0	0	0	100
17085	0	0	0	0	0	100
17095	0	0	0	0	0	100
17105	0	0	0	0	0	100
17115	0	0	0	0	0	100
17125	0	0	0	0	0	100
17135	0	0	0	0	0	100
17145	0	0	0	0	0	100
17155	0	0	0	0	0	100
17165	0	0	0	0	0	100
17175	0	0	0	0	0	100
17185	0	0	0	0	0	100
17195	0	0	0	0	0	100
17205	0	0	0	0	0	100
17215	0	0	0	0	0	100
17225	0	0	0	0	0	100
17235	0	0	0	0	0	100
17245	0	0	0	0	0	100
17255	0	0	0	0	0	100
17265	0	0	0	0	0	100
17275	0	0	0	0	0	100
17285	0	0	0	0	0	100
17295	0	0	0	0	0	100
17305	0	0	0	0	0	100
17315	0	0	0	0	0	100
17325	0	0	0	0	0	100
17335	0	0	0	0	0	100
17345	0	0	0	0	0	100
17355	0	0	0	0	0	100
17365	0	0	0	0	0	100
17375	0	0	0	0	0	100
17385	0	0	0	0	0	100
17395	0	0	0	0	0	100
17405	0	0	0	0	0	100
17415	0	0	0	0	0	100
17425	0	0	0	0	0	100
17435	0	0	0	0	0	100
17445	0	0	0	0	0	100
17455	0	0	0	0	0	100
17465	0	0	0	0	0	100
17475	0	0	0	0	0	100
17485	0	0	0	0	0	100
17495	0	0	0	0	0	100
17505	0	0	0	0	0	100
17515	0	0	0	0	0	100
17525	0	0	0	0	0	100
17535	0	0	0	0	0	100
17545	0	0	0	0	0	100
17555	0	0	0	0	0	100
17565	0	0	0	0	0	100
17575	0	0	0	0	0	100
17585	0	0	0	0	0	100
17595	0	0	0	0	0	100
17605	0	0	0	0	0	100
17615	0	0	0	0	0	100
17625	0	0	0	0	0	100
17635	0	0	0	0	0	100
17645	0	0	0	0	0	100
17655	0	0	0	0	0	100
17665	0	0	0	0	0	100
17675	0	0	0	0	0	100
17685	0	0	0	0	0	100
17695	0	0	0	0	0	100
17705	0	0	0	0	0	100
17715	0	0	0	0	0	100
17725	0	0	0	0	0	100
17735	0	0	0	0	0	100
17745	0	0	0	0	0	100
17755	0	0	0	0	0	100
17765	0	0	0	0	0	100
17775	0	0	0	0	0	100
17785	0	0	0	0	0	100
17795	0	0	0	0	0	100
17805	0	0	0	0	0	100
17815	0	0	0	0	0	100
17825	0	0	0	0	0	100
17835	0	0	0	0	0	100
17845	0	0	0	0	0	100
17855	0	0	0	0	0	100
17865	0	0	0	0	0	100
17875	0	0	0	0	0	100
17885	0	0	0	0	0	100
17895	0	0	0	0	0	100
17905	0	0	0	0	0	100
17915	0	0	0	0	0	100
17925	0	0	0	0	0	100
17935	0	0	0	0	0	100
17945	0	0	0	0	0	100
17955	0	0	0	0	0	100
17965	0	0	0	0	0	100
17975	0	0	0	0	0	100
17985	0	0	0	0	0	100
17995	0	0	0	0	0	100
