2.5	176	824	1	999	177	2823
7.5	140	684	3	996	143	2680
12.5	111	573	3	993	114	2566
17.5	106	467	3	990	109	2457
22.5	86	381	4	986	90	2367
27.5	68	313	1	985	69	2298
32.5	37	276	1	984	38	2260
37.5	48	228	2	982	50	2210
42.5	29	199	2	980	31	2179
47.5	41	158	2	978	43	2136
52.5	19	139	2	976	21	2115
57.5	26	113	2	974	28	2087
62.5	22	91	5	969	27	2060
67.5	25	66	4	965	29	2031
72.5	14	52	4	961	18	2013
77.5	6	46	1	960	7	2006
82.5	7	39	3	957	10	1996
87.5	6	33	7	950	13	1983
92.5	3	30	2	948	5	1978
97.5	11	19	1	947	12	1966
102.5	7	12	5	942	12	1954
107.5	2	10	5	937	7	1947
112.5	2	8	2	935	4	1943
117.5	1	7	4	931	5	1938
122.5	2	5	0	931	2	1936
127.5	2	3	3	928	5	1931
132.5	1	2	4	924	5	1926
137.5	0	2	0	924	0	1926
142.5	0	2	1	923	1	1925
147.5	0	2	5	918	5	1920
152.5	1	1	1	917	2	1918
157.5	0	1	9	908	9	1909
162.5	0	1	5	903	5	1904
167.5	1	0	2	901	3	1901
172.5	0	0	0	901	0	1901
177.5	0	0	1	900	1	1900
182.5	0	0	1	899	1	1899
187.5	0	0	4	895	4	1895
192.5	0	0	3	892	3	1892
197.5	0	0	2	890	2	1890
202.5	0	0	4	886	4	1886
207.5	0	0	3	883	3	1883
212.5	0	0	4	879	4	1879
217.5	0	0	3	876	3	1876
222.5	0	0	1	875	1	1875
227.5	0	0	2	873	2	1873
232.5	0	0	1	872	1	1872
237.5	0	0	0	872	0	1872
242.5	0	0	5	867	5	1867
247.5	0	0	3	864	3	1864
252.5	0	0	3	861	3	1861
257.5	0	0	3	858	3	1858
262.5	0	0	3	855	3	1855
267.5	0	0	1	854	1	1854
272.5	0	0	3	851	3	1851
277.5	0	0	2	849	2	1849
282.5	0	0	1	848	1	1848
287.5	0	0	1	847	1	1847
292.5	0	0	0	847	0	1847
297.5	0	0	2	845	2	1845
302.5	0	0	1	844	1	1844
307.5	0	0	3	841	3	1841
312.5	0	0	4	837	4	1837
317.5	0	0	0	837	0	1837
322.5	0	0	1	836	1	1836
327.5	0	0	0	836	0	1836
332.5	0	0	2	834	2	1834
337.5	0	0	4	830	4	1830
342.5	0	0	3	827	3	1827
347.5	0	0	3	824	3	1824
352.5	0	0	1	823	1	1823
357.5	0	0	3	820	3	1820
362.5	0	0	6	814	6	1814
367.5	0	0	4	810	4	1810
372.5	0	0	3	807	3	1807
377.5	0	0	2	805	2	1805
382.5	0	0	2	803	2	1803
387.5	0	0	3	800	3	1800
392.5	0	0	2	798	2	1798
397.5	0	0	1	797	1	1797
402.5	0	0	1	796	1	1796
407.5	0	0	2	794	2	1794
412.5	0	0	6	788	6	1788
417.5	0	0	1	787	1	1787
422.5	0	0	2	785	2	1785
427.5	0	0	1	784	1	1784
432.5	0	0	1	783	1	1783
437.5	0	0	2	781	2	1781
442.5	0	0	3	778	3	1778
447.5	0	0	2	776	2	1776
452.5	0	0	2	774	2	1774
457.5	0	0	3	771	3	1771
462.5	0	0	2	769	2	1769
467.5	0	0	3	766	3	1766
472.5	0	0	2	764	2	1764
477.5	0	0	3	761	3	1761
482.5	0	0	1	760	1	1760
487.5	0	0	1	759	1	1759
492.5	0	0	2	757	2	1757
497.5	0	0	3	754	3	1754
502.5	0	0	2	752	2	1752
507.5	0	0	4	748	4	1748
512.5	0	0	1	747	1	1747
517.5	0	0	4	743	4	1743
522.5	0	0	1	742	1	1742
527.5	0	0	3	739	3	1739
532.5	0	0	1	738	1	1738
537.5	0	0	0	738	0	1738
542.5	0	0	2	736	2	1736
547.5	0	0	1	735	1	1735
552.5	0	0	5	730	5	1730
557.5	0	0	1	729	1	1729
562.5	0	0	1	728	1	1728
567.5	0	0	3	725	3	1725
572.5	0	0	4	721	4	1721
577.5	0	0	2	719	2	1719
582.5	0	0	4	715	4	1715
587.5	0	0	1	714	1	1714
592.5	0	0	2	712	2	1712
597.5	0	0	1	711	1	1711
602.5	0	0	2	709	2	1709
607.5	0	0	1	708	1	1708
612.5	0	0	2	706	2	1706
617.5	0	0	1	705	1	1705
622.5	0	0	1	704	1	1704
627.5	0	0	1	703	1	1703
632.5	0	0	3	700	3	1700
637.5	0	0	4	696	4	1696
642.5	0	0	3	693	3	1693
647.5	0	0	4	689	4	1689
652.5	0	0	6	683	6	1683
657.5	0	0	1	682	1	1682
662.5	0	0	4	678	4	1678
667.5	0	0	4	674	4	1674
672.5	0	0	2	672	2	1672
677.5	0	0	3	669	3	1669
682.5	0	0	1	668	1	1668
687.5	0	0	1	667	1	1667
692.5	0	0	2	665	2	1665
697.5	0	0	4	661	4	1661
702.5	0	0	2	659	2	1659
707.5	0	0	3	656	3	1656
712.5	0	0	2	654	2	1654
717.5	0	0	1	653	1	1653
722.5	0	0	1	652	1	1652
727.5	0	0	1	651	1	1651
732.5	0	0	1	650	1	1650
737.5	0	0	1	649	1	1649
742.5	0	0	2	647	2	1647
747.5	0	0	1	646	1	1646
752.5	0	0	2	644	2	1644
757.5	0	0	5	639	5	1639
762.5	0	0	5	634	5	1634
767.5	0	0	6	628	6	1628
772.5	0	0	2	626	2	1626
777.5	0	0	0	626	0	1626
782.5	0	0	1	625	1	1625
787.5	0	0	1	624	1	1624
792.5	0	0	1	623	1	1623
797.5	0	0	1	622	1	1622
802.5	0	0	2	620	2	1620
807.5	0	0	2	618	2	1618
812.5	0	0	3	615	3	1615
817.5	0	0	3	612	3	1612
822.5	0	0	2	610	2	1610
827.5	0	0	4	606	4	1606
832.5	0	0	2	604	2	1604
837.5	0	0	1	603	1	1603
842.5	0	0	2	601	2	1601
847.5	0	0	3	598	3	1598
852.5	0	0	0	598	0	1598
857.5	0	0	0	598	0	1598
862.5	0	0	2	596	2	1596
867.5	0	0	1	595	1	1595
872.5	0	0	1	594	1	1594
877.5	0	0	3	591	3	1591
882.5	0	0	1	590	1	1590
887.5	0	0	6	584	6	1584
892.5	0	0	3	581	3	1581
897.5	0	0	1	580	1	1580
902.5	0	0	1	579	1	1579
907.5	0	0	0	579	0	1579
912.5	0	0	0	579	0	1579
917.5	0	0	1	578	1	1578
922.5	0	0	1	577	1	1577
927.5	0	0	1	576	1	1576
932.5	0	0	1	575	1	1575
937.5	0	0	3	572	3	1572
942.5	0	0	1	571	1	1571
947.5	0	0	0	571	0	1571
952.5	0	0	3	568	3	1568
957.5	0	0	3	565	3	1565
962.5	0	0	2	563	2	1563
967.5	0	0	2	561	2	1561
972.5	0	0	1	560	1	1560
977.5	0	0	3	557	3	1557
982.5	0	0	3	554	3	1554
987.5	0	0	1	553	1	1553
992.5	0	0	0	553	0	1553
997.5	0	0	0	553	0	1553
1002.5	0	0	2	551	2	1551
1007.5	0	0	0	551	0	1551
1012.5	0	0	3	548	3	1548
1017.5	0	0	2	546	2	1546
1022.5	0	0	1	545	1	1545
1027.5	0	0	2	543	2	1543
1032.5	0	0	1	542	1	1542
1037.5	0	0	1	541	1	1541
1042.5	0	0	1	540	1	1540
1047.5	0	0	2	538	2	1538
1052.5	0	0	1	537	1	1537
1057.5	0	0	1	536	1	1536
1062.5	0	0	0	536	0	1536
1067.5	0	0	5	531	5	1531
1072.5	0	0	2	529	2	1529
1077.5	0	0	1	528	1	1528
1082.5	0	0	0	528	0	1528
1087.5	0	0	2	526	2	1526
1092.5	0	0	2	524	2	1524
1097.5	0	0	1	523	1	1523
1102.5	0	0	4	519	4	1519
1107.5	0	0	3	516	3	1516
1112.5	0	0	1	515	1	1515
1117.5	0	0	3	512	3	1512
1122.5	0	0	2	510	2	1510
1127.5	0	0	0	510	0	1510
1132.5	0	0	0	510	0	1510
1137.5	0	0	2	508	2	1508
1142.5	0	0	1	507	1	1507
1147.5	0	0	2	505	2	1505
1152.5	0	0	0	505	0	1505
1157.5	0	0	1	504	1	1504
1162.5	0	0	1	503	1	1503
1167.5	0	0	6	497	6	1497
1172.5	0	0	0	497	0	1497
1177.5	0	0	4	493	4	1493
1182.5	0	0	2	491	2	1491
1187.5	0	0	3	488	3	1488
1192.5	0	0	2	486	2	1486
1197.5	0	0	0	486	0	1486
1202.5	0	0	0	486	0	1486
1207.5	0	0	2	484	2	1484
1212.5	0	0	2	482	2	1482
1217.5	0	0	3	479	3	1479
1222.5	0	0	0	479	0	1479
1227.5	0	0	0	479	0	1479
1232.5	0	0	0	479	0	1479
1237.5	0	0	2	477	2	1477
1242.5	0	0	0	477	0	1477
1247.5	0	0	1	476	1	1476
1252.5	0	0	2	474	2	1474
1257.5	0	0	2	472	2	1472
1262.5	0	0	0	472	0	1472
1267.5	0	0	1	471	1	1471
1272.5	0	0	1	470	1	1470
1277.5	0	0	1	469	1	1469
1282.5	0	0	1	468	1	1468
1287.5	0	0	1	467	1	1467
1292.5	0	0	1	466	1	1466
1297.5	0	0	1	465	1	1465
1302.5	0	0	1	464	1	1464
1307.5	0	0	1	463	1	1463
1312.5	0	0	1	462	1	1462
1317.5	0	0	0	462	0	1462
1322.5	0	0	0	462	0	1462
1327.5	0	0	3	459	3	1459
1332.5	0	0	5	454	5	1454
1337.5	0	0	0	454	0	1454
1342.5	0	0	3	451	3	1451
1347.5	0	0	2	449	2	1449
1352.5	0	0	1	448	1	1448
1357.5	0	0	2	446	2	1446
1362.5	0	0	0	446	0	1446
1367.5	0	0	0	446	0	1446
1372.5	0	0	0	446	0	1446
1377.5	0	0	1	445	1	1445
1382.5	0	0	2	443	2	1443
1387.5	0	0	1	442	1	1442
1392.5	0	0	1	441	1	1441
1397.5	0	0	2	439	2	1439
1402.5	0	0	1	438	1	1438
1407.5	0	0	2	436	2	1436
1412.5	0	0	2	434	2	1434
1417.5	0	0	0	434	0	1434
1422.5	0	0	1	433	1	1433
1427.5	0	0	3	430	3	1430
1432.5	0	0	1	429	1	1429
1437.5	0	0	2	427	2	1427
1442.5	0	0	2	425	2	1425
1447.5	0	0	1	424	1	1424
1452.5	0	0	1	423	1	1423
1457.5	0	0	2	421	2	1421
1462.5	0	0	1	420	1	1420
1467.5	0	0	2	418	2	1418
1472.5	0	0	0	418	0	1418
1477.5	0	0	0	418	0	1418
1482.5	0	0	1	417	1	1417
1487.5	0	0	1	416	1	1416
1492.5	0	0	0	416	0	1416
1497.5	0	0	3	413	3	1413
1502.5	0	0	1	412	1	1412
1507.5	0	0	1	411	1	1411
1512.5	0	0	1	410	1	1410
1517.5	0	0	0	410	0	1410
1522.5	0	0	0	410	0	1410
1527.5	0	0	2	408	2	1408
1532.5	0	0	1	407	1	1407
1537.5	0	0	1	406	1	1406
1542.5	0	0	1	405	1	1405
1547.5	0	0	1	404	1	1404
1552.5	0	0	1	403	1	1403
1557.5	0	0	0	403	0	1403
1562.5	0	0	1	402	1	1402
1567.5	0	0	0	402	0	1402
1572.5	0	0	0	402	0	1402
1577.5	0	0	3	399	3	1399
1582.5	0	0	0	399	0	1399
1587.5	0	0	0	399	0	1399
1592.5	0	0	0	399	0	1399
1597.5	0	0	0	399	0	1399
1602.5	0	0	2	397	2	1397
1607.5	0	0	1	396	1	1396
1612.5	0	0	3	393	3	1393
1617.5	0	0	2	391	2	1391
1622.5	0	0	1	390	1	1390
1627.5	0	0	0	390	0	1390
1632.5	0	0	1	389	1	1389
1637.5	0	0	0	389	0	1389
1642.5	0	0	2	387	2	1387
1647.5	0	0	3	384	3	1384
1652.5	0	0	2	382	2	1382
1657.5	0	0	0	382	0	1382
1662.5	0	0	1	381	1	1381
1667.5	0	0	0	381	0	1381
1672.5	0	0	0	381	0	1381
1677.5	0	0	0	381	0	1381
1682.5	0	0	2	379	2	1379
1687.5	0	0	0	379	0	1379
1692.5	0	0	0	379	0	1379
1697.5	0	0	2	377	2	1377
1702.5	0	0	1	376	1	1376
1707.5	0	0	0	376	0	1376
1712.5	0	0	1	375	1	1375
1717.5	0	0	3	372	3	1372
1722.5	0	0	1	371	1	1371
1727.5	0	0	0	371	0	1371
1732.5	0	0	0	371	0	1371
1737.5	0	0	1	370	1	1370
1742.5	0	0	0	370	0	1370
1747.5	0	0	4	366	4	1366
1752.5	0	0	0	366	0	1366
1757.5	0	0	2	364	2	1364
1762.5	0	0	2	362	2	1362
1767.5	0	0	1	361	1	1361
1772.5	0	0	1	360	1	1360
1777.5	0	0	0	360	0	1360
1782.5	0	0	0	360	0	1360
1787.5	0	0	2	358	2	1358
1792.5	0	0	1	357	1	1357
1797.5	0	0	0	357	0	1357
1802.5	0	0	0	357	0	1357
1807.5	0	0	0	357	0	1357
1812.5	0	0	0	357	0	1357
1817.5	0	0	1	356	1	1356
1822.5	0	0	2	354	2	1354
1827.5	0	0	0	354	0	1354
1832.5	0	0	1	353	1	1353
1837.5	0	0	0	353	0	1353
1842.5	0	0	0	353	0	1353
1847.5	0	0	1	352	1	1352
1852.5	0	0	0	352	0	1352
1857.5	0	0	1	351	1	1351
1862.5	0	0	1	350	1	1350
1867.5	0	0	2	348	2	1348
1872.5	0	0	1	347	1	1347
1877.5	0	0	0	347	0	1347
1882.5	0	0	0	347	0	1347
1887.5	0	0	2	345	2	1345
1892.5	0	0	1	344	1	1344
1897.5	0	0	0	344	0	1344
1902.5	0	0	1	343	1	1343
1907.5	0	0	4	339	4	1339
1912.5	0	0	1	338	1	1338
1917.5	0	0	0	338	0	1338
1922.5	0	0	1	337	1	1337
1927.5	0	0	0	337	0	1337
1932.5	0	0	2	335	2	1335
1937.5	0	0	0	335	0	1335
1942.5	0	0	0	335	0	1335
1947.5	0	0	1	334	1	1334
1952.5	0	0	2	332	2	1332
1957.5	0	0	2	330	2	1330
1962.5	0	0	1	329	1	1329
1967.5	0	0	0	329	0	1329
1972.5	0	0	0	329	0	1329
1977.5	0	0	1	328	1	1328
1982.5	0	0	1	327	1	1327
1987.5	0	0	0	327	0	1327
1992.5	0	0	0	327	0	1327
1997.5	0	0	0	327	0	1327
2002.5	0	0	0	327	0	1327
2007.5	0	0	1	326	1	1326
2012.5	0	0	1	325	1	1325
2017.5	0	0	2	323	2	1323
2022.5	0	0	0	323	0	1323
2027.5	0	0	2	321	2	1321
2032.5	0	0	0	321	0	1321
2037.5	0	0	0	321	0	1321
2042.5	0	0	0	321	0	1321
2047.5	0	0	3	318	3	1318
2052.5	0	0	0	318	0	1318
2057.5	0	0	1	317	1	1317
2062.5	0	0	0	317	0	1317
2067.5	0	0	1	316	1	1316
2072.5	0	0	2	314	2	1314
2077.5	0	0	1	313	1	1313
2082.5	0	0	0	313	0	1313
2087.5	0	0	1	312	1	1312
2092.5	0	0	4	308	4	1308
2097.5	0	0	0	308	0	1308
2102.5	0	0	2	306	2	1306
2107.5	0	0	2	304	2	1304
2112.5	0	0	2	302	2	1302
2117.5	0	0	0	302	0	1302
2122.5	0	0	0	302	0	1302
2127.5	0	0	0	302	0	1302
2132.5	0	0	1	301	1	1301
2137.5	0	0	2	299	2	1299
2142.5	0	0	1	298	1	1298
2147.5	0	0	0	298	0	1298
2152.5	0	0	0	298	0	1298
2157.5	0	0	2	296	2	1296
2162.5	0	0	2	294	2	1294
2167.5	0	0	1	293	1	1293
2172.5	0	0	1	292	1	1292
2177.5	0	0	3	289	3	1289
2182.5	0	0	0	289	0	1289
2187.5	0	0	1	288	1	1288
2192.5	0	0	0	288	0	1288
2197.5	0	0	1	287	1	1287
2202.5	0	0	0	287	0	1287
2207.5	0	0	2	285	2	1285
2212.5	0	0	1	284	1	1284
2217.5	0	0	2	282	2	1282
2222.5	0	0	0	282	0	1282
2227.5	0	0	0	282	0	1282
2232.5	0	0	0	282	0	1282
2237.5	0	0	1	281	1	1281
2242.5	0	0	1	280	1	1280
2247.5	0	0	1	279	1	1279
2252.5	0	0	0	279	0	1279
2257.5	0	0	0	279	0	1279
2262.5	0	0	3	276	3	1276
2267.5	0	0	0	276	0	1276
2272.5	0	0	1	275	1	1275
2277.5	0	0	1	274	1	1274
2282.5	0	0	1	273	1	1273
2287.5	0	0	0	273	0	1273
2292.5	0	0	1	272	1	1272
2297.5	0	0	1	271	1	1271
2302.5	0	0	0	271	0	1271
2307.5	0	0	1	270	1	1270
2312.5	0	0	3	267	3	1267
2317.5	0	0	1	266	1	1266
2322.5	0	0	2	264	2	1264
2327.5	0	0	0	264	0	1264
2332.5	0	0	2	262	2	1262
2337.5	0	0	1	261	1	1261
2342.5	0	0	0	261	0	1261
2347.5	0	0	0	261	0	1261
2352.5	0	0	3	258	3	1258
2357.5	0	0	1	257	1	1257
2362.5	0	0	0	257	0	1257
2367.5	0	0	2	255	2	1255
2372.5	0	0	1	254	1	1254
2377.5	0	0	1	253	1	1253
2382.5	0	0	0	253	0	1253
2387.5	0	0	0	253	0	1253
2392.5	0	0	3	250	3	1250
2397.5	0	0	1	249	1	1249
2402.5	0	0	1	248	1	1248
2407.5	0	0	1	247	1	1247
2412.5	0	0	0	247	0	1247
2417.5	0	0	1	246	1	1246
2422.5	0	0	0	246	0	1246
2427.5	0	0	0	246	0	1246
2432.5	0	0	0	246	0	1246
2437.5	0	0	0	246	0	1246
2442.5	0	0	2	244	2	1244
2447.5	0	0	0	244	0	1244
2452.5	0	0	1	243	1	1243
2457.5	0	0	1	242	1	1242
2462.5	0	0	0	242	0	1242
2467.5	0	0	2	240	2	1240
2472.5	0	0	2	238	2	1238
2477.5	0	0	0	238	0	1238
2482.5	0	0	0	238	0	1238
2487.5	0	0	1	237	1	1237
2492.5	0	0	2	235	2	1235
2497.5	0	0	1	234	1	1234
2502.5	0	0	0	234	0	1234
2507.5	0	0	1	233	1	1233
2512.5	0	0	1	232	1	1232
2517.5	0	0	0	232	0	1232
2522.5	0	0	2	230	2	1230
2527.5	0	0	0	230	0	1230
2532.5	0	0	0	230	0	1230
2537.5	0	0	2	228	2	1228
2542.5	0	0	0	228	0	1228
2547.5	0	0	0	228	0	1228
2552.5	0	0	0	228	0	1228
2557.5	0	0	0	228	0	1228
2562.5	0	0	0	228	0	1228
2567.5	0	0	1	227	1	1227
2572.5	0	0	2	225	2	1225
2577.5	0	0	0	225	0	1225
2582.5	0	0	1	224	1	1224
2587.5	0	0	0	224	0	1224
2592.5	0	0	1	223	1	1223
2597.5	0	0	0	223	0	1223
2602.5	0	0	1	222	1	1222
2607.5	0	0	0	222	0	1222
2612.5	0	0	1	221	1	1221
2617.5	0	0	1	220	1	1220
2622.5	0	0	0	220	0	1220
2627.5	0	0	0	220	0	1220
2632.5	0	0	0	220	0	1220
2637.5	0	0	0	220	0	1220
2642.5	0	0	2	218	2	1218
2647.5	0	0	0	218	0	1218
2652.5	0	0	0	218	0	1218
2657.5	0	0	0	218	0	1218
2662.5	0	0	2	216	2	1216
2667.5	0	0	0	216	0	1216
2672.5	0	0	1	215	1	1215
2677.5	0	0	0	215	0	1215
2682.5	0	0	1	214	1	1214
2687.5	0	0	2	212	2	1212
2692.5	0	0	0	212	0	1212
2697.5	0	0	0	212	0	1212
2702.5	0	0	0	212	0	1212
2707.5	0	0	0	212	0	1212
2712.5	0	0	3	209	3	1209
2717.5	0	0	2	207	2	1207
2722.5	0	0	0	207	0	1207
2727.5	0	0	1	206	1	1206
2732.5	0	0	0	206	0	1206
2737.5	0	0	1	205	1	1205
2742.5	0	0	1	204	1	1204
2747.5	0	0	0	204	0	1204
2752.5	0	0	1	203	1	1203
2757.5	0	0	0	203	0	1203
2762.5	0	0	0	203	0	1203
2767.5	0	0	1	202	1	1202
2772.5	0	0	0	202	0	1202
2777.5	0	0	0	202	0	1202
2782.5	0	0	1	201	1	1201
2787.5	0	0	1	200	1	1200
2792.5	0	0	0	200	0	1200
2797.5	0	0	0	200	0	1200
2802.5	0	0	0	200	0	1200
2807.5	0	0	0	200	0	1200
2812.5	0	0	0	200	0	1200
2817.5	0	0	1	199	1	1199
2822.5	0	0	0	199	0	1199
2827.5	0	0	2	197	2	1197
2832.5	0	0	0	197	0	1197
2837.5	0	0	0	197	0	1197
2842.5	0	0	1	196	1	1196
2847.5	0	0	0	196	0	1196
2852.5	0	0	0	196	0	1196
2857.5	0	0	0	196	0	1196
2862.5	0	0	0	196	0	1196
2867.5	0	0	0	196	0	1196
2872.5	0	0	0	196	0	1196
2877.5	0	0	0	196	0	1196
2882.5	0	0	1	195	1	1195
2887.5	0	0	0	195	0	1195
2892.5	0	0	0	195	0	1195
2897.5	0	0	0	195	0	1195
2902.5	0	0	1	194	1	1194
2907.5	0	0	0	194	0	1194
2912.5	0	0	2	192	2	1192
2917.5	0	0	1	191	1	1191
2922.5	0	0	0	191	0	1191
2927.5	0	0	0	191	0	1191
2932.5	0	0	0	191	0	1191
2937.5	0	0	0	191	0	1191
2942.5	0	0	0	191	0	1191
2947.5	0	0	0	191	0	1191
2952.5	0	0	1	190	1	1190
2957.5	0	0	0	190	0	1190
2962.5	0	0	0	190	0	1190
2967.5	0	0	0	190	0	1190
2972.5	0	0	0	190	0	1190
2977.5	0	0	2	188	2	1188
2982.5	0	0	0	188	0	1188
2987.5	0	0	0	188	0	1188
2992.5	0	0	0	188	0	1188
2997.5	0	0	0	188	0	1188
3002.5	0	0	0	188	0	1188
3007.5	0	0	0	188	0	1188
3012.5	0	0	0	188	0	1188
3017.5	0	0	1	187	1	1187
3022.5	0	0	1	186	1	1186
3027.5	0	0	1	185	1	1185
3032.5	0	0	0	185	0	1185
3037.5	0	0	0	185	0	1185
3042.5	0	0	0	185	0	1185
3047.5	0	0	3	182	3	1182
3052.5	0	0	0	182	0	1182
3057.5	0	0	0	182	0	1182
3062.5	0	0	1	181	1	1181
3067.5	0	0	2	179	2	1179
3072.5	0	0	0	179	0	1179
3077.5	0	0	0	179	0	1179
3082.5	0	0	0	179	0	1179
3087.5	0	0	0	179	0	1179
3092.5	0	0	2	177	2	1177
3097.5	0	0	0	177	0	1177
3102.5	0	0	1	176	1	1176
3107.5	0	0	0	176	0	1176
3112.5	0	0	0	176	0	1176
3117.5	0	0	0	176	0	1176
3122.5	0	0	0	176	0	1176
3127.5	0	0	1	175	1	1175
3132.5	0	0	1	174	1	1174
3137.5	0	0	2	172	2	1172
3142.5	0	0	0	172	0	1172
3147.5	0	0	0	172	0	1172
3152.5	0	0	1	171	1	1171
3157.5	0	0	0	171	0	1171
3162.5	0	0	1	170	1	1170
3167.5	0	0	1	169	1	1169
3172.5	0	0	0	169	0	1169
3177.5	0	0	3	166	3	1166
3182.5	0	0	0	166	0	1166
3187.5	0	0	0	166	0	1166
3192.5	0	0	2	164	2	1164
3197.5	0	0	1	163	1	1163
3202.5	0	0	0	163	0	1163
3207.5	0	0	1	162	1	1162
3212.5	0	0	1	161	1	1161
3217.5	0	0	0	161	0	1161
3222.5	0	0	1	160	1	1160
3227.5	0	0	0	160	0	1160
3232.5	0	0	0	160	0	1160
3237.5	0	0	0	160	0	1160
3242.5	0	0	0	160	0	1160
3247.5	0	0	0	160	0	1160
3252.5	0	0	0	160	0	1160
3257.5	0	0	0	160	0	1160
3262.5	0	0	0	160	0	1160
3267.5	0	0	0	160	0	1160
3272.5	0	0	1	159	1	1159
3277.5	0	0	1	158	1	1158
3282.5	0	0	0	158	0	1158
3287.5	0	0	0	158	0	1158
3292.5	0	0	0	158	0	1158
3297.5	0	0	0	158	0	1158
3302.5	0	0	0	158	0	1158
3307.5	0	0	0	158	0	1158
3312.5	0	0	1	157	1	1157
3317.5	0	0	1	156	1	1156
3322.5	0	0	2	154	2	1154
3327.5	0	0	0	154	0	1154
3332.5	0	0	1	153	1	1153
3337.5	0	0	0	153	0	1153
3342.5	0	0	0	153	0	1153
3347.5	0	0	3	150	3	1150
3352.5	0	0	1	149	1	1149
3357.5	0	0	0	149	0	1149
3362.5	0	0	0	149	0	1149
3367.5	0	0	0	149	0	1149
3372.5	0	0	0	149	0	1149
3377.5	0	0	2	147	2	1147
3382.5	0	0	0	147	0	1147
3387.5	0	0	1	146	1	1146
3392.5	0	0	0	146	0	1146
3397.5	0	0	2	144	2	1144
3402.5	0	0	0	144	0	1144
3407.5	0	0	0	144	0	1144
3412.5	0	0	0	144	0	1144
3417.5	0	0	0	144	0	1144
3422.5	0	0	3	141	3	1141
3427.5	0	0	1	140	1	1140
3432.5	0	0	1	139	1	1139
3437.5	0	0	0	139	0	1139
3442.5	0	0	0	139	0	1139
3447.5	0	0	0	139	0	1139
3452.5	0	0	0	139	0	1139
3457.5	0	0	0	139	0	1139
3462.5	0	0	1	138	1	1138
3467.5	0	0	0	138	0	1138
3472.5	0	0	0	138	0	1138
3477.5	0	0	0	138	0	1138
3482.5	0	0	1	137	1	1137
3487.5	0	0	1	136	1	1136
3492.5	0	0	0	136	0	1136
3497.5	0	0	1	135	1	1135
3502.5	0	0	0	135	0	1135
3507.5	0	0	0	135	0	1135
3512.5	0	0	1	134	1	1134
3517.5	0	0	0	134	0	1134
3522.5	0	0	1	133	1	1133
3527.5	0	0	0	133	0	1133
3532.5	0	0	0	133	0	1133
3537.5	0	0	0	133	0	1133
3542.5	0	0	1	132	1	1132
3547.5	0	0	0	132	0	1132
3552.5	0	0	0	132	0	1132
3557.5	0	0	0	132	0	1132
3562.5	0	0	1	131	1	1131
3567.5	0	0	0	131	0	1131
3572.5	0	0	1	130	1	1130
3577.5	0	0	0	130	0	1130
3582.5	0	0	0	130	0	1130
3587.5	0	0	0	130	0	1130
3592.5	0	0	0	130	0	1130
3597.5	0	0	0	130	0	1130
3602.5	0	0	1	129	1	1129
3607.5	0	0	0	129	0	1129
3612.5	0	0	0	129	0	1129
3617.5	0	0	0	129	0	1129
3622.5	0	0	0	129	0	1129
3627.5	0	0	0	129	0	1129
3632.5	0	0	0	129	0	1129
3637.5	0	0	0	129	0	1129
3642.5	0	0	1	128	1	1128
3647.5	0	0	0	128	0	1128
3652.5	0	0	0	128	0	1128
3657.5	0	0	0	128	0	1128
3662.5	0	0	0	128	0	1128
3667.5	0	0	0	128	0	1128
3672.5	0	0	1	127	1	1127
3677.5	0	0	1	126	1	1126
3682.5	0	0	0	126	0	1126
3687.5	0	0	0	126	0	1126
3692.5	0	0	0	126	0	1126
3697.5	0	0	0	126	0	1126
3702.5	0	0	0	126	0	1126
3707.5	0	0	1	125	1	1125
3712.5	0	0	0	125	0	1125
3717.5	0	0	1	124	1	1124
3722.5	0	0	0	124	0	1124
3727.5	0	0	1	123	1	1123
3732.5	0	0	0	123	0	1123
3737.5	0	0	0	123	0	1123
3742.5	0	0	2	121	2	1121
3747.5	0	0	0	121	0	1121
3752.5	0	0	1	120	1	1120
3757.5	0	0	1	119	1	1119
3762.5	0	0	0	119	0	1119
3767.5	0	0	1	118	1	1118
3772.5	0	0	0	118	0	1118
3777.5	0	0	0	118	0	1118
3782.5	0	0	0	118	0	1118
3787.5	0	0	0	118	0	1118
3792.5	0	0	1	117	1	1117
3797.5	0	0	1	116	1	1116
3802.5	0	0	0	116	0	1116
3807.5	0	0	0	116	0	1116
3812.5	0	0	0	116	0	1116
3817.5	0	0	0	116	0	1116
3822.5	0	0	0	116	0	1116
3827.5	0	0	0	116	0	1116
3832.5	0	0	0	116	0	1116
3837.5	0	0	0	116	0	1116
3842.5	0	0	0	116	0	1116
3847.5	0	0	1	115	1	1115
3852.5	0	0	0	115	0	1115
3857.5	0	0	0	115	0	1115
3862.5	0	0	0	115	0	1115
3867.5	0	0	1	114	1	1114
3872.5	0	0	0	114	0	1114
3877.5	0	0	0	114	0	1114
3882.5	0	0	1	113	1	1113
3887.5	0	0	0	113	0	1113
3892.5	0	0	0	113	0	1113
3897.5	0	0	0	113	0	1113
3902.5	0	0	0	113	0	1113
3907.5	0	0	0	113	0	1113
3912.5	0	0	0	113	0	1113
3917.5	0	0	0	113	0	1113
3922.5	0	0	1	112	1	1112
3927.5	0	0	0	112	0	1112
3932.5	0	0	1	111	1	1111
3937.5	0	0	0	111	0	1111
3942.5	0	0	0	111	0	1111
3947.5	0	0	1	110	1	1110
3952.5	0	0	0	110	0	1110
3957.5	0	0	2	108	2	1108
3962.5	0	0	0	108	0	1108
3967.5	0	0	0	108	0	1108
3972.5	0	0	0	108	0	1108
3977.5	0	0	1	107	1	1107
3982.5	0	0	0	107	0	1107
3987.5	0	0	1	106	1	1106
3992.5	0	0	1	105	1	1105
3997.5	0	0	1	104	1	1104
4002.5	0	0	0	104	0	1104
4007.5	0	0	0	104	0	1104
4012.5	0	0	0	104	0	1104
4017.5	0	0	0	104	0	1104
4022.5	0	0	0	104	0	1104
4027.5	0	0	0	104	0	1104
4032.5	0	0	0	104	0	1104
4037.5	0	0	0	104	0	1104
4042.5	0	0	0	104	0	1104
4047.5	0	0	0	104	0	1104
4052.5	0	0	0	104	0	1104
4057.5	0	0	0	104	0	1104
4062.5	0	0	0	104	0	1104
4067.5	0	0	0	104	0	1104
4072.5	0	0	0	104	0	1104
4077.5	0	0	0	104	0	1104
4082.5	0	0	0	104	0	1104
4087.5	0	0	0	104	0	1104
4092.5	0	0	2	102	2	1102
4097.5	0	0	0	102	0	1102
4102.5	0	0	0	102	0	1102
4107.5	0	0	0	102	0	1102
4112.5	0	0	0	102	0	1102
4117.5	0	0	1	101	1	1101
4122.5	0	0	0	101	0	1101
4127.5	0	0	0	101	0	1101
4132.5	0	0	0	101	0	1101
4137.5	0	0	0	101	0	1101
4142.5	0	0	0	101	0	1101
4147.5	0	0	0	101	0	1101
4152.5	0	0	0	101	0	1101
4157.5	0	0	0	101	0	1101
4162.5	0	0	1	100	1	1100
4167.5	0	0	0	100	0	1100
4172.5	0	0	0	100	0	1100
4177.5	0	0	0	100	0	1100
4182.5	0	0	0	100	0	1100
4187.5	0	0	0	100	0	1100
4192.5	0	0	1	99	1	1099
4197.5	0	0	0	99	0	1099
4202.5	0	0	1	98	1	1098
4207.5	0	0	1	97	1	1097
4212.5	0	0	2	95	2	1095
4217.5	0	0	0	95	0	1095
4222.5	0	0	0	95	0	1095
4227.5	0	0	0	95	0	1095
4232.5	0	0	0	95	0	1095
4237.5	0	0	1	94	1	1094
4242.5	0	0	0	94	0	1094
4247.5	0	0	0	94	0	1094
4252.5	0	0	0	94	0	1094
4257.5	0	0	0	94	0	1094
4262.5	0	0	0	94	0	1094
4267.5	0	0	0	94	0	1094
4272.5	0	0	0	94	0	1094
4277.5	0	0	0	94	0	1094
4282.5	0	0	0	94	0	1094
4287.5	0	0	0	94	0	1094
4292.5	0	0	0	94	0	1094
4297.5	0	0	0	94	0	1094
4302.5	0	0	1	93	1	1093
4307.5	0	0	0	93	0	1093
4312.5	0	0	1	92	1	1092
4317.5	0	0	0	92	0	1092
4322.5	0	0	0	92	0	1092
4327.5	0	0	0	92	0	1092
4332.5	0	0	0	92	0	1092
4337.5	0	0	0	92	0	1092
4342.5	0	0	0	92	0	1092
4347.5	0	0	0	92	0	1092
4352.5	0	0	0	92	0	1092
4357.5	0	0	0	92	0	1092
4362.5	0	0	0	92	0	1092
4367.5	0	0	0	92	0	1092
4372.5	0	0	1	91	1	1091
4377.5	0	0	0	91	0	1091
4382.5	0	0	1	90	1	1090
4387.5	0	0	0	90	0	1090
4392.5	0	0	0	90	0	1090
4397.5	0	0	1	89	1	1089
4402.5	0	0	0	89	0	1089
4407.5	0	0	0	89	0	1089
4412.5	0	0	0	89	0	1089
4417.5	0	0	0	89	0	1089
4422.5	0	0	0	89	0	1089
4427.5	0	0	0	89	0	1089
4432.5	0	0	0	89	0	1089
4437.5	0	0	0	89	0	1089
4442.5	0	0	0	89	0	1089
4447.5	0	0	0	89	0	1089
4452.5	0	0	0	89	0	1089
4457.5	0	0	1	88	1	1088
4462.5	0	0	0	88	0	1088
4467.5	0	0	1	87	1	1087
4472.5	0	0	1	86	1	1086
4477.5	0	0	0	86	0	1086
4482.5	0	0	0	86	0	1086
4487.5	0	0	0	86	0	1086
4492.5	0	0	0	86	0	1086
4497.5	0	0	0	86	0	1086
4502.5	0	0	0	86	0	1086
4507.5	0	0	0	86	0	1086
4512.5	0	0	1	85	1	1085
4517.5	0	0	0	85	0	1085
4522.5	0	0	1	84	1	1084
4527.5	0	0	0	84	0	1084
4532.5	0	0	0	84	0	1084
4537.5	0	0	0	84	0	1084
4542.5	0	0	0	84	0	1084
4547.5	0	0	0	84	0	1084
4552.5	0	0	0	84	0	1084
4557.5	0	0	0	84	0	1084
4562.5	0	0	1	83	1	1083
4567.5	0	0	0	83	0	1083
4572.5	0	0	0	83	0	1083
4577.5	0	0	0	83	0	1083
4582.5	0	0	0	83	0	1083
4587.5	0	0	1	82	1	1082
4592.5	0	0	0	82	0	1082
4597.5	0	0	0	82	0	1082
4602.5	0	0	0	82	0	1082
4607.5	0	0	0	82	0	1082
4612.5	0	0	0	82	0	1082
4617.5	0	0	0	82	0	1082
4622.5	0	0	0	82	0	1082
4627.5	0	0	0	82	0	1082
4632.5	0	0	1	81	1	1081
4637.5	0	0	0	81	0	1081
4642.5	0	0	0	81	0	1081
4647.5	0	0	0	81	0	1081
4652.5	0	0	1	80	1	1080
4657.5	0	0	0	80	0	1080
4662.5	0	0	0	80	0	1080
4667.5	0	0	0	80	0	1080
4672.5	0	0	0	80	0	1080
4677.5	0	0	0	80	0	1080
4682.5	0	0	0	80	0	1080
4687.5	0	0	0	80	0	1080
4692.5	0	0	0	80	0	1080
4697.5	0	0	1	79	1	1079
4702.5	0	0	0	79	0	1079
4707.5	0	0	0	79	0	1079
4712.5	0	0	0	79	0	1079
4717.5	0	0	1	78	1	1078
4722.5	0	0	0	78	0	1078
4727.5	0	0	1	77	1	1077
4732.5	0	0	0	77	0	1077
4737.5	0	0	0	77	0	1077
4742.5	0	0	0	77	0	1077
4747.5	0	0	0	77	0	1077
4752.5	0	0	1	76	1	1076
4757.5	0	0	0	76	0	1076
4762.5	0	0	0	76	0	1076
4767.5	0	0	0	76	0	1076
4772.5	0	0	2	74	2	1074
4777.5	0	0	0	74	0	1074
4782.5	0	0	0	74	0	1074
4787.5	0	0	0	74	0	1074
4792.5	0	0	0	74	0	1074
4797.5	0	0	0	74	0	1074
4802.5	0	0	0	74	0	1074
4807.5	0	0	0	74	0	1074
4812.5	0	0	0	74	0	1074
4817.5	0	0	0	74	0	1074
4822.5	0	0	2	72	2	1072
4827.5	0	0	0	72	0	1072
4832.5	0	0	1	71	1	1071
4837.5	0	0	1	70	1	1070
4842.5	0	0	1	69	1	1069
4847.5	0	0	1	68	1	1068
4852.5	0	0	0	68	0	1068
4857.5	0	0	0	68	0	1068
4862.5	0	0	0	68	0	1068
4867.5	0	0	0	68	0	1068
4872.5	0	0	0	68	0	1068
4877.5	0	0	0	68	0	1068
4882.5	0	0	0	68	0	1068
4887.5	0	0	0	68	0	1068
4892.5	0	0	1	67	1	1067
4897.5	0	0	1	66	1	1066
4902.5	0	0	0	66	0	1066
4907.5	0	0	1	65	1	1065
4912.5	0	0	0	65	0	1065
4917.5	0	0	0	65	0	1065
4922.5	0	0	0	65	0	1065
4927.5	0	0	0	65	0	1065
4932.5	0	0	0	65	0	1065
4937.5	0	0	0	65	0	1065
4942.5	0	0	0	65	0	1065
4947.5	0	0	0	65	0	1065
4952.5	0	0	0	65	0	1065
4957.5	0	0	0	65	0	1065
4962.5	0	0	0	65	0	1065
4967.5	0	0	0	65	0	1065
4972.5	0	0	0	65	0	1065
4977.5	0	0	0	65	0	1065
4982.5	0	0	0	65	0	1065
4987.5	0	0	0	65	0	1065
4992.5	0	0	0	65	0	1065
4997.5	0	0	1	64	1	1064
5002.5	0	0	1	63	1	1063
5007.5	0	0	0	63	0	1063
5012.5	0	0	0	63	0	1063
5017.5	0	0	0	63	0	1063
5022.5	0	0	0	63	0	1063
5027.5	0	0	1	62	1	1062
5032.5	0	0	0	62	0	1062
5037.5	0	0	0	62	0	1062
5042.5	0	0	0	62	0	1062
5047.5	0	0	0	62	0	1062
5052.5	0	0	0	62	0	1062
5057.5	0	0	0	62	0	1062
5062.5	0	0	0	62	0	1062
5067.5	0	0	0	62	0	1062
5072.5	0	0	1	61	1	1061
5077.5	0	0	0	61	0	1061
5082.5	0	0	0	61	0	1061
5087.5	0	0	0	61	0	1061
5092.5	0	0	0	61	0	1061
5097.5	0	0	0	61	0	1061
5102.5	0	0	0	61	0	1061
5107.5	0	0	0	61	0	1061
5112.5	0	0	0	61	0	1061
5117.5	0	0	0	61	0	1061
5122.5	0	0	1	60	1	1060
5127.5	0	0	0	60	0	1060
5132.5	0	0	0	60	0	1060
5137.5	0	0	0	60	0	1060
5142.5	0	0	1	59	1	1059
5147.5	0	0	0	59	0	1059
5152.5	0	0	0	59	0	1059
5157.5	0	0	0	59	0	1059
5162.5	0	0	0	59	0	1059
5167.5	0	0	0	59	0	1059
5172.5	0	0	0	59	0	1059
5177.5	0	0	0	59	0	1059
5182.5	0	0	0	59	0	1059
5187.5	0	0	0	59	0	1059
5192.5	0	0	0	59	0	1059
5197.5	0	0	2	57	2	1057
5202.5	0	0	0	57	0	1057
5207.5	0	0	0	57	0	1057
5212.5	0	0	0	57	0	1057
5217.5	0	0	0	57	0	1057
5222.5	0	0	0	57	0	1057
5227.5	0	0	0	57	0	1057
5232.5	0	0	0	57	0	1057
5237.5	0	0	1	56	1	1056
5242.5	0	0	0	56	0	1056
5247.5	0	0	0	56	0	1056
5252.5	0	0	1	55	1	1055
5257.5	0	0	0	55	0	1055
5262.5	0	0	0	55	0	1055
5267.5	0	0	0	55	0	1055
5272.5	0	0	1	54	1	1054
5277.5	0	0	0	54	0	1054
5282.5	0	0	0	54	0	1054
5287.5	0	0	0	54	0	1054
5292.5	0	0	0	54	0	1054
5297.5	0	0	0	54	0	1054
5302.5	0	0	0	54	0	1054
5307.5	0	0	0	54	0	1054
5312.5	0	0	0	54	0	1054
5317.5	0	0	0	54	0	1054
5322.5	0	0	1	53	1	1053
5327.5	0	0	1	52	1	1052
5332.5	0	0	0	52	0	1052
5337.5	0	0	0	52	0	1052
5342.5	0	0	0	52	0	1052
5347.5	0	0	0	52	0	1052
5352.5	0	0	0	52	0	1052
5357.5	0	0	0	52	0	1052
5362.5	0	0	0	52	0	1052
5367.5	0	0	0	52	0	1052
5372.5	0	0	1	51	1	1051
5377.5	0	0	0	51	0	1051
5382.5	0	0	0	51	0	1051
5387.5	0	0	0	51	0	1051
5392.5	0	0	0	51	0	1051
5397.5	0	0	0	51	0	1051
5402.5	0	0	0	51	0	1051
5407.5	0	0	0	51	0	1051
5412.5	0	0	0	51	0	1051
5417.5	0	0	0	51	0	1051
5422.5	0	0	0	51	0	1051
5427.5	0	0	0	51	0	1051
5432.5	0	0	0	51	0	1051
5437.5	0	0	1	50	1	1050
5442.5	0	0	0	50	0	1050
5447.5	0	0	0	50	0	1050
5452.5	0	0	0	50	0	1050
5457.5	0	0	0	50	0	1050
5462.5	0	0	0	50	0	1050
5467.5	0	0	0	50	0	1050
5472.5	0	0	0	50	0	1050
5477.5	0	0	1	49	1	1049
5482.5	0	0	0	49	0	1049
5487.5	0	0	0	49	0	1049
5492.5	0	0	1	48	1	1048
5497.5	0	0	2	46	2	1046
5502.5	0	0	0	46	0	1046
5507.5	0	0	0	46	0	1046
5512.5	0	0	0	46	0	1046
5517.5	0	0	0	46	0	1046
5522.5	0	0	0	46	0	1046
5527.5	0	0	0	46	0	1046
5532.5	0	0	0	46	0	1046
5537.5	0	0	0	46	0	1046
5542.5	0	0	0	46	0	1046
5547.5	0	0	0	46	0	1046
5552.5	0	0	0	46	0	1046
5557.5	0	0	0	46	0	1046
5562.5	0	0	0	46	0	1046
5567.5	0	0	0	46	0	1046
5572.5	0	0	0	46	0	1046
5577.5	0	0	0	46	0	1046
5582.5	0	0	0	46	0	1046
5587.5	0	0	0	46	0	1046
5592.5	0	0	0	46	0	1046
5597.5	0	0	0	46	0	1046
5602.5	0	0	0	46	0	1046
5607.5	0	0	0	46	0	1046
5612.5	0	0	0	46	0	1046
5617.5	0	0	0	46	0	1046
5622.5	0	0	0	46	0	1046
5627.5	0	0	0	46	0	1046
5632.5	0	0	1	45	1	1045
5637.5	0	0	0	45	0	1045
5642.5	0	0	0	45	0	1045
5647.5	0	0	0	45	0	1045
5652.5	0	0	0	45	0	1045
5657.5	0	0	0	45	0	1045
5662.5	0	0	0	45	0	1045
5667.5	0	0	0	45	0	1045
5672.5	0	0	0	45	0	1045
5677.5	0	0	0	45	0	1045
5682.5	0	0	2	43	2	1043
5687.5	0	0	0	43	0	1043
5692.5	0	0	0	43	0	1043
5697.5	0	0	0	43	0	1043
5702.5	0	0	0	43	0	1043
5707.5	0	0	0	43	0	1043
5712.5	0	0	0	43	0	1043
5717.5	0	0	0	43	0	1043
5722.5	0	0	0	43	0	1043
5727.5	0	0	0	43	0	1043
5732.5	0	0	0	43	0	1043
5737.5	0	0	0	43	0	1043
5742.5	0	0	1	42	1	1042
5747.5	0	0	0	42	0	1042
5752.5	0	0	0	42	0	1042
5757.5	0	0	0	42	0	1042
5762.5	0	0	0	42	0	1042
5767.5	0	0	0	42	0	1042
5772.5	0	0	0	42	0	1042
5777.5	0	0	0	42	0	1042
5782.5	0	0	0	42	0	1042
5787.5	0	0	0	42	0	1042
5792.5	0	0	0	42	0	1042
5797.5	0	0	2	40	2	1040
5802.5	0	0	0	40	0	1040
5807.5	0	0	0	40	0	1040
5812.5	0	0	0	40	0	1040
5817.5	0	0	0	40	0	1040
5822.5	0	0	0	40	0	1040
5827.5	0	0	2	38	2	1038
5832.5	0	0	0	38	0	1038
5837.5	0	0	0	38	0	1038
5842.5	0	0	0	38	0	1038
5847.5	0	0	1	37	1	1037
5852.5	0	0	1	36	1	1036
5857.5	0	0	0	36	0	1036
5862.5	0	0	0	36	0	1036
5867.5	0	0	0	36	0	1036
5872.5	0	0	0	36	0	1036
5877.5	0	0	0	36	0	1036
5882.5	0	0	0	36	0	1036
5887.5	0	0	0	36	0	1036
5892.5	0	0	0	36	0	1036
5897.5	0	0	0	36	0	1036
5902.5	0	0	0	36	0	1036
5907.5	0	0	0	36	0	1036
5912.5	0	0	0	36	0	1036
5917.5	0	0	0	36	0	1036
5922.5	0	0	0	36	0	1036
5927.5	0	0	0	36	0	1036
5932.5	0	0	0	36	0	1036
5937.5	0	0	0	36	0	1036
5942.5	0	0	0	36	0	1036
5947.5	0	0	0	36	0	1036
5952.5	0	0	0	36	0	1036
5957.5	0	0	0	36	0	1036
5962.5	0	0	0	36	0	1036
5967.5	0	0	0	36	0	1036
5972.5	0	0	0	36	0	1036
5977.5	0	0	0	36	0	1036
5982.5	0	0	0	36	0	1036
5987.5	0	0	0	36	0	1036
5992.5	0	0	0	36	0	1036
5997.5	0	0	0	36	0	1036
6002.5	0	0	0	36	0	1036
6007.5	0	0	0	36	0	1036
6012.5	0	0	0	36	0	1036
6017.5	0	0	0	36	0	1036
6022.5	0	0	0	36	0	1036
6027.5	0	0	0	36	0	1036
6032.5	0	0	0	36	0	1036
6037.5	0	0	0	36	0	1036
6042.5	0	0	0	36	0	1036
6047.5	0	0	0	36	0	1036
6052.5	0	0	0	36	0	1036
6057.5	0	0	0	36	0	1036
6062.5	0	0	0	36	0	1036
6067.5	0	0	0	36	0	1036
6072.5	0	0	0	36	0	1036
6077.5	0	0	0	36	0	1036
6082.5	0	0	0	36	0	1036
6087.5	0	0	0	36	0	1036
6092.5	0	0	1	35	1	1035
6097.5	0	0	0	35	0	1035
6102.5	0	0	0	35	0	1035
6107.5	0	0	0	35	0	1035
6112.5	0	0	0	35	0	1035
6117.5	0	0	0	35	0	1035
6122.5	0	0	0	35	0	1035
6127.5	0	0	0	35	0	1035
6132.5	0	0	0	35	0	1035
6137.5	0	0	0	35	0	1035
6142.5	0	0	0	35	0	1035
6147.5	0	0	0	35	0	1035
6152.5	0	0	0	35	0	1035
6157.5	0	0	0	35	0	1035
6162.5	0	0	0	35	0	1035
6167.5	0	0	0	35	0	1035
6172.5	0	0	0	35	0	1035
6177.5	0	0	0	35	0	1035
6182.5	0	0	1	34	1	1034
6187.5	0	0	0	34	0	1034
6192.5	0	0	0	34	0	1034
6197.5	0	0	0	34	0	1034
6202.5	0	0	0	34	0	1034
6207.5	0	0	0	34	0	1034
6212.5	0	0	0	34	0	1034
6217.5	0	0	0	34	0	1034
6222.5	0	0	1	33	1	1033
6227.5	0	0	0	33	0	1033
6232.5	0	0	0	33	0	1033
6237.5	0	0	0	33	0	1033
6242.5	0	0	0	33	0	1033
6247.5	0	0	0	33	0	1033
6252.5	0	0	0	33	0	1033
6257.5	0	0	0	33	0	1033
6262.5	0	0	0	33	0	1033
6267.5	0	0	0	33	0	1033
6272.5	0	0	0	33	0	1033
6277.5	0	0	0	33	0	1033
6282.5	0	0	1	32	1	1032
6287.5	0	0	0	32	0	1032
6292.5	0	0	0	32	0	1032
6297.5	0	0	0	32	0	1032
6302.5	0	0	0	32	0	1032
6307.5	0	0	0	32	0	1032
6312.5	0	0	1	31	1	1031
6317.5	0	0	0	31	0	1031
6322.5	0	0	0	31	0	1031
6327.5	0	0	0	31	0	1031
6332.5	0	0	0	31	0	1031
6337.5	0	0	0	31	0	1031
6342.5	0	0	0	31	0	1031
6347.5	0	0	0	31	0	1031
6352.5	0	0	0	31	0	1031
6357.5	0	0	0	31	0	1031
6362.5	0	0	0	31	0	1031
6367.5	0	0	0	31	0	1031
6372.5	0	0	0	31	0	1031
6377.5	0	0	0	31	0	1031
6382.5	0	0	0	31	0	1031
6387.5	0	0	0	31	0	1031
6392.5	0	0	0	31	0	1031
6397.5	0	0	0	31	0	1031
6402.5	0	0	0	31	0	1031
6407.5	0	0	0	31	0	1031
6412.5	0	0	0	31	0	1031
6417.5	0	0	0	31	0	1031
6422.5	0	0	0	31	0	1031
6427.5	0	0	0	31	0	1031
6432.5	0	0	0	31	0	1031
6437.5	0	0	0	31	0	1031
6442.5	0	0	0	31	0	1031
6447.5	0	0	0	31	0	1031
6452.5	0	0	1	30	1	1030
6457.5	0	0	0	30	0	1030
6462.5	0	0	0	30	0	1030
6467.5	0	0	0	30	0	1030
6472.5	0	0	0	30	0	1030
6477.5	0	0	0	30	0	1030
6482.5	0	0	0	30	0	1030
6487.5	0	0	0	30	0	1030
6492.5	0	0	0	30	0	1030
6497.5	0	0	0	30	0	1030
6502.5	0	0	0	30	0	1030
6507.5	0	0	0	30	0	1030
6512.5	0	0	0	30	0	1030
6517.5	0	0	0	30	0	1030
6522.5	0	0	0	30	0	1030
6527.5	0	0	0	30	0	1030
6532.5	0	0	0	30	0	1030
6537.5	0	0	0	30	0	1030
6542.5	0	0	1	29	1	1029
6547.5	0	0	0	29	0	1029
6552.5	0	0	0	29	0	1029
6557.5	0	0	0	29	0	1029
6562.5	0	0	0	29	0	1029
6567.5	0	0	0	29	0	1029
6572.5	0	0	0	29	0	1029
6577.5	0	0	0	29	0	1029
6582.5	0	0	0	29	0	1029
6587.5	0	0	0	29	0	1029
6592.5	0	0	0	29	0	1029
6597.5	0	0	0	29	0	1029
6602.5	0	0	0	29	0	1029
6607.5	0	0	0	29	0	1029
6612.5	0	0	0	29	0	1029
6617.5	0	0	0	29	0	1029
6622.5	0	0	0	29	0	1029
6627.5	0	0	0	29	0	1029
6632.5	0	0	0	29	0	1029
6637.5	0	0	0	29	0	1029
6642.5	0	0	0	29	0	1029
6647.5	0	0	0	29	0	1029
6652.5	0	0	0	29	0	1029
6657.5	0	0	0	29	0	1029
6662.5	0	0	1	28	1	1028
6667.5	0	0	0	28	0	1028
6672.5	0	0	0	28	0	1028
6677.5	0	0	0	28	0	1028
6682.5	0	0	0	28	0	1028
6687.5	0	0	0	28	0	1028
6692.5	0	0	0	28	0	1028
6697.5	0	0	0	28	0	1028
6702.5	0	0	0	28	0	1028
6707.5	0	0	0	28	0	1028
6712.5	0	0	1	27	1	1027
6717.5	0	0	0	27	0	1027
6722.5	0	0	0	27	0	1027
6727.5	0	0	0	27	0	1027
6732.5	0	0	0	27	0	1027
6737.5	0	0	0	27	0	1027
6742.5	0	0	0	27	0	1027
6747.5	0	0	0	27	0	1027
6752.5	0	0	0	27	0	1027
6757.5	0	0	0	27	0	1027
6762.5	0	0	0	27	0	1027
6767.5	0	0	0	27	0	1027
6772.5	0	0	0	27	0	1027
6777.5	0	0	0	27	0	1027
6782.5	0	0	0	27	0	1027
6787.5	0	0	0	27	0	1027
6792.5	0	0	0	27	0	1027
6797.5	0	0	0	27	0	1027
6802.5	0	0	0	27	0	1027
6807.5	0	0	0	27	0	1027
6812.5	0	0	0	27	0	1027
6817.5	0	0	0	27	0	1027
6822.5	0	0	0	27	0	1027
6827.5	0	0	0	27	0	1027
6832.5	0	0	0	27	0	1027
6837.5	0	0	0	27	0	1027
6842.5	0	0	0	27	0	1027
6847.5	0	0	0	27	0	1027
6852.5	0	0	0	27	0	1027
6857.5	0	0	0	27	0	1027
6862.5	0	0	0	27	0	1027
6867.5	0	0	0	27	0	1027
6872.5	0	0	0	27	0	1027
6877.5	0	0	0	27	0	1027
6882.5	0	0	0	27	0	1027
6887.5	0	0	0	27	0	1027
6892.5	0	0	0	27	0	1027
6897.5	0	0	0	27	0	1027
6902.5	0	0	1	26	1	1026
6907.5	0	0	0	26	0	1026
6912.5	0	0	0	26	0	1026
6917.5	0	0	0	26	0	1026
6922.5	0	0	0	26	0	1026
6927.5	0	0	0	26	0	1026
6932.5	0	0	0	26	0	1026
6937.5	0	0	0	26	0	1026
6942.5	0	0	1	25	1	1025
6947.5	0	0	0	25	0	1025
6952.5	0	0	0	25	0	1025
6957.5	0	0	0	25	0	1025
6962.5	0	0	0	25	0	1025
6967.5	0	0	0	25	0	1025
6972.5	0	0	0	25	0	1025
6977.5	0	0	0	25	0	1025
6982.5	0	0	0	25	0	1025
6987.5	0	0	0	25	0	1025
6992.5	0	0	0	25	0	1025
6997.5	0	0	0	25	0	1025
7002.5	0	0	0	25	0	1025
7007.5	0	0	0	25	0	1025
7012.5	0	0	0	25	0	1025
7017.5	0	0	0	25	0	1025
7022.5	0	0	0	25	0	1025
7027.5	0	0	0	25	0	1025
7032.5	0	0	1	24	1	1024
7037.5	0	0	0	24	0	1024
7042.5	0	0	1	23	1	1023
7047.5	0	0	0	23	0	1023
7052.5	0	0	0	23	0	1023
7057.5	0	0	0	23	0	1023
7062.5	0	0	0	23	0	1023
7067.5	0	0	0	23	0	1023
7072.5	0	0	0	23	0	1023
7077.5	0	0	0	23	0	1023
7082.5	0	0	0	23	0	1023
7087.5	0	0	0	23	0	1023
7092.5	0	0	0	23	0	1023
7097.5	0	0	0	23	0	1023
7102.5	0	0	0	23	0	1023
7107.5	0	0	0	23	0	1023
7112.5	0	0	0	23	0	1023
7117.5	0	0	0	23	0	1023
7122.5	0	0	0	23	0	1023
7127.5	0	0	0	23	0	1023
7132.5	0	0	0	23	0	1023
7137.5	0	0	0	23	0	1023
7142.5	0	0	0	23	0	1023
7147.5	0	0	0	23	0	1023
7152.5	0	0	0	23	0	1023
7157.5	0	0	0	23	0	1023
7162.5	0	0	0	23	0	1023
7167.5	0	0	0	23	0	1023
7172.5	0	0	0	23	0	1023
7177.5	0	0	0	23	0	1023
7182.5	0	0	0	23	0	1023
7187.5	0	0	0	23	0	1023
7192.5	0	0	0	23	0	1023
7197.5	0	0	0	23	0	1023
7202.5	0	0	0	23	0	1023
7207.5	0	0	0	23	0	1023
7212.5	0	0	0	23	0	1023
7217.5	0	0	0	23	0	1023
7222.5	0	0	0	23	0	1023
7227.5	0	0	0	23	0	1023
7232.5	0	0	0	23	0	1023
7237.5	0	0	0	23	0	1023
7242.5	0	0	0	23	0	1023
7247.5	0	0	0	23	0	1023
7252.5	0	0	0	23	0	1023
7257.5	0	0	1	22	1	1022
7262.5	0	0	0	22	0	1022
7267.5	0	0	0	22	0	1022
7272.5	0	0	0	22	0	1022
7277.5	0	0	0	22	0	1022
7282.5	0	0	0	22	0	1022
7287.5	0	0	0	22	0	1022
7292.5	0	0	0	22	0	1022
7297.5	0	0	0	22	0	1022
7302.5	0	0	0	22	0	1022
7307.5	0	0	0	22	0	1022
7312.5	0	0	1	21	1	1021
7317.5	0	0	0	21	0	1021
7322.5	0	0	0	21	0	1021
7327.5	0	0	0	21	0	1021
7332.5	0	0	0	21	0	1021
7337.5	0	0	0	21	0	1021
7342.5	0	0	0	21	0	1021
7347.5	0	0	0	21	0	1021
7352.5	0	0	0	21	0	1021
7357.5	0	0	1	20	1	1020
7362.5	0	0	0	20	0	1020
7367.5	0	0	0	20	0	1020
7372.5	0	0	0	20	0	1020
7377.5	0	0	0	20	0	1020
7382.5	0	0	0	20	0	1020
7387.5	0	0	0	20	0	1020
7392.5	0	0	1	19	1	1019
7397.5	0	0	0	19	0	1019
7402.5	0	0	0	19	0	1019
7407.5	0	0	0	19	0	1019
7412.5	0	0	0	19	0	1019
7417.5	0	0	0	19	0	1019
7422.5	0	0	0	19	0	1019
7427.5	0	0	1	18	1	1018
7432.5	0	0	0	18	0	1018
7437.5	0	0	1	17	1	1017
7442.5	0	0	0	17	0	1017
7447.5	0	0	0	17	0	1017
7452.5	0	0	0	17	0	1017
7457.5	0	0	0	17	0	1017
7462.5	0	0	0	17	0	1017
7467.5	0	0	0	17	0	1017
7472.5	0	0	0	17	0	1017
7477.5	0	0	0	17	0	1017
7482.5	0	0	0	17	0	1017
7487.5	0	0	0	17	0	1017
7492.5	0	0	0	17	0	1017
7497.5	0	0	1	16	1	1016
7502.5	0	0	0	16	0	1016
7507.5	0	0	0	16	0	1016
7512.5	0	0	0	16	0	1016
7517.5	0	0	0	16	0	1016
7522.5	0	0	1	15	1	1015
7527.5	0	0	0	15	0	1015
7532.5	0	0	0	15	0	1015
7537.5	0	0	0	15	0	1015
7542.5	0	0	0	15	0	1015
7547.5	0	0	0	15	0	1015
7552.5	0	0	0	15	0	1015
7557.5	0	0	0	15	0	1015
7562.5	0	0	0	15	0	1015
7567.5	0	0	0	15	0	1015
7572.5	0	0	0	15	0	1015
7577.5	0	0	0	15	0	1015
7582.5	0	0	0	15	0	1015
7587.5	0	0	0	15	0	1015
7592.5	0	0	0	15	0	1015
7597.5	0	0	0	15	0	1015
7602.5	0	0	0	15	0	1015
7607.5	0	0	0	15	0	1015
7612.5	0	0	0	15	0	1015
7617.5	0	0	0	15	0	1015
7622.5	0	0	0	15	0	1015
7627.5	0	0	0	15	0	1015
7632.5	0	0	0	15	0	1015
7637.5	0	0	1	14	1	1014
7642.5	0	0	0	14	0	1014
7647.5	0	0	0	14	0	1014
7652.5	0	0	0	14	0	1014
7657.5	0	0	0	14	0	1014
7662.5	0	0	0	14	0	1014
7667.5	0	0	0	14	0	1014
7672.5	0	0	0	14	0	1014
7677.5	0	0	0	14	0	1014
7682.5	0	0	0	14	0	1014
7687.5	0	0	0	14	0	1014
7692.5	0	0	0	14	0	1014
7697.5	0	0	0	14	0	1014
7702.5	0	0	0	14	0	1014
7707.5	0	0	0	14	0	1014
7712.5	0	0	0	14	0	1014
7717.5	0	0	0	14	0	1014
7722.5	0	0	1	13	1	1013
7727.5	0	0	0	13	0	1013
7732.5	0	0	0	13	0	1013
7737.5	0	0	0	13	0	1013
7742.5	0	0	0	13	0	1013
7747.5	0	0	0	13	0	1013
7752.5	0	0	0	13	0	1013
7757.5	0	0	0	13	0	1013
7762.5	0	0	0	13	0	1013
7767.5	0	0	0	13	0	1013
7772.5	0	0	0	13	0	1013
7777.5	0	0	0	13	0	1013
7782.5	0	0	0	13	0	1013
7787.5	0	0	0	13	0	1013
7792.5	0	0	0	13	0	1013
7797.5	0	0	0	13	0	1013
7802.5	0	0	0	13	0	1013
7807.5	0	0	0	13	0	1013
7812.5	0	0	0	13	0	1013
7817.5	0	0	0	13	0	1013
7822.5	0	0	0	13	0	1013
7827.5	0	0	0	13	0	1013
7832.5	0	0	0	13	0	1013
7837.5	0	0	0	13	0	1013
7842.5	0	0	0	13	0	1013
7847.5	0	0	0	13	0	1013
7852.5	0	0	0	13	0	1013
7857.5	0	0	0	13	0	1013
7862.5	0	0	0	13	0	1013
7867.5	0	0	0	13	0	1013
7872.5	0	0	0	13	0	1013
7877.5	0	0	0	13	0	1013
7882.5	0	0	0	13	0	1013
7887.5	0	0	0	13	0	1013
7892.5	0	0	0	13	0	1013
7897.5	0	0	0	13	0	1013
7902.5	0	0	0	13	0	1013
7907.5	0	0	0	13	0	1013
7912.5	0	0	0	13	0	1013
7917.5	0	0	0	13	0	1013
7922.5	0	0	0	13	0	1013
7927.5	0	0	0	13	0	1013
7932.5	0	0	0	13	0	1013
7937.5	0	0	0	13	0	1013
7942.5	0	0	0	13	0	1013
7947.5	0	0	0	13	0	1013
7952.5	0	0	0	13	0	1013
7957.5	0	0	0	13	0	1013
7962.5	0	0	0	13	0	1013
7967.5	0	0	0	13	0	1013
7972.5	0	0	0	13	0	1013
7977.5	0	0	0	13	0	1013
7982.5	0	0	0	13	0	1013
7987.5	0	0	0	13	0	1013
7992.5	0	0	0	13	0	1013
7997.5	0	0	1	12	1	1012
8002.5	0	0	0	12	0	1012
8007.5	0	0	0	12	0	1012
8012.5	0	0	0	12	0	1012
8017.5	0	0	0	12	0	1012
8022.5	0	0	0	12	0	1012
8027.5	0	0	0	12	0	1012
8032.5	0	0	0	12	0	1012
8037.5	0	0	0	12	0	1012
8042.5	0	0	0	12	0	1012
8047.5	0	0	0	12	0	1012
8052.5	0	0	0	12	0	1012
8057.5	0	0	0	12	0	1012
8062.5	0	0	0	12	0	1012
8067.5	0	0	0	12	0	1012
8072.5	0	0	0	12	0	1012
8077.5	0	0	0	12	0	1012
8082.5	0	0	0	12	0	1012
8087.5	0	0	0	12	0	1012
8092.5	0	0	0	12	0	1012
8097.5	0	0	0	12	0	1012
8102.5	0	0	0	12	0	1012
8107.5	0	0	0	12	0	1012
8112.5	0	0	0	12	0	1012
8117.5	0	0	0	12	0	1012
8122.5	0	0	0	12	0	1012
8127.5	0	0	0	12	0	1012
8132.5	0	0	0	12	0	1012
8137.5	0	0	0	12	0	1012
8142.5	0	0	0	12	0	1012
8147.5	0	0	0	12	0	1012
8152.5	0	0	0	12	0	1012
8157.5	0	0	1	11	1	1011
8162.5	0	0	0	11	0	1011
8167.5	0	0	0	11	0	1011
8172.5	0	0	0	11	0	1011
8177.5	0	0	0	11	0	1011
8182.5	0	0	0	11	0	1011
8187.5	0	0	0	11	0	1011
8192.5	0	0	0	11	0	1011
8197.5	0	0	0	11	0	1011
8202.5	0	0	0	11	0	1011
8207.5	0	0	0	11	0	1011
8212.5	0	0	0	11	0	1011
8217.5	0	0	0	11	0	1011
8222.5	0	0	0	11	0	1011
8227.5	0	0	0	11	0	1011
8232.5	0	0	0	11	0	1011
8237.5	0	0	0	11	0	1011
8242.5	0	0	0	11	0	1011
8247.5	0	0	0	11	0	1011
8252.5	0	0	0	11	0	1011
8257.5	0	0	1	10	1	1010
8262.5	0	0	0	10	0	1010
8267.5	0	0	0	10	0	1010
8272.5	0	0	0	10	0	1010
8277.5	0	0	0	10	0	1010
8282.5	0	0	0	10	0	1010
8287.5	0	0	0	10	0	1010
8292.5	0	0	0	10	0	1010
8297.5	0	0	0	10	0	1010
8302.5	0	0	0	10	0	1010
8307.5	0	0	0	10	0	1010
8312.5	0	0	0	10	0	1010
8317.5	0	0	0	10	0	1010
8322.5	0	0	0	10	0	1010
8327.5	0	0	0	10	0	1010
8332.5	0	0	0	10	0	1010
8337.5	0	0	0	10	0	1010
8342.5	0	0	0	10	0	1010
8347.5	0	0	0	10	0	1010
8352.5	0	0	0	10	0	1010
8357.5	0	0	0	10	0	1010
8362.5	0	0	0	10	0	1010
8367.5	0	0	0	10	0	1010
8372.5	0	0	0	10	0	1010
8377.5	0	0	0	10	0	1010
8382.5	0	0	0	10	0	1010
8387.5	0	0	0	10	0	1010
8392.5	0	0	0	10	0	1010
8397.5	0	0	0	10	0	1010
8402.5	0	0	1	9	1	1009
8407.5	0	0	0	9	0	1009
8412.5	0	0	0	9	0	1009
8417.5	0	0	0	9	0	1009
8422.5	0	0	0	9	0	1009
8427.5	0	0	0	9	0	1009
8432.5	0	0	0	9	0	1009
8437.5	0	0	0	9	0	1009
8442.5	0	0	0	9	0	1009
8447.5	0	0	0	9	0	1009
8452.5	0	0	0	9	0	1009
8457.5	0	0	0	9	0	1009
8462.5	0	0	0	9	0	1009
8467.5	0	0	0	9	0	1009
8472.5	0	0	0	9	0	1009
8477.5	0	0	0	9	0	1009
8482.5	0	0	0	9	0	1009
8487.5	0	0	0	9	0	1009
8492.5	0	0	0	9	0	1009
8497.5	0	0	0	9	0	1009
8502.5	0	0	0	9	0	1009
8507.5	0	0	0	9	0	1009
8512.5	0	0	0	9	0	1009
8517.5	0	0	0	9	0	1009
8522.5	0	0	0	9	0	1009
8527.5	0	0	0	9	0	1009
8532.5	0	0	0	9	0	1009
8537.5	0	0	0	9	0	1009
8542.5	0	0	0	9	0	1009
8547.5	0	0	0	9	0	1009
8552.5	0	0	0	9	0	1009
8557.5	0	0	0	9	0	1009
8562.5	0	0	0	9	0	1009
8567.5	0	0	0	9	0	1009
8572.5	0	0	0	9	0	1009
8577.5	0	0	0	9	0	1009
8582.5	0	0	0	9	0	1009
8587.5	0	0	0	9	0	1009
8592.5	0	0	0	9	0	1009
8597.5	0	0	0	9	0	1009
8602.5	0	0	0	9	0	1009
8607.5	0	0	0	9	0	1009
8612.5	0	0	0	9	0	1009
8617.5	0	0	0	9	0	1009
8622.5	0	0	0	9	0	1009
8627.5	0	0	0	9	0	1009
8632.5	0	0	0	9	0	1009
8637.5	0	0	0	9	0	1009
8642.5	0	0	0	9	0	1009
8647.5	0	0	0	9	0	1009
8652.5	0	0	0	9	0	1009
8657.5	0	0	0	9	0	1009
8662.5	0	0	0	9	0	1009
8667.5	0	0	0	9	0	1009
8672.5	0	0	0	9	0	1009
8677.5	0	0	0	9	0	1009
8682.5	0	0	0	9	0	1009
8687.5	0	0	0	9	0	1009
8692.5	0	0	0	9	0	1009
8697.5	0	0	0	9	0	1009
8702.5	0	0	0	9	0	1009
8707.5	0	0	0	9	0	1009
8712.5	0	0	0	9	0	1009
8717.5	0	0	0	9	0	1009
8722.5	0	0	0	9	0	1009
8727.5	0	0	0	9	0	1009
8732.5	0	0	0	9	0	1009
8737.5	0	0	0	9	0	1009
8742.5	0	0	0	9	0	1009
8747.5	0	0	0	9	0	1009
8752.5	0	0	0	9	0	1009
8757.5	0	0	0	9	0	1009
8762.5	0	0	0	9	0	1009
8767.5	0	0	0	9	0	1009
8772.5	0	0	0	9	0	1009
8777.5	0	0	0	9	0	1009
8782.5	0	0	0	9	0	1009
8787.5	0	0	0	9	0	1009
8792.5	0	0	0	9	0	1009
8797.5	0	0	0	9	0	1009
8802.5	0	0	0	9	0	1009
8807.5	0	0	0	9	0	1009
8812.5	0	0	0	9	0	1009
8817.5	0	0	0	9	0	1009
8822.5	0	0	0	9	0	1009
8827.5	0	0	0	9	0	1009
8832.5	0	0	0	9	0	1009
8837.5	0	0	0	9	0	1009
8842.5	0	0	0	9	0	1009
8847.5	0	0	0	9	0	1009
8852.5	0	0	0	9	0	1009
8857.5	0	0	0	9	0	1009
8862.5	0	0	0	9	0	1009
8867.5	0	0	0	9	0	1009
8872.5	0	0	0	9	0	1009
8877.5	0	0	0	9	0	1009
8882.5	0	0	0	9	0	1009
8887.5	0	0	0	9	0	1009
8892.5	0	0	0	9	0	1009
8897.5	0	0	0	9	0	1009
8902.5	0	0	0	9	0	1009
8907.5	0	0	0	9	0	1009
8912.5	0	0	0	9	0	1009
8917.5	0	0	0	9	0	1009
8922.5	0	0	0	9	0	1009
8927.5	0	0	0	9	0	1009
8932.5	0	0	0	9	0	1009
8937.5	0	0	0	9	0	1009
8942.5	0	0	0	9	0	1009
8947.5	0	0	0	9	0	1009
8952.5	0	0	0	9	0	1009
8957.5	0	0	0	9	0	1009
8962.5	0	0	0	9	0	1009
8967.5	0	0	0	9	0	1009
8972.5	0	0	0	9	0	1009
8977.5	0	0	0	9	0	1009
8982.5	0	0	0	9	0	1009
8987.5	0	0	0	9	0	1009
8992.5	0	0	0	9	0	1009
8997.5	0	0	0	9	0	1009
9002.5	0	0	0	9	0	1009
9007.5	0	0	0	9	0	1009
9012.5	0	0	0	9	0	1009
9017.5	0	0	0	9	0	1009
9022.5	0	0	0	9	0	1009
9027.5	0	0	0	9	0	1009
9032.5	0	0	0	9	0	1009
9037.5	0	0	0	9	0	1009
9042.5	0	0	0	9	0	1009
9047.5	0	0	0	9	0	1009
9052.5	0	0	0	9	0	1009
9057.5	0	0	0	9	0	1009
9062.5	0	0	0	9	0	1009
9067.5	0	0	0	9	0	1009
9072.5	0	0	0	9	0	1009
9077.5	0	0	0	9	0	1009
9082.5	0	0	0	9	0	1009
9087.5	0	0	0	9	0	1009
9092.5	0	0	0	9	0	1009
9097.5	0	0	0	9	0	1009
9102.5	0	0	0	9	0	1009
9107.5	0	0	0	9	0	1009
9112.5	0	0	0	9	0	1009
9117.5	0	0	0	9	0	1009
9122.5	0	0	0	9	0	1009
9127.5	0	0	0	9	0	1009
9132.5	0	0	0	9	0	1009
9137.5	0	0	0	9	0	1009
9142.5	0	0	0	9	0	1009
9147.5	0	0	0	9	0	1009
9152.5	0	0	0	9	0	1009
9157.5	0	0	0	9	0	1009
9162.5	0	0	0	9	0	1009
9167.5	0	0	0	9	0	1009
9172.5	0	0	0	9	0	1009
9177.5	0	0	0	9	0	1009
9182.5	0	0	0	9	0	1009
9187.5	0	0	0	9	0	1009
9192.5	0	0	0	9	0	1009
9197.5	0	0	0	9	0	1009
9202.5	0	0	0	9	0	1009
9207.5	0	0	0	9	0	1009
9212.5	0	0	0	9	0	1009
9217.5	0	0	0	9	0	1009
9222.5	0	0	0	9	0	1009
9227.5	0	0	0	9	0	1009
9232.5	0	0	0	9	0	1009
9237.5	0	0	0	9	0	1009
9242.5	0	0	0	9	0	1009
9247.5	0	0	0	9	0	1009
9252.5	0	0	0	9	0	1009
9257.5	0	0	0	9	0	1009
9262.5	0	0	0	9	0	1009
9267.5	0	0	0	9	0	1009
9272.5	0	0	0	9	0	1009
9277.5	0	0	0	9	0	1009
9282.5	0	0	0	9	0	1009
9287.5	0	0	0	9	0	1009
9292.5	0	0	0	9	0	1009
9297.5	0	0	0	9	0	1009
9302.5	0	0	0	9	0	1009
9307.5	0	0	0	9	0	1009
9312.5	0	0	0	9	0	1009
9317.5	0	0	0	9	0	1009
9322.5	0	0	0	9	0	1009
9327.5	0	0	0	9	0	1009
9332.5	0	0	0	9	0	1009
9337.5	0	0	0	9	0	1009
9342.5	0	0	0	9	0	1009
9347.5	0	0	0	9	0	1009
9352.5	0	0	0	9	0	1009
9357.5	0	0	0	9	0	1009
9362.5	0	0	0	9	0	1009
9367.5	0	0	0	9	0	1009
9372.5	0	0	0	9	0	1009
9377.5	0	0	0	9	0	1009
9382.5	0	0	0	9	0	1009
9387.5	0	0	0	9	0	1009
9392.5	0	0	0	9	0	1009
9397.5	0	0	0	9	0	1009
9402.5	0	0	0	9	0	1009
9407.5	0	0	0	9	0	1009
9412.5	0	0	0	9	0	1009
9417.5	0	0	0	9	0	1009
9422.5	0	0	0	9	0	1009
9427.5	0	0	0	9	0	1009
9432.5	0	0	0	9	0	1009
9437.5	0	0	0	9	0	1009
9442.5	0	0	0	9	0	1009
9447.5	0	0	0	9	0	1009
9452.5	0	0	0	9	0	1009
9457.5	0	0	0	9	0	1009
9462.5	0	0	0	9	0	1009
9467.5	0	0	0	9	0	1009
9472.5	0	0	0	9	0	1009
9477.5	0	0	0	9	0	1009
9482.5	0	0	0	9	0	1009
9487.5	0	0	0	9	0	1009
9492.5	0	0	0	9	0	1009
9497.5	0	0	0	9	0	1009
9502.5	0	0	0	9	0	1009
9507.5	0	0	0	9	0	1009
9512.5	0	0	0	9	0	1009
9517.5	0	0	0	9	0	1009
9522.5	0	0	0	9	0	1009
9527.5	0	0	0	9	0	1009
9532.5	0	0	0	9	0	1009
9537.5	0	0	0	9	0	1009
9542.5	0	0	0	9	0	1009
9547.5	0	0	0	9	0	1009
9552.5	0	0	0	9	0	1009
9557.5	0	0	0	9	0	1009
9562.5	0	0	0	9	0	1009
9567.5	0	0	0	9	0	1009
9572.5	0	0	0	9	0	1009
9577.5	0	0	0	9	0	1009
9582.5	0	0	0	9	0	1009
9587.5	0	0	0	9	0	1009
9592.5	0	0	0	9	0	1009
9597.5	0	0	0	9	0	1009
9602.5	0	0	0	9	0	1009
9607.5	0	0	0	9	0	1009
9612.5	0	0	0	9	0	1009
9617.5	0	0	0	9	0	1009
9622.5	0	0	0	9	0	1009
9627.5	0	0	0	9	0	1009
9632.5	0	0	0	9	0	1009
9637.5	0	0	0	9	0	1009
9642.5	0	0	0	9	0	1009
9647.5	0	0	0	9	0	1009
9652.5	0	0	0	9	0	1009
9657.5	0	0	0	9	0	1009
9662.5	0	0	0	9	0	1009
9667.5	0	0	0	9	0	1009
9672.5	0	0	0	9	0	1009
9677.5	0	0	0	9	0	1009
9682.5	0	0	0	9	0	1009
9687.5	0	0	0	9	0	1009
9692.5	0	0	0	9	0	1009
9697.5	0	0	0	9	0	1009
9702.5	0	0	0	9	0	1009
9707.5	0	0	0	9	0	1009
9712.5	0	0	0	9	0	1009
9717.5	0	0	0	9	0	1009
9722.5	0	0	0	9	0	1009
9727.5	0	0	0	9	0	1009
9732.5	0	0	0	9	0	1009
9737.5	0	0	0	9	0	1009
9742.5	0	0	0	9	0	1009
9747.5	0	0	0	9	0	1009
9752.5	0	0	0	9	0	1009
9757.5	0	0	0	9	0	1009
9762.5	0	0	0	9	0	1009
9767.5	0	0	0	9	0	1009
9772.5	0	0	0	9	0	1009
9777.5	0	0	0	9	0	1009
9782.5	0	0	0	9	0	1009
9787.5	0	0	0	9	0	1009
9792.5	0	0	0	9	0	1009
9797.5	0	0	0	9	0	1009
9802.5	0	0	0	9	0	1009
9807.5	0	0	0	9	0	1009
9812.5	0	0	0	9	0	1009
9817.5	0	0	0	9	0	1009
9822.5	0	0	0	9	0	1009
9827.5	0	0	0	9	0	1009
9832.5	0	0	0	9	0	1009
9837.5	0	0	0	9	0	1009
9842.5	0	0	0	9	0	1009
9847.5	0	0	0	9	0	1009
9852.5	0	0	0	9	0	1009
9857.5	0	0	0	9	0	1009
9862.5	0	0	0	9	0	1009
9867.5	0	0	0	9	0	1009
9872.5	0	0	0	9	0	1009
9877.5	0	0	0	9	0	1009
9882.5	0	0	0	9	0	1009
9887.5	0	0	0	9	0	1009
9892.5	0	0	0	9	0	1009
9897.5	0	0	0	9	0	1009
9902.5	0	0	0	9	0	1009
9907.5	0	0	0	9	0	1009
9912.5	0	0	0	9	0	1009
9917.5	0	0	0	9	0	1009
9922.5	0	0	0	9	0	1009
9927.5	0	0	0	9	0	1009
9932.5	0	0	0	9	0	1009
9937.5	0	0	0	9	0	1009
9942.5	0	0	0	9	0	1009
9947.5	0	0	0	9	0	1009
9952.5	0	0	0	9	0	1009
9957.5	0	0	0	9	0	1009
9962.5	0	0	0	9	0	1009
9967.5	0	0	0	9	0	1009
9972.5	0	0	0	9	0	1009
9977.5	0	0	0	9	0	1009
9982.5	0	0	0	9	0	1009
9987.5	0	0	0	9	0	1009
9992.5	0	0	0	9	0	1009
9997.5	0	0	0	9	0	1009
10002.5	0	0	0	9	0	1009
10007.5	0	0	0	9	0	1009
10012.5	0	0	0	9	0	1009
10017.5	0	0	0	9	0	1009
10022.5	0	0	0	9	0	1009
10027.5	0	0	0	9	0	1009
10032.5	0	0	0	9	0	1009
10037.5	0	0	0	9	0	1009
10042.5	0	0	0	9	0	1009
10047.5	0	0	0	9	0	1009
10052.5	0	0	0	9	0	1009
10057.5	0	0	0	9	0	1009
10062.5	0	0	0	9	0	1009
10067.5	0	0	0	9	0	1009
10072.5	0	0	0	9	0	1009
10077.5	0	0	0	9	0	1009
10082.5	0	0	0	9	0	1009
10087.5	0	0	0	9	0	1009
10092.5	0	0	0	9	0	1009
10097.5	0	0	0	9	0	1009
10102.5	0	0	0	9	0	1009
10107.5	0	0	0	9	0	1009
10112.5	0	0	0	9	0	1009
10117.5	0	0	0	9	0	1009
10122.5	0	0	0	9	0	1009
10127.5	0	0	0	9	0	1009
10132.5	0	0	0	9	0	1009
10137.5	0	0	0	9	0	1009
10142.5	0	0	0	9	0	1009
10147.5	0	0	0	9	0	1009
10152.5	0	0	0	9	0	1009
10157.5	0	0	0	9	0	1009
10162.5	0	0	0	9	0	1009
10167.5	0	0	0	9	0	1009
10172.5	0	0	0	9	0	1009
10177.5	0	0	0	9	0	1009
10182.5	0	0	0	9	0	1009
10187.5	0	0	0	9	0	1009
10192.5	0	0	0	9	0	1009
10197.5	0	0	0	9	0	1009
10202.5	0	0	0	9	0	1009
10207.5	0	0	0	9	0	1009
10212.5	0	0	0	9	0	1009
10217.5	0	0	0	9	0	1009
10222.5	0	0	0	9	0	1009
10227.5	0	0	0	9	0	1009
10232.5	0	0	0	9	0	1009
10237.5	0	0	0	9	0	1009
10242.5	0	0	0	9	0	1009
10247.5	0	0	0	9	0	1009
10252.5	0	0	0	9	0	1009
10257.5	0	0	0	9	0	1009
10262.5	0	0	0	9	0	1009
10267.5	0	0	0	9	0	1009
10272.5	0	0	0	9	0	1009
10277.5	0	0	0	9	0	1009
10282.5	0	0	0	9	0	1009
10287.5	0	0	0	9	0	1009
10292.5	0	0	0	9	0	1009
10297.5	0	0	0	9	0	1009
10302.5	0	0	0	9	0	1009
10307.5	0	0	0	9	0	1009
10312.5	0	0	0	9	0	1009
10317.5	0	0	1	8	1	1008
10322.5	0	0	0	8	0	1008
10327.5	0	0	0	8	0	1008
10332.5	0	0	0	8	0	1008
10337.5	0	0	0	8	0	1008
10342.5	0	0	0	8	0	1008
10347.5	0	0	0	8	0	1008
10352.5	0	0	0	8	0	1008
10357.5	0	0	0	8	0	1008
10362.5	0	0	0	8	0	1008
10367.5	0	0	0	8	0	1008
10372.5	0	0	0	8	0	1008
10377.5	0	0	0	8	0	1008
10382.5	0	0	0	8	0	1008
10387.5	0	0	0	8	0	1008
10392.5	0	0	0	8	0	1008
10397.5	0	0	0	8	0	1008
10402.5	0	0	0	8	0	1008
10407.5	0	0	0	8	0	1008
10412.5	0	0	0	8	0	1008
10417.5	0	0	0	8	0	1008
10422.5	0	0	0	8	0	1008
10427.5	0	0	0	8	0	1008
10432.5	0	0	0	8	0	1008
10437.5	0	0	0	8	0	1008
10442.5	0	0	0	8	0	1008
10447.5	0	0	0	8	0	1008
10452.5	0	0	0	8	0	1008
10457.5	0	0	0	8	0	1008
10462.5	0	0	0	8	0	1008
10467.5	0	0	1	7	1	1007
10472.5	0	0	0	7	0	1007
10477.5	0	0	0	7	0	1007
10482.5	0	0	0	7	0	1007
10487.5	0	0	0	7	0	1007
10492.5	0	0	0	7	0	1007
10497.5	0	0	1	6	1	1006
10502.5	0	0	0	6	0	1006
10507.5	0	0	0	6	0	1006
10512.5	0	0	0	6	0	1006
10517.5	0	0	0	6	0	1006
10522.5	0	0	0	6	0	1006
10527.5	0	0	0	6	0	1006
10532.5	0	0	0	6	0	1006
10537.5	0	0	0	6	0	1006
10542.5	0	0	0	6	0	1006
10547.5	0	0	0	6	0	1006
10552.5	0	0	0	6	0	1006
10557.5	0	0	0	6	0	1006
10562.5	0	0	0	6	0	1006
10567.5	0	0	0	6	0	1006
10572.5	0	0	0	6	0	1006
10577.5	0	0	0	6	0	1006
10582.5	0	0	0	6	0	1006
10587.5	0	0	0	6	0	1006
10592.5	0	0	0	6	0	1006
10597.5	0	0	0	6	0	1006
10602.5	0	0	0	6	0	1006
10607.5	0	0	0	6	0	1006
10612.5	0	0	0	6	0	1006
10617.5	0	0	0	6	0	1006
10622.5	0	0	0	6	0	1006
10627.5	0	0	0	6	0	1006
10632.5	0	0	0	6	0	1006
10637.5	0	0	0	6	0	1006
10642.5	0	0	0	6	0	1006
10647.5	0	0	0	6	0	1006
10652.5	0	0	0	6	0	1006
10657.5	0	0	0	6	0	1006
10662.5	0	0	0	6	0	1006
10667.5	0	0	0	6	0	1006
10672.5	0	0	0	6	0	1006
10677.5	0	0	0	6	0	1006
10682.5	0	0	0	6	0	1006
10687.5	0	0	0	6	0	1006
10692.5	0	0	0	6	0	1006
10697.5	0	0	0	6	0	1006
10702.5	0	0	0	6	0	1006
10707.5	0	0	0	6	0	1006
10712.5	0	0	0	6	0	1006
10717.5	0	0	0	6	0	1006
10722.5	0	0	0	6	0	1006
10727.5	0	0	0	6	0	1006
10732.5	0	0	1	5	1	1005
10737.5	0	0	0	5	0	1005
10742.5	0	0	0	5	0	1005
10747.5	0	0	0	5	0	1005
10752.5	0	0	0	5	0	1005
10757.5	0	0	0	5	0	1005
10762.5	0	0	0	5	0	1005
10767.5	0	0	0	5	0	1005
10772.5	0	0	0	5	0	1005
10777.5	0	0	0	5	0	1005
10782.5	0	0	0	5	0	1005
10787.5	0	0	0	5	0	1005
10792.5	0	0	0	5	0	1005
10797.5	0	0	0	5	0	1005
10802.5	0	0	0	5	0	1005
10807.5	0	0	0	5	0	1005
10812.5	0	0	0	5	0	1005
10817.5	0	0	0	5	0	1005
10822.5	0	0	0	5	0	1005
10827.5	0	0	0	5	0	1005
10832.5	0	0	0	5	0	1005
10837.5	0	0	0	5	0	1005
10842.5	0	0	0	5	0	1005
10847.5	0	0	0	5	0	1005
10852.5	0	0	0	5	0	1005
10857.5	0	0	0	5	0	1005
10862.5	0	0	0	5	0	1005
10867.5	0	0	0	5	0	1005
10872.5	0	0	0	5	0	1005
10877.5	0	0	0	5	0	1005
10882.5	0	0	0	5	0	1005
10887.5	0	0	0	5	0	1005
10892.5	0	0	0	5	0	1005
10897.5	0	0	0	5	0	1005
10902.5	0	0	0	5	0	1005
10907.5	0	0	0	5	0	1005
10912.5	0	0	0	5	0	1005
10917.5	0	0	0	5	0	1005
10922.5	0	0	0	5	0	1005
10927.5	0	0	0	5	0	1005
10932.5	0	0	0	5	0	1005
10937.5	0	0	0	5	0	1005
10942.5	0	0	0	5	0	1005
10947.5	0	0	0	5	0	1005
10952.5	0	0	0	5	0	1005
10957.5	0	0	0	5	0	1005
10962.5	0	0	0	5	0	1005
10967.5	0	0	0	5	0	1005
10972.5	0	0	0	5	0	1005
10977.5	0	0	0	5	0	1005
10982.5	0	0	0	5	0	1005
10987.5	0	0	0	5	0	1005
10992.5	0	0	0	5	0	1005
10997.5	0	0	0	5	0	1005
11002.5	0	0	1	4	1	1004
11007.5	0	0	0	4	0	1004
11012.5	0	0	0	4	0	1004
11017.5	0	0	0	4	0	1004
11022.5	0	0	0	4	0	1004
11027.5	0	0	0	4	0	1004
11032.5	0	0	0	4	0	1004
11037.5	0	0	0	4	0	1004
11042.5	0	0	0	4	0	1004
11047.5	0	0	0	4	0	1004
11052.5	0	0	0	4	0	1004
11057.5	0	0	0	4	0	1004
11062.5	0	0	0	4	0	1004
11067.5	0	0	0	4	0	1004
11072.5	0	0	0	4	0	1004
11077.5	0	0	0	4	0	1004
11082.5	0	0	0	4	0	1004
11087.5	0	0	0	4	0	1004
11092.5	0	0	0	4	0	1004
11097.5	0	0	0	4	0	1004
11102.5	0	0	0	4	0	1004
11107.5	0	0	0	4	0	1004
11112.5	0	0	0	4	0	1004
11117.5	0	0	0	4	0	1004
11122.5	0	0	0	4	0	1004
11127.5	0	0	0	4	0	1004
11132.5	0	0	0	4	0	1004
11137.5	0	0	0	4	0	1004
11142.5	0	0	0	4	0	1004
11147.5	0	0	0	4	0	1004
11152.5	0	0	0	4	0	1004
11157.5	0	0	0	4	0	1004
11162.5	0	0	0	4	0	1004
11167.5	0	0	0	4	0	1004
11172.5	0	0	0	4	0	1004
11177.5	0	0	0	4	0	1004
11182.5	0	0	0	4	0	1004
11187.5	0	0	0	4	0	1004
11192.5	0	0	1	3	1	1003
11197.5	0	0	0	3	0	1003
11202.5	0	0	0	3	0	1003
11207.5	0	0	0	3	0	1003
11212.5	0	0	0	3	0	1003
11217.5	0	0	0	3	0	1003
11222.5	0	0	0	3	0	1003
11227.5	0	0	0	3	0	1003
11232.5	0	0	0	3	0	1003
11237.5	0	0	0	3	0	1003
11242.5	0	0	0	3	0	1003
11247.5	0	0	0	3	0	1003
11252.5	0	0	0	3	0	1003
11257.5	0	0	0	3	0	1003
11262.5	0	0	0	3	0	1003
11267.5	0	0	0	3	0	1003
11272.5	0	0	0	3	0	1003
11277.5	0	0	0	3	0	1003
11282.5	0	0	0	3	0	1003
11287.5	0	0	0	3	0	1003
11292.5	0	0	0	3	0	1003
11297.5	0	0	0	3	0	1003
11302.5	0	0	0	3	0	1003
11307.5	0	0	0	3	0	1003
11312.5	0	0	0	3	0	1003
11317.5	0	0	0	3	0	1003
11322.5	0	0	0	3	0	1003
11327.5	0	0	0	3	0	1003
11332.5	0	0	0	3	0	1003
11337.5	0	0	0	3	0	1003
11342.5	0	0	0	3	0	1003
11347.5	0	0	0	3	0	1003
11352.5	0	0	0	3	0	1003
11357.5	0	0	0	3	0	1003
11362.5	0	0	0	3	0	1003
11367.5	0	0	0	3	0	1003
11372.5	0	0	0	3	0	1003
11377.5	0	0	0	3	0	1003
11382.5	0	0	0	3	0	1003
11387.5	0	0	0	3	0	1003
11392.5	0	0	0	3	0	1003
11397.5	0	0	0	3	0	1003
11402.5	0	0	0	3	0	1003
11407.5	0	0	0	3	0	1003
11412.5	0	0	0	3	0	1003
11417.5	0	0	0	3	0	1003
11422.5	0	0	0	3	0	1003
11427.5	0	0	0	3	0	1003
11432.5	0	0	0	3	0	1003
11437.5	0	0	0	3	0	1003
11442.5	0	0	0	3	0	1003
11447.5	0	0	0	3	0	1003
11452.5	0	0	0	3	0	1003
11457.5	0	0	0	3	0	1003
11462.5	0	0	0	3	0	1003
11467.5	0	0	0	3	0	1003
11472.5	0	0	0	3	0	1003
11477.5	0	0	0	3	0	1003
11482.5	0	0	0	3	0	1003
11487.5	0	0	0	3	0	1003
11492.5	0	0	0	3	0	1003
11497.5	0	0	0	3	0	1003
11502.5	0	0	0	3	0	1003
11507.5	0	0	0	3	0	1003
11512.5	0	0	0	3	0	1003
11517.5	0	0	0	3	0	1003
11522.5	0	0	0	3	0	1003
11527.5	0	0	0	3	0	1003
11532.5	0	0	0	3	0	1003
11537.5	0	0	0	3	0	1003
11542.5	0	0	0	3	0	1003
11547.5	0	0	0	3	0	1003
11552.5	0	0	0	3	0	1003
11557.5	0	0	0	3	0	1003
11562.5	0	0	0	3	0	1003
11567.5	0	0	0	3	0	1003
11572.5	0	0	0	3	0	1003
11577.5	0	0	0	3	0	1003
11582.5	0	0	0	3	0	1003
11587.5	0	0	0	3	0	1003
11592.5	0	0	0	3	0	1003
11597.5	0	0	0	3	0	1003
11602.5	0	0	0	3	0	1003
11607.5	0	0	0	3	0	1003
11612.5	0	0	0	3	0	1003
11617.5	0	0	0	3	0	1003
11622.5	0	0	0	3	0	1003
11627.5	0	0	0	3	0	1003
11632.5	0	0	0	3	0	1003
11637.5	0	0	0	3	0	1003
11642.5	0	0	0	3	0	1003
11647.5	0	0	0	3	0	1003
11652.5	0	0	0	3	0	1003
11657.5	0	0	0	3	0	1003
11662.5	0	0	0	3	0	1003
11667.5	0	0	0	3	0	1003
11672.5	0	0	0	3	0	1003
11677.5	0	0	0	3	0	1003
11682.5	0	0	0	3	0	1003
11687.5	0	0	0	3	0	1003
11692.5	0	0	0	3	0	1003
11697.5	0	0	0	3	0	1003
11702.5	0	0	0	3	0	1003
11707.5	0	0	0	3	0	1003
11712.5	0	0	0	3	0	1003
11717.5	0	0	0	3	0	1003
11722.5	0	0	0	3	0	1003
11727.5	0	0	0	3	0	1003
11732.5	0	0	0	3	0	1003
11737.5	0	0	0	3	0	1003
11742.5	0	0	0	3	0	1003
11747.5	0	0	0	3	0	1003
11752.5	0	0	0	3	0	1003
11757.5	0	0	0	3	0	1003
11762.5	0	0	0	3	0	1003
11767.5	0	0	0	3	0	1003
11772.5	0	0	0	3	0	1003
11777.5	0	0	0	3	0	1003
11782.5	0	0	0	3	0	1003
11787.5	0	0	0	3	0	1003
11792.5	0	0	0	3	0	1003
11797.5	0	0	0	3	0	1003
11802.5	0	0	0	3	0	1003
11807.5	0	0	0	3	0	1003
11812.5	0	0	0	3	0	1003
11817.5	0	0	0	3	0	1003
11822.5	0	0	0	3	0	1003
11827.5	0	0	0	3	0	1003
11832.5	0	0	0	3	0	1003
11837.5	0	0	0	3	0	1003
11842.5	0	0	0	3	0	1003
11847.5	0	0	0	3	0	1003
11852.5	0	0	0	3	0	1003
11857.5	0	0	0	3	0	1003
11862.5	0	0	0	3	0	1003
11867.5	0	0	0	3	0	1003
11872.5	0	0	0	3	0	1003
11877.5	0	0	0	3	0	1003
11882.5	0	0	0	3	0	1003
11887.5	0	0	0	3	0	1003
11892.5	0	0	0	3	0	1003
11897.5	0	0	0	3	0	1003
11902.5	0	0	0	3	0	1003
11907.5	0	0	0	3	0	1003
11912.5	0	0	0	3	0	1003
11917.5	0	0	0	3	0	1003
11922.5	0	0	0	3	0	1003
11927.5	0	0	0	3	0	1003
11932.5	0	0	0	3	0	1003
11937.5	0	0	0	3	0	1003
11942.5	0	0	0	3	0	1003
11947.5	0	0	0	3	0	1003
11952.5	0	0	0	3	0	1003
11957.5	0	0	0	3	0	1003
11962.5	0	0	0	3	0	1003
11967.5	0	0	0	3	0	1003
11972.5	0	0	0	3	0	1003
11977.5	0	0	0	3	0	1003
11982.5	0	0	0	3	0	1003
11987.5	0	0	0	3	0	1003
11992.5	0	0	0	3	0	1003
11997.5	0	0	0	3	0	1003
12002.5	0	0	0	3	0	1003
12007.5	0	0	0	3	0	1003
12012.5	0	0	0	3	0	1003
12017.5	0	0	0	3	0	1003
12022.5	0	0	0	3	0	1003
12027.5	0	0	0	3	0	1003
12032.5	0	0	0	3	0	1003
12037.5	0	0	0	3	0	1003
12042.5	0	0	0	3	0	1003
12047.5	0	0	0	3	0	1003
12052.5	0	0	0	3	0	1003
12057.5	0	0	0	3	0	1003
12062.5	0	0	0	3	0	1003
12067.5	0	0	0	3	0	1003
12072.5	0	0	0	3	0	1003
12077.5	0	0	0	3	0	1003
12082.5	0	0	0	3	0	1003
12087.5	0	0	0	3	0	1003
12092.5	0	0	0	3	0	1003
12097.5	0	0	0	3	0	1003
12102.5	0	0	0	3	0	1003
12107.5	0	0	0	3	0	1003
12112.5	0	0	0	3	0	1003
12117.5	0	0	0	3	0	1003
12122.5	0	0	0	3	0	1003
12127.5	0	0	0	3	0	1003
12132.5	0	0	0	3	0	1003
12137.5	0	0	0	3	0	1003
12142.5	0	0	0	3	0	1003
12147.5	0	0	0	3	0	1003
12152.5	0	0	0	3	0	1003
12157.5	0	0	0	3	0	1003
12162.5	0	0	0	3	0	1003
12167.5	0	0	0	3	0	1003
12172.5	0	0	0	3	0	1003
12177.5	0	0	0	3	0	1003
12182.5	0	0	0	3	0	1003
12187.5	0	0	0	3	0	1003
12192.5	0	0	0	3	0	1003
12197.5	0	0	0	3	0	1003
12202.5	0	0	0	3	0	1003
12207.5	0	0	0	3	0	1003
12212.5	0	0	0	3	0	1003
12217.5	0	0	0	3	0	1003
12222.5	0	0	0	3	0	1003
12227.5	0	0	0	3	0	1003
12232.5	0	0	0	3	0	1003
12237.5	0	0	0	3	0	1003
12242.5	0	0	0	3	0	1003
12247.5	0	0	0	3	0	1003
12252.5	0	0	0	3	0	1003
12257.5	0	0	0	3	0	1003
12262.5	0	0	0	3	0	1003
12267.5	0	0	0	3	0	1003
12272.5	0	0	0	3	0	1003
12277.5	0	0	0	3	0	1003
12282.5	0	0	0	3	0	1003
12287.5	0	0	0	3	0	1003
12292.5	0	0	0	3	0	1003
12297.5	0	0	0	3	0	1003
12302.5	0	0	0	3	0	1003
12307.5	0	0	0	3	0	1003
12312.5	0	0	0	3	0	1003
12317.5	0	0	0	3	0	1003
12322.5	0	0	0	3	0	1003
12327.5	0	0	0	3	0	1003
12332.5	0	0	0	3	0	1003
12337.5	0	0	0	3	0	1003
12342.5	0	0	0	3	0	1003
12347.5	0	0	0	3	0	1003
12352.5	0	0	0	3	0	1003
12357.5	0	0	0	3	0	1003
12362.5	0	0	0	3	0	1003
12367.5	0	0	0	3	0	1003
12372.5	0	0	0	3	0	1003
12377.5	0	0	0	3	0	1003
12382.5	0	0	0	3	0	1003
12387.5	0	0	0	3	0	1003
12392.5	0	0	0	3	0	1003
12397.5	0	0	0	3	0	1003
12402.5	0	0	0	3	0	1003
12407.5	0	0	0	3	0	1003
12412.5	0	0	0	3	0	1003
12417.5	0	0	0	3	0	1003
12422.5	0	0	0	3	0	1003
12427.5	0	0	0	3	0	1003
12432.5	0	0	0	3	0	1003
12437.5	0	0	0	3	0	1003
12442.5	0	0	0	3	0	1003
12447.5	0	0	0	3	0	1003
12452.5	0	0	0	3	0	1003
12457.5	0	0	0	3	0	1003
12462.5	0	0	0	3	0	1003
12467.5	0	0	0	3	0	1003
12472.5	0	0	0	3	0	1003
12477.5	0	0	0	3	0	1003
12482.5	0	0	0	3	0	1003
12487.5	0	0	0	3	0	1003
12492.5	0	0	0	3	0	1003
12497.5	0	0	0	3	0	1003
12502.5	0	0	0	3	0	1003
12507.5	0	0	0	3	0	1003
12512.5	0	0	0	3	0	1003
12517.5	0	0	0	3	0	1003
12522.5	0	0	0	3	0	1003
12527.5	0	0	0	3	0	1003
12532.5	0	0	0	3	0	1003
12537.5	0	0	0	3	0	1003
12542.5	0	0	0	3	0	1003
12547.5	0	0	0	3	0	1003
12552.5	0	0	0	3	0	1003
12557.5	0	0	0	3	0	1003
12562.5	0	0	0	3	0	1003
12567.5	0	0	0	3	0	1003
12572.5	0	0	0	3	0	1003
12577.5	0	0	0	3	0	1003
12582.5	0	0	0	3	0	1003
12587.5	0	0	0	3	0	1003
12592.5	0	0	0	3	0	1003
12597.5	0	0	0	3	0	1003
12602.5	0	0	0	3	0	1003
12607.5	0	0	0	3	0	1003
12612.5	0	0	0	3	0	1003
12617.5	0	0	0	3	0	1003
12622.5	0	0	0	3	0	1003
12627.5	0	0	0	3	0	1003
12632.5	0	0	0	3	0	1003
12637.5	0	0	0	3	0	1003
12642.5	0	0	0	3	0	1003
12647.5	0	0	0	3	0	1003
12652.5	0	0	0	3	0	1003
12657.5	0	0	0	3	0	1003
12662.5	0	0	0	3	0	1003
12667.5	0	0	0	3	0	1003
12672.5	0	0	0	3	0	1003
12677.5	0	0	0	3	0	1003
12682.5	0	0	0	3	0	1003
12687.5	0	0	0	3	0	1003
12692.5	0	0	0	3	0	1003
12697.5	0	0	0	3	0	1003
12702.5	0	0	0	3	0	1003
12707.5	0	0	0	3	0	1003
12712.5	0	0	0	3	0	1003
12717.5	0	0	0	3	0	1003
12722.5	0	0	0	3	0	1003
12727.5	0	0	0	3	0	1003
12732.5	0	0	0	3	0	1003
12737.5	0	0	0	3	0	1003
12742.5	0	0	0	3	0	1003
12747.5	0	0	0	3	0	1003
12752.5	0	0	0	3	0	1003
12757.5	0	0	0	3	0	1003
12762.5	0	0	0	3	0	1003
12767.5	0	0	0	3	0	1003
12772.5	0	0	0	3	0	1003
12777.5	0	0	0	3	0	1003
12782.5	0	0	0	3	0	1003
12787.5	0	0	0	3	0	1003
12792.5	0	0	0	3	0	1003
12797.5	0	0	0	3	0	1003
12802.5	0	0	0	3	0	1003
12807.5	0	0	0	3	0	1003
12812.5	0	0	0	3	0	1003
12817.5	0	0	0	3	0	1003
12822.5	0	0	0	3	0	1003
12827.5	0	0	0	3	0	1003
12832.5	0	0	0	3	0	1003
12837.5	0	0	0	3	0	1003
12842.5	0	0	0	3	0	1003
12847.5	0	0	0	3	0	1003
12852.5	0	0	0	3	0	1003
12857.5	0	0	0	3	0	1003
12862.5	0	0	0	3	0	1003
12867.5	0	0	0	3	0	1003
12872.5	0	0	0	3	0	1003
12877.5	0	0	0	3	0	1003
12882.5	0	0	0	3	0	1003
12887.5	0	0	0	3	0	1003
12892.5	0	0	0	3	0	1003
12897.5	0	0	0	3	0	1003
12902.5	0	0	0	3	0	1003
12907.5	0	0	0	3	0	1003
12912.5	0	0	0	3	0	1003
12917.5	0	0	0	3	0	1003
12922.5	0	0	0	3	0	1003
12927.5	0	0	0	3	0	1003
12932.5	0	0	0	3	0	1003
12937.5	0	0	0	3	0	1003
12942.5	0	0	0	3	0	1003
12947.5	0	0	0	3	0	1003
12952.5	0	0	0	3	0	1003
12957.5	0	0	0	3	0	1003
12962.5	0	0	1	2	1	1002
12967.5	0	0	0	2	0	1002
12972.5	0	0	0	2	0	1002
12977.5	0	0	0	2	0	1002
12982.5	0	0	0	2	0	1002
12987.5	0	0	0	2	0	1002
12992.5	0	0	0	2	0	1002
12997.5	0	0	0	2	0	1002
13002.5	0	0	0	2	0	1002
13007.5	0	0	0	2	0	1002
13012.5	0	0	0	2	0	1002
13017.5	0	0	0	2	0	1002
13022.5	0	0	0	2	0	1002
13027.5	0	0	0	2	0	1002
13032.5	0	0	0	2	0	1002
13037.5	0	0	0	2	0	1002
13042.5	0	0	0	2	0	1002
13047.5	0	0	0	2	0	1002
13052.5	0	0	0	2	0	1002
13057.5	0	0	0	2	0	1002
13062.5	0	0	0	2	0	1002
13067.5	0	0	0	2	0	1002
13072.5	0	0	0	2	0	1002
13077.5	0	0	0	2	0	1002
13082.5	0	0	0	2	0	1002
13087.5	0	0	0	2	0	1002
13092.5	0	0	0	2	0	1002
13097.5	0	0	0	2	0	1002
13102.5	0	0	0	2	0	1002
13107.5	0	0	0	2	0	1002
13112.5	0	0	0	2	0	1002
13117.5	0	0	0	2	0	1002
13122.5	0	0	0	2	0	1002
13127.5	0	0	0	2	0	1002
13132.5	0	0	0	2	0	1002
13137.5	0	0	0	2	0	1002
13142.5	0	0	0	2	0	1002
13147.5	0	0	0	2	0	1002
13152.5	0	0	0	2	0	1002
13157.5	0	0	0	2	0	1002
13162.5	0	0	0	2	0	1002
13167.5	0	0	0	2	0	1002
13172.5	0	0	0	2	0	1002
13177.5	0	0	0	2	0	1002
13182.5	0	0	0	2	0	1002
13187.5	0	0	0	2	0	1002
13192.5	0	0	0	2	0	1002
13197.5	0	0	0	2	0	1002
13202.5	0	0	0	2	0	1002
13207.5	0	0	0	2	0	1002
13212.5	0	0	0	2	0	1002
13217.5	0	0	0	2	0	1002
13222.5	0	0	0	2	0	1002
13227.5	0	0	0	2	0	1002
13232.5	0	0	0	2	0	1002
13237.5	0	0	0	2	0	1002
13242.5	0	0	0	2	0	1002
13247.5	0	0	0	2	0	1002
13252.5	0	0	0	2	0	1002
13257.5	0	0	0	2	0	1002
13262.5	0	0	0	2	0	1002
13267.5	0	0	0	2	0	1002
13272.5	0	0	0	2	0	1002
13277.5	0	0	0	2	0	1002
13282.5	0	0	0	2	0	1002
13287.5	0	0	0	2	0	1002
13292.5	0	0	0	2	0	1002
13297.5	0	0	0	2	0	1002
13302.5	0	0	0	2	0	1002
13307.5	0	0	0	2	0	1002
13312.5	0	0	0	2	0	1002
13317.5	0	0	0	2	0	1002
13322.5	0	0	0	2	0	1002
13327.5	0	0	0	2	0	1002
13332.5	0	0	0	2	0	1002
13337.5	0	0	0	2	0	1002
13342.5	0	0	0	2	0	1002
13347.5	0	0	0	2	0	1002
13352.5	0	0	0	2	0	1002
13357.5	0	0	0	2	0	1002
13362.5	0	0	0	2	0	1002
13367.5	0	0	0	2	0	1002
13372.5	0	0	0	2	0	1002
13377.5	0	0	0	2	0	1002
13382.5	0	0	0	2	0	1002
13387.5	0	0	0	2	0	1002
13392.5	0	0	0	2	0	1002
13397.5	0	0	0	2	0	1002
13402.5	0	0	0	2	0	1002
13407.5	0	0	0	2	0	1002
13412.5	0	0	0	2	0	1002
13417.5	0	0	0	2	0	1002
13422.5	0	0	0	2	0	1002
13427.5	0	0	0	2	0	1002
13432.5	0	0	0	2	0	1002
13437.5	0	0	0	2	0	1002
13442.5	0	0	0	2	0	1002
13447.5	0	0	0	2	0	1002
13452.5	0	0	0	2	0	1002
13457.5	0	0	0	2	0	1002
13462.5	0	0	0	2	0	1002
13467.5	0	0	0	2	0	1002
13472.5	0	0	0	2	0	1002
13477.5	0	0	0	2	0	1002
13482.5	0	0	0	2	0	1002
13487.5	0	0	0	2	0	1002
13492.5	0	0	0	2	0	1002
13497.5	0	0	0	2	0	1002
13502.5	0	0	0	2	0	1002
13507.5	0	0	0	2	0	1002
13512.5	0	0	0	2	0	1002
13517.5	0	0	0	2	0	1002
13522.5	0	0	0	2	0	1002
13527.5	0	0	0	2	0	1002
13532.5	0	0	0	2	0	1002
13537.5	0	0	0	2	0	1002
13542.5	0	0	0	2	0	1002
13547.5	0	0	0	2	0	1002
13552.5	0	0	0	2	0	1002
13557.5	0	0	0	2	0	1002
13562.5	0	0	0	2	0	1002
13567.5	0	0	0	2	0	1002
13572.5	0	0	0	2	0	1002
13577.5	0	0	0	2	0	1002
13582.5	0	0	0	2	0	1002
13587.5	0	0	0	2	0	1002
13592.5	0	0	0	2	0	1002
13597.5	0	0	0	2	0	1002
13602.5	0	0	0	2	0	1002
13607.5	0	0	0	2	0	1002
13612.5	0	0	0	2	0	1002
13617.5	0	0	0	2	0	1002
13622.5	0	0	0	2	0	1002
13627.5	0	0	0	2	0	1002
13632.5	0	0	0	2	0	1002
13637.5	0	0	0	2	0	1002
13642.5	0	0	0	2	0	1002
13647.5	0	0	0	2	0	1002
13652.5	0	0	0	2	0	1002
13657.5	0	0	0	2	0	1002
13662.5	0	0	0	2	0	1002
13667.5	0	0	0	2	0	1002
13672.5	0	0	0	2	0	1002
13677.5	0	0	0	2	0	1002
13682.5	0	0	0	2	0	1002
13687.5	0	0	0	2	0	1002
13692.5	0	0	0	2	0	1002
13697.5	0	0	0	2	0	1002
13702.5	0	0	0	2	0	1002
13707.5	0	0	0	2	0	1002
13712.5	0	0	0	2	0	1002
13717.5	0	0	0	2	0	1002
13722.5	0	0	0	2	0	1002
13727.5	0	0	0	2	0	1002
13732.5	0	0	0	2	0	1002
13737.5	0	0	0	2	0	1002
13742.5	0	0	0	2	0	1002
13747.5	0	0	0	2	0	1002
13752.5	0	0	0	2	0	1002
13757.5	0	0	0	2	0	1002
13762.5	0	0	0	2	0	1002
13767.5	0	0	0	2	0	1002
13772.5	0	0	0	2	0	1002
13777.5	0	0	0	2	0	1002
13782.5	0	0	0	2	0	1002
13787.5	0	0	0	2	0	1002
13792.5	0	0	0	2	0	1002
13797.5	0	0	0	2	0	1002
13802.5	0	0	0	2	0	1002
13807.5	0	0	0	2	0	1002
13812.5	0	0	0	2	0	1002
13817.5	0	0	0	2	0	1002
13822.5	0	0	0	2	0	1002
13827.5	0	0	0	2	0	1002
13832.5	0	0	0	2	0	1002
13837.5	0	0	0	2	0	1002
13842.5	0	0	0	2	0	1002
13847.5	0	0	0	2	0	1002
13852.5	0	0	0	2	0	1002
13857.5	0	0	0	2	0	1002
13862.5	0	0	0	2	0	1002
13867.5	0	0	0	2	0	1002
13872.5	0	0	0	2	0	1002
13877.5	0	0	0	2	0	1002
13882.5	0	0	0	2	0	1002
13887.5	0	0	0	2	0	1002
13892.5	0	0	0	2	0	1002
13897.5	0	0	0	2	0	1002
13902.5	0	0	0	2	0	1002
13907.5	0	0	0	2	0	1002
13912.5	0	0	0	2	0	1002
13917.5	0	0	0	2	0	1002
13922.5	0	0	0	2	0	1002
13927.5	0	0	0	2	0	1002
13932.5	0	0	0	2	0	1002
13937.5	0	0	0	2	0	1002
13942.5	0	0	0	2	0	1002
13947.5	0	0	0	2	0	1002
13952.5	0	0	0	2	0	1002
13957.5	0	0	0	2	0	1002
13962.5	0	0	0	2	0	1002
13967.5	0	0	0	2	0	1002
13972.5	0	0	0	2	0	1002
13977.5	0	0	0	2	0	1002
13982.5	0	0	0	2	0	1002
13987.5	0	0	0	2	0	1002
13992.5	0	0	0	2	0	1002
13997.5	0	0	0	2	0	1002
14002.5	0	0	0	2	0	1002
14007.5	0	0	0	2	0	1002
14012.5	0	0	0	2	0	1002
14017.5	0	0	0	2	0	1002
14022.5	0	0	0	2	0	1002
14027.5	0	0	0	2	0	1002
14032.5	0	0	0	2	0	1002
14037.5	0	0	0	2	0	1002
14042.5	0	0	0	2	0	1002
14047.5	0	0	0	2	0	1002
14052.5	0	0	0	2	0	1002
14057.5	0	0	0	2	0	1002
14062.5	0	0	0	2	0	1002
14067.5	0	0	0	2	0	1002
14072.5	0	0	0	2	0	1002
14077.5	0	0	0	2	0	1002
14082.5	0	0	0	2	0	1002
14087.5	0	0	0	2	0	1002
14092.5	0	0	0	2	0	1002
14097.5	0	0	0	2	0	1002
14102.5	0	0	0	2	0	1002
14107.5	0	0	0	2	0	1002
14112.5	0	0	0	2	0	1002
14117.5	0	0	0	2	0	1002
14122.5	0	0	0	2	0	1002
14127.5	0	0	0	2	0	1002
14132.5	0	0	0	2	0	1002
14137.5	0	0	0	2	0	1002
14142.5	0	0	0	2	0	1002
14147.5	0	0	0	2	0	1002
14152.5	0	0	0	2	0	1002
14157.5	0	0	0	2	0	1002
14162.5	0	0	0	2	0	1002
14167.5	0	0	0	2	0	1002
14172.5	0	0	0	2	0	1002
14177.5	0	0	0	2	0	1002
14182.5	0	0	0	2	0	1002
14187.5	0	0	0	2	0	1002
14192.5	0	0	0	2	0	1002
14197.5	0	0	0	2	0	1002
14202.5	0	0	0	2	0	1002
14207.5	0	0	0	2	0	1002
14212.5	0	0	0	2	0	1002
14217.5	0	0	0	2	0	1002
14222.5	0	0	0	2	0	1002
14227.5	0	0	0	2	0	1002
14232.5	0	0	0	2	0	1002
14237.5	0	0	0	2	0	1002
14242.5	0	0	0	2	0	1002
14247.5	0	0	0	2	0	1002
14252.5	0	0	0	2	0	1002
14257.5	0	0	0	2	0	1002
14262.5	0	0	0	2	0	1002
14267.5	0	0	0	2	0	1002
14272.5	0	0	0	2	0	1002
14277.5	0	0	0	2	0	1002
14282.5	0	0	0	2	0	1002
14287.5	0	0	0	2	0	1002
14292.5	0	0	0	2	0	1002
14297.5	0	0	0	2	0	1002
14302.5	0	0	0	2	0	1002
14307.5	0	0	0	2	0	1002
14312.5	0	0	0	2	0	1002
14317.5	0	0	0	2	0	1002
14322.5	0	0	0	2	0	1002
14327.5	0	0	0	2	0	1002
14332.5	0	0	0	2	0	1002
14337.5	0	0	0	2	0	1002
14342.5	0	0	0	2	0	1002
14347.5	0	0	0	2	0	1002
14352.5	0	0	0	2	0	1002
14357.5	0	0	0	2	0	1002
14362.5	0	0	0	2	0	1002
14367.5	0	0	0	2	0	1002
14372.5	0	0	0	2	0	1002
14377.5	0	0	0	2	0	1002
14382.5	0	0	0	2	0	1002
14387.5	0	0	0	2	0	1002
14392.5	0	0	0	2	0	1002
14397.5	0	0	0	2	0	1002
14402.5	0	0	0	2	0	1002
14407.5	0	0	0	2	0	1002
14412.5	0	0	0	2	0	1002
14417.5	0	0	0	2	0	1002
14422.5	0	0	0	2	0	1002
14427.5	0	0	0	2	0	1002
14432.5	0	0	1	1	1	1001
14437.5	0	0	0	1	0	1001
14442.5	0	0	0	1	0	1001
14447.5	0	0	0	1	0	1001
14452.5	0	0	0	1	0	1001
14457.5	0	0	0	1	0	1001
14462.5	0	0	0	1	0	1001
14467.5	0	0	0	1	0	1001
14472.5	0	0	0	1	0	1001
14477.5	0	0	0	1	0	1001
14482.5	0	0	0	1	0	1001
14487.5	0	0	0	1	0	1001
14492.5	0	0	0	1	0	1001
14497.5	0	0	0	1	0	1001
14502.5	0	0	0	1	0	1001
14507.5	0	0	0	1	0	1001
14512.5	0	0	0	1	0	1001
14517.5	0	0	0	1	0	1001
14522.5	0	0	0	1	0	1001
14527.5	0	0	0	1	0	1001
14532.5	0	0	0	1	0	1001
14537.5	0	0	0	1	0	1001
14542.5	0	0	0	1	0	1001
14547.5	0	0	0	1	0	1001
14552.5	0	0	0	1	0	1001
14557.5	0	0	0	1	0	1001
14562.5	0	0	0	1	0	1001
14567.5	0	0	0	1	0	1001
14572.5	0	0	0	1	0	1001
14577.5	0	0	0	1	0	1001
14582.5	0	0	0	1	0	1001
14587.5	0	0	0	1	0	1001
14592.5	0	0	0	1	0	1001
14597.5	0	0	0	1	0	1001
14602.5	0	0	0	1	0	1001
14607.5	0	0	0	1	0	1001
14612.5	0	0	0	1	0	1001
14617.5	0	0	0	1	0	1001
14622.5	0	0	0	1	0	1001
14627.5	0	0	0	1	0	1001
14632.5	0	0	0	1	0	1001
14637.5	0	0	0	1	0	1001
14642.5	0	0	0	1	0	1001
14647.5	0	0	0	1	0	1001
14652.5	0	0	0	1	0	1001
14657.5	0	0	0	1	0	1001
14662.5	0	0	0	1	0	1001
14667.5	0	0	0	1	0	1001
14672.5	0	0	0	1	0	1001
14677.5	0	0	0	1	0	1001
14682.5	0	0	0	1	0	1001
14687.5	0	0	0	1	0	1001
14692.5	0	0	0	1	0	1001
14697.5	0	0	0	1	0	1001
14702.5	0	0	0	1	0	1001
14707.5	0	0	0	1	0	1001
14712.5	0	0	0	1	0	1001
14717.5	0	0	0	1	0	1001
14722.5	0	0	0	1	0	1001
14727.5	0	0	0	1	0	1001
14732.5	0	0	0	1	0	1001
14737.5	0	0	0	1	0	1001
14742.5	0	0	0	1	0	1001
14747.5	0	0	0	1	0	1001
14752.5	0	0	0	1	0	1001
14757.5	0	0	0	1	0	1001
14762.5	0	0	0	1	0	1001
14767.5	0	0	0	1	0	1001
14772.5	0	0	0	1	0	1001
14777.5	0	0	0	1	0	1001
14782.5	0	0	0	1	0	1001
14787.5	0	0	0	1	0	1001
14792.5	0	0	0	1	0	1001
14797.5	0	0	0	1	0	1001
14802.5	0	0	0	1	0	1001
14807.5	0	0	0	1	0	1001
14812.5	0	0	0	1	0	1001
14817.5	0	0	0	1	0	1001
14822.5	0	0	0	1	0	1001
14827.5	0	0	0	1	0	1001
14832.5	0	0	0	1	0	1001
14837.5	0	0	0	1	0	1001
14842.5	0	0	0	1	0	1001
14847.5	0	0	0	1	0	1001
14852.5	0	0	0	1	0	1001
14857.5	0	0	0	1	0	1001
14862.5	0	0	0	1	0	1001
14867.5	0	0	0	1	0	1001
14872.5	0	0	0	1	0	1001
14877.5	0	0	0	1	0	1001
14882.5	0	0	0	1	0	1001
14887.5	0	0	0	1	0	1001
14892.5	0	0	0	1	0	1001
14897.5	0	0	0	1	0	1001
14902.5	0	0	0	1	0	1001
14907.5	0	0	0	1	0	1001
14912.5	0	0	0	1	0	1001
14917.5	0	0	0	1	0	1001
14922.5	0	0	0	1	0	1001
14927.5	0	0	0	1	0	1001
14932.5	0	0	0	1	0	1001
14937.5	0	0	0	1	0	1001
14942.5	0	0	0	1	0	1001
14947.5	0	0	0	1	0	1001
14952.5	0	0	0	1	0	1001
14957.5	0	0	0	1	0	1001
14962.5	0	0	0	1	0	1001
14967.5	0	0	0	1	0	1001
14972.5	0	0	0	1	0	1001
14977.5	0	0	0	1	0	1001
14982.5	0	0	0	1	0	1001
14987.5	0	0	0	1	0	1001
14992.5	0	0	0	1	0	1001
14997.5	0	0	0	1	0	1001
15002.5	0	0	0	1	0	1001
15007.5	0	0	0	1	0	1001
15012.5	0	0	0	1	0	1001
15017.5	0	0	0	1	0	1001
15022.5	0	0	0	1	0	1001
15027.5	0	0	0	1	0	1001
15032.5	0	0	0	1	0	1001
15037.5	0	0	0	1	0	1001
15042.5	0	0	0	1	0	1001
15047.5	0	0	0	1	0	1001
15052.5	0	0	0	1	0	1001
15057.5	0	0	0	1	0	1001
15062.5	0	0	0	1	0	1001
15067.5	0	0	0	1	0	1001
15072.5	0	0	0	1	0	1001
15077.5	0	0	0	1	0	1001
15082.5	0	0	0	1	0	1001
15087.5	0	0	0	1	0	1001
15092.5	0	0	0	1	0	1001
15097.5	0	0	0	1	0	1001
15102.5	0	0	0	1	0	1001
15107.5	0	0	0	1	0	1001
15112.5	0	0	0	1	0	1001
15117.5	0	0	0	1	0	1001
15122.5	0	0	0	1	0	1001
15127.5	0	0	0	1	0	1001
15132.5	0	0	0	1	0	1001
15137.5	0	0	0	1	0	1001
15142.5	0	0	0	1	0	1001
15147.5	0	0	0	1	0	1001
15152.5	0	0	0	1	0	1001
15157.5	0	0	0	1	0	1001
15162.5	0	0	0	1	0	1001
15167.5	0	0	0	1	0	1001
15172.5	0	0	0	1	0	1001
15177.5	0	0	0	1	0	1001
15182.5	0	0	0	1	0	1001
15187.5	0	0	0	1	0	1001
15192.5	0	0	0	1	0	1001
15197.5	0	0	0	1	0	1001
15202.5	0	0	0	1	0	1001
15207.5	0	0	0	1	0	1001
15212.5	0	0	0	1	0	1001
15217.5	0	0	0	1	0	1001
15222.5	0	0	0	1	0	1001
15227.5	0	0	0	1	0	1001
15232.5	0	0	0	1	0	1001
15237.5	0	0	0	1	0	1001
15242.5	0	0	0	1	0	1001
15247.5	0	0	0	1	0	1001
15252.5	0	0	0	1	0	1001
15257.5	0	0	0	1	0	1001
15262.5	0	0	0	1	0	1001
15267.5	0	0	0	1	0	1001
15272.5	0	0	0	1	0	1001
15277.5	0	0	0	1	0	1001
15282.5	0	0	0	1	0	1001
15287.5	0	0	0	1	0	1001
15292.5	0	0	0	1	0	1001
15297.5	0	0	0	1	0	1001
15302.5	0	0	0	1	0	1001
15307.5	0	0	0	1	0	1001
15312.5	0	0	0	1	0	1001
15317.5	0	0	0	1	0	1001
15322.5	0	0	0	1	0	1001
15327.5	0	0	0	1	0	1001
15332.5	0	0	0	1	0	1001
15337.5	0	0	0	1	0	1001
15342.5	0	0	0	1	0	1001
15347.5	0	0	0	1	0	1001
15352.5	0	0	0	1	0	1001
15357.5	0	0	0	1	0	1001
15362.5	0	0	0	1	0	1001
15367.5	0	0	0	1	0	1001
15372.5	0	0	0	1	0	1001
15377.5	0	0	0	1	0	1001
15382.5	0	0	0	1	0	1001
15387.5	0	0	0	1	0	1001
15392.5	0	0	0	1	0	1001
15397.5	0	0	0	1	0	1001
15402.5	0	0	0	1	0	1001
15407.5	0	0	0	1	0	1001
15412.5	0	0	0	1	0	1001
15417.5	0	0	0	1	0	1001
15422.5	0	0	0	1	0	1001
15427.5	0	0	0	1	0	1001
15432.5	0	0	0	1	0	1001
15437.5	0	0	0	1	0	1001
15442.5	0	0	0	1	0	1001
15447.5	0	0	0	1	0	1001
15452.5	0	0	0	1	0	1001
15457.5	0	0	0	1	0	1001
15462.5	0	0	0	1	0	1001
15467.5	0	0	0	1	0	1001
15472.5	0	0	0	1	0	1001
15477.5	0	0	0	1	0	1001
15482.5	0	0	0	1	0	1001
15487.5	0	0	0	1	0	1001
15492.5	0	0	0	1	0	1001
15497.5	0	0	0	1	0	1001
15502.5	0	0	0	1	0	1001
15507.5	0	0	0	1	0	1001
15512.5	0	0	0	1	0	1001
15517.5	0	0	0	1	0	1001
15522.5	0	0	0	1	0	1001
15527.5	0	0	0	1	0	1001
15532.5	0	0	0	1	0	1001
15537.5	0	0	0	1	0	1001
15542.5	0	0	0	1	0	1001
15547.5	0	0	0	1	0	1001
15552.5	0	0	0	1	0	1001
15557.5	0	0	0	1	0	1001
15562.5	0	0	0	1	0	1001
15567.5	0	0	0	1	0	1001
15572.5	0	0	0	1	0	1001
15577.5	0	0	0	1	0	1001
15582.5	0	0	0	1	0	1001
15587.5	0	0	0	1	0	1001
15592.5	0	0	0	1	0	1001
15597.5	0	0	0	1	0	1001
15602.5	0	0	0	1	0	1001
15607.5	0	0	0	1	0	1001
15612.5	0	0	0	1	0	1001
15617.5	0	0	0	1	0	1001
15622.5	0	0	0	1	0	1001
15627.5	0	0	0	1	0	1001
15632.5	0	0	0	1	0	1001
15637.5	0	0	0	1	0	1001
15642.5	0	0	0	1	0	1001
15647.5	0	0	0	1	0	1001
15652.5	0	0	0	1	0	1001
15657.5	0	0	0	1	0	1001
15662.5	0	0	0	1	0	1001
15667.5	0	0	0	1	0	1001
15672.5	0	0	0	1	0	1001
15677.5	0	0	0	1	0	1001
15682.5	0	0	0	1	0	1001
15687.5	0	0	0	1	0	1001
15692.5	0	0	0	1	0	1001
15697.5	0	0	0	1	0	1001
15702.5	0	0	0	1	0	1001
15707.5	0	0	0	1	0	1001
15712.5	0	0	0	1	0	1001
15717.5	0	0	0	1	0	1001
15722.5	0	0	0	1	0	1001
15727.5	0	0	0	1	0	1001
15732.5	0	0	0	1	0	1001
15737.5	0	0	0	1	0	1001
15742.5	0	0	0	1	0	1001
15747.5	0	0	0	1	0	1001
15752.5	0	0	0	1	0	1001
15757.5	0	0	0	1	0	1001
15762.5	0	0	0	1	0	1001
15767.5	0	0	0	1	0	1001
15772.5	0	0	0	1	0	1001
15777.5	0	0	0	1	0	1001
15782.5	0	0	0	1	0	1001
15787.5	0	0	0	1	0	1001
15792.5	0	0	0	1	0	1001
15797.5	0	0	0	1	0	1001
15802.5	0	0	0	1	0	1001
15807.5	0	0	0	1	0	1001
15812.5	0	0	0	1	0	1001
15817.5	0	0	0	1	0	1001
15822.5	0	0	0	1	0	1001
15827.5	0	0	0	1	0	1001
15832.5	0	0	0	1	0	1001
15837.5	0	0	0	1	0	1001
15842.5	0	0	0	1	0	1001
15847.5	0	0	0	1	0	1001
15852.5	0	0	0	1	0	1001
15857.5	0	0	0	1	0	1001
15862.5	0	0	0	1	0	1001
15867.5	0	0	0	1	0	1001
15872.5	0	0	0	1	0	1001
15877.5	0	0	0	1	0	1001
15882.5	0	0	0	1	0	1001
15887.5	0	0	0	1	0	1001
15892.5	0	0	0	1	0	1001
15897.5	0	0	0	1	0	1001
15902.5	0	0	0	1	0	1001
15907.5	0	0	0	1	0	1001
15912.5	0	0	0	1	0	1001
15917.5	0	0	0	1	0	1001
15922.5	0	0	0	1	0	1001
15927.5	0	0	0	1	0	1001
15932.5	0	0	0	1	0	1001
15937.5	0	0	0	1	0	1001
15942.5	0	0	0	1	0	1001
15947.5	0	0	0	1	0	1001
15952.5	0	0	0	1	0	1001
15957.5	0	0	0	1	0	1001
15962.5	0	0	0	1	0	1001
15967.5	0	0	0	1	0	1001
15972.5	0	0	0	1	0	1001
15977.5	0	0	0	1	0	1001
15982.5	0	0	0	1	0	1001
15987.5	0	0	0	1	0	1001
15992.5	0	0	0	1	0	1001
15997.5	0	0	0	1	0	1001
16002.5	0	0	0	1	0	1001
16007.5	0	0	0	1	0	1001
16012.5	0	0	0	1	0	1001
16017.5	0	0	0	1	0	1001
16022.5	0	0	0	1	0	1001
16027.5	0	0	0	1	0	1001
16032.5	0	0	0	1	0	1001
16037.5	0	0	0	1	0	1001
16042.5	0	0	0	1	0	1001
16047.5	0	0	0	1	0	1001
16052.5	0	0	0	1	0	1001
16057.5	0	0	0	1	0	1001
16062.5	0	0	0	1	0	1001
16067.5	0	0	0	1	0	1001
16072.5	0	0	0	1	0	1001
16077.5	0	0	0	1	0	1001
16082.5	0	0	0	1	0	1001
16087.5	0	0	0	1	0	1001
16092.5	0	0	0	1	0	1001
16097.5	0	0	0	1	0	1001
16102.5	0	0	0	1	0	1001
16107.5	0	0	0	1	0	1001
16112.5	0	0	0	1	0	1001
16117.5	0	0	0	1	0	1001
16122.5	0	0	0	1	0	1001
16127.5	0	0	0	1	0	1001
16132.5	0	0	0	1	0	1001
16137.5	0	0	0	1	0	1001
16142.5	0	0	0	1	0	1001
16147.5	0	0	0	1	0	1001
16152.5	0	0	0	1	0	1001
16157.5	0	0	0	1	0	1001
16162.5	0	0	0	1	0	1001
16167.5	0	0	0	1	0	1001
16172.5	0	0	0	1	0	1001
16177.5	0	0	0	1	0	1001
16182.5	0	0	0	1	0	1001
16187.5	0	0	0	1	0	1001
16192.5	0	0	0	1	0	1001
16197.5	0	0	0	1	0	1001
16202.5	0	0	0	1	0	1001
16207.5	0	0	0	1	0	1001
16212.5	0	0	0	1	0	1001
16217.5	0	0	0	1	0	1001
16222.5	0	0	0	1	0	1001
16227.5	0	0	0	1	0	1001
16232.5	0	0	0	1	0	1001
16237.5	0	0	0	1	0	1001
16242.5	0	0	0	1	0	1001
16247.5	0	0	0	1	0	1001
16252.5	0	0	0	1	0	1001
16257.5	0	0	0	1	0	1001
16262.5	0	0	0	1	0	1001
16267.5	0	0	0	1	0	1001
16272.5	0	0	0	1	0	1001
16277.5	0	0	0	1	0	1001
16282.5	0	0	0	1	0	1001
16287.5	0	0	0	1	0	1001
16292.5	0	0	0	1	0	1001
16297.5	0	0	0	1	0	1001
16302.5	0	0	0	1	0	1001
16307.5	0	0	0	1	0	1001
16312.5	0	0	0	1	0	1001
16317.5	0	0	0	1	0	1001
16322.5	0	0	0	1	0	1001
16327.5	0	0	0	1	0	1001
16332.5	0	0	0	1	0	1001
16337.5	0	0	0	1	0	1001
16342.5	0	0	0	1	0	1001
16347.5	0	0	0	1	0	1001
16352.5	0	0	0	1	0	1001
16357.5	0	0	0	1	0	1001
16362.5	0	0	0	1	0	1001
16367.5	0	0	0	1	0	1001
16372.5	0	0	0	1	0	1001
16377.5	0	0	0	1	0	1001
16382.5	0	0	0	1	0	1001
16387.5	0	0	0	1	0	1001
16392.5	0	0	0	1	0	1001
16397.5	0	0	0	1	0	1001
16402.5	0	0	0	1	0	1001
16407.5	0	0	0	1	0	1001
16412.5	0	0	0	1	0	1001
16417.5	0	0	0	1	0	1001
16422.5	0	0	0	1	0	1001
16427.5	0	0	0	1	0	1001
16432.5	0	0	0	1	0	1001
16437.5	0	0	0	1	0	1001
16442.5	0	0	0	1	0	1001
16447.5	0	0	0	1	0	1001
16452.5	0	0	0	1	0	1001
16457.5	0	0	0	1	0	1001
16462.5	0	0	0	1	0	1001
16467.5	0	0	0	1	0	1001
16472.5	0	0	0	1	0	1001
16477.5	0	0	0	1	0	1001
16482.5	0	0	0	1	0	1001
16487.5	0	0	0	1	0	1001
16492.5	0	0	0	1	0	1001
16497.5	0	0	0	1	0	1001
16502.5	0	0	0	1	0	1001
16507.5	0	0	1	0	1	1000
16512.5	0	0	0	0	0	1000
16517.5	0	0	0	0	0	1000
16522.5	0	0	0	0	0	1000
16527.5	0	0	0	0	0	1000
16532.5	0	0	0	0	0	1000
16537.5	0	0	0	0	0	1000
16542.5	0	0	0	0	0	1000
16547.5	0	0	0	0	0	1000
16552.5	0	0	0	0	0	1000
16557.5	0	0	0	0	0	1000
16562.5	0	0	0	0	0	1000
16567.5	0	0	0	0	0	1000
16572.5	0	0	0	0	0	1000
16577.5	0	0	0	0	0	1000
16582.5	0	0	0	0	0	1000
16587.5	0	0	0	0	0	1000
16592.5	0	0	0	0	0	1000
16597.5	0	0	0	0	0	1000
16602.5	0	0	0	0	0	1000
16607.5	0	0	0	0	0	1000
16612.5	0	0	0	0	0	1000
16617.5	0	0	0	0	0	1000
16622.5	0	0	0	0	0	1000
16627.5	0	0	0	0	0	1000
16632.5	0	0	0	0	0	1000
16637.5	0	0	0	0	0	1000
16642.5	0	0	0	0	0	1000
16647.5	0	0	0	0	0	1000
16652.5	0	0	0	0	0	1000
16657.5	0	0	0	0	0	1000
16662.5	0	0	0	0	0	1000
16667.5	0	0	0	0	0	1000
16672.5	0	0	0	0	0	1000
16677.5	0	0	0	0	0	1000
16682.5	0	0	0	0	0	1000
16687.5	0	0	0	0	0	1000
16692.5	0	0	0	0	0	1000
16697.5	0	0	0	0	0	1000
16702.5	0	0	0	0	0	1000
16707.5	0	0	0	0	0	1000
16712.5	0	0	0	0	0	1000
16717.5	0	0	0	0	0	1000
16722.5	0	0	0	0	0	1000
16727.5	0	0	0	0	0	1000
16732.5	0	0	0	0	0	1000
16737.5	0	0	0	0	0	1000
16742.5	0	0	0	0	0	1000
16747.5	0	0	0	0	0	1000
16752.5	0	0	0	0	0	1000
16757.5	0	0	0	0	0	1000
16762.5	0	0	0	0	0	1000
16767.5	0	0	0	0	0	1000
16772.5	0	0	0	0	0	1000
16777.5	0	0	0	0	0	1000
16782.5	0	0	0	0	0	1000
16787.5	0	0	0	0	0	1000
16792.5	0	0	0	0	0	1000
16797.5	0	0	0	0	0	1000
16802.5	0	0	0	0	0	1000
16807.5	0	0	0	0	0	1000
16812.5	0	0	0	0	0	1000
16817.5	0	0	0	0	0	1000
16822.5	0	0	0	0	0	1000
16827.5	0	0	0	0	0	1000
16832.5	0	0	0	0	0	1000
16837.5	0	0	0	0	0	1000
16842.5	0	0	0	0	0	1000
16847.5	0	0	0	0	0	1000
16852.5	0	0	0	0	0	1000
16857.5	0	0	0	0	0	1000
16862.5	0	0	0	0	0	1000
16867.5	0	0	0	0	0	1000
16872.5	0	0	0	0	0	1000
16877.5	0	0	0	0	0	1000
16882.5	0	0	0	0	0	1000
16887.5	0	0	0	0	0	1000
16892.5	0	0	0	0	0	1000
16897.5	0	0	0	0	0	1000
16902.5	0	0	0	0	0	1000
16907.5	0	0	0	0	0	1000
16912.5	0	0	0	0	0	1000
16917.5	0	0	0	0	0	1000
16922.5	0	0	0	0	0	1000
16927.5	0	0	0	0	0	1000
16932.5	0	0	0	0	0	1000
16937.5	0	0	0	0	0	1000
16942.5	0	0	0	0	0	1000
16947.5	0	0	0	0	0	1000
16952.5	0	0	0	0	0	1000
16957.5	0	0	0	0	0	1000
16962.5	0	0	0	0	0	1000
16967.5	0	0	0	0	0	1000
16972.5	0	0	0	0	0	1000
16977.5	0	0	0	0	0	1000
16982.5	0	0	0	0	0	1000
16987.5	0	0	0	0	0	1000
16992.5	0	0	0	0	0	1000
16997.5	0	0	0	0	0	1000
17002.5	0	0	0	0	0	1000
17007.5	0	0	0	0	0	1000
17012.5	0	0	0	0	0	1000
17017.5	0	0	0	0	0	1000
17022.5	0	0	0	0	0	1000
17027.5	0	0	0	0	0	1000
17032.5	0	0	0	0	0	1000
17037.5	0	0	0	0	0	1000
17042.5	0	0	0	0	0	1000
17047.5	0	0	0	0	0	1000
17052.5	0	0	0	0	0	1000
17057.5	0	0	0	0	0	1000
17062.5	0	0	0	0	0	1000
17067.5	0	0	0	0	0	1000
17072.5	0	0	0	0	0	1000
17077.5	0	0	0	0	0	1000
17082.5	0	0	0	0	0	1000
17087.5	0	0	0	0	0	1000
17092.5	0	0	0	0	0	1000
17097.5	0	0	0	0	0	1000
17102.5	0	0	0	0	0	1000
17107.5	0	0	0	0	0	1000
17112.5	0	0	0	0	0	1000
17117.5	0	0	0	0	0	1000
17122.5	0	0	0	0	0	1000
17127.5	0	0	0	0	0	1000
17132.5	0	0	0	0	0	1000
17137.5	0	0	0	0	0	1000
17142.5	0	0	0	0	0	1000
17147.5	0	0	0	0	0	1000
17152.5	0	0	0	0	0	1000
17157.5	0	0	0	0	0	1000
17162.5	0	0	0	0	0	1000
17167.5	0	0	0	0	0	1000
17172.5	0	0	0	0	0	1000
17177.5	0	0	0	0	0	1000
17182.5	0	0	0	0	0	1000
17187.5	0	0	0	0	0	1000
17192.5	0	0	0	0	0	1000
17197.5	0	0	0	0	0	1000
17202.5	0	0	0	0	0	1000
17207.5	0	0	0	0	0	1000
17212.5	0	0	0	0	0	1000
17217.5	0	0	0	0	0	1000
17222.5	0	0	0	0	0	1000
17227.5	0	0	0	0	0	1000
17232.5	0	0	0	0	0	1000
17237.5	0	0	0	0	0	1000
17242.5	0	0	0	0	0	1000
17247.5	0	0	0	0	0	1000
17252.5	0	0	0	0	0	1000
17257.5	0	0	0	0	0	1000
17262.5	0	0	0	0	0	1000
17267.5	0	0	0	0	0	1000
17272.5	0	0	0	0	0	1000
17277.5	0	0	0	0	0	1000
17282.5	0	0	0	0	0	1000
17287.5	0	0	0	0	0	1000
17292.5	0	0	0	0	0	1000
17297.5	0	0	0	0	0	1000
17302.5	0	0	0	0	0	1000
17307.5	0	0	0	0	0	1000
17312.5	0	0	0	0	0	1000
17317.5	0	0	0	0	0	1000
17322.5	0	0	0	0	0	1000
17327.5	0	0	0	0	0	1000
17332.5	0	0	0	0	0	1000
17337.5	0	0	0	0	0	1000
17342.5	0	0	0	0	0	1000
17347.5	0	0	0	0	0	1000
17352.5	0	0	0	0	0	1000
17357.5	0	0	0	0	0	1000
17362.5	0	0	0	0	0	1000
17367.5	0	0	0	0	0	1000
17372.5	0	0	0	0	0	1000
17377.5	0	0	0	0	0	1000
17382.5	0	0	0	0	0	1000
17387.5	0	0	0	0	0	1000
17392.5	0	0	0	0	0	1000
17397.5	0	0	0	0	0	1000
17402.5	0	0	0	0	0	1000
17407.5	0	0	0	0	0	1000
17412.5	0	0	0	0	0	1000
17417.5	0	0	0	0	0	1000
17422.5	0	0	0	0	0	1000
17427.5	0	0	0	0	0	1000
17432.5	0	0	0	0	0	1000
17437.5	0	0	0	0	0	1000
17442.5	0	0	0	0	0	1000
17447.5	0	0	0	0	0	1000
17452.5	0	0	0	0	0	1000
17457.5	0	0	0	0	0	1000
17462.5	0	0	0	0	0	1000
17467.5	0	0	0	0	0	1000
17472.5	0	0	0	0	0	1000
17477.5	0	0	0	0	0	1000
17482.5	0	0	0	0	0	1000
17487.5	0	0	0	0	0	1000
17492.5	0	0	0	0	0	1000
17497.5	0	0	0	0	0	1000
17502.5	0	0	0	0	0	1000
17507.5	0	0	0	0	0	1000
17512.5	0	0	0	0	0	1000
17517.5	0	0	0	0	0	1000
17522.5	0	0	0	0	0	1000
17527.5	0	0	0	0	0	1000
17532.5	0	0	0	0	0	1000
17537.5	0	0	0	0	0	1000
17542.5	0	0	0	0	0	1000
17547.5	0	0	0	0	0	1000
17552.5	0	0	0	0	0	1000
17557.5	0	0	0	0	0	1000
17562.5	0	0	0	0	0	1000
17567.5	0	0	0	0	0	1000
17572.5	0	0	0	0	0	1000
17577.5	0	0	0	0	0	1000
17582.5	0	0	0	0	0	1000
17587.5	0	0	0	0	0	1000
17592.5	0	0	0	0	0	1000
17597.5	0	0	0	0	0	1000
17602.5	0	0	0	0	0	1000
17607.5	0	0	0	0	0	1000
17612.5	0	0	0	0	0	1000
17617.5	0	0	0	0	0	1000
17622.5	0	0	0	0	0	1000
17627.5	0	0	0	0	0	1000
17632.5	0	0	0	0	0	1000
17637.5	0	0	0	0	0	1000
17642.5	0	0	0	0	0	1000
17647.5	0	0	0	0	0	1000
17652.5	0	0	0	0	0	1000
17657.5	0	0	0	0	0	1000
17662.5	0	0	0	0	0	1000
17667.5	0	0	0	0	0	1000
17672.5	0	0	0	0	0	1000
17677.5	0	0	0	0	0	1000
17682.5	0	0	0	0	0	1000
17687.5	0	0	0	0	0	1000
17692.5	0	0	0	0	0	1000
17697.5	0	0	0	0	0	1000
17702.5	0	0	0	0	0	1000
17707.5	0	0	0	0	0	1000
17712.5	0	0	0	0	0	1000
17717.5	0	0	0	0	0	1000
17722.5	0	0	0	0	0	1000
17727.5	0	0	0	0	0	1000
17732.5	0	0	0	0	0	1000
17737.5	0	0	0	0	0	1000
17742.5	0	0	0	0	0	1000
17747.5	0	0	0	0	0	1000
17752.5	0	0	0	0	0	1000
17757.5	0	0	0	0	0	1000
17762.5	0	0	0	0	0	1000
17767.5	0	0	0	0	0	1000
17772.5	0	0	0	0	0	1000
17777.5	0	0	0	0	0	1000
17782.5	0	0	0	0	0	1000
17787.5	0	0	0	0	0	1000
17792.5	0	0	0	0	0	1000
17797.5	0	0	0	0	0	1000
17802.5	0	0	0	0	0	1000
17807.5	0	0	0	0	0	1000
17812.5	0	0	0	0	0	1000
17817.5	0	0	0	0	0	1000
17822.5	0	0	0	0	0	1000
17827.5	0	0	0	0	0	1000
17832.5	0	0	0	0	0	1000
17837.5	0	0	0	0	0	1000
17842.5	0	0	0	0	0	1000
17847.5	0	0	0	0	0	1000
17852.5	0	0	0	0	0	1000
17857.5	0	0	0	0	0	1000
17862.5	0	0	0	0	0	1000
17867.5	0	0	0	0	0	1000
17872.5	0	0	0	0	0	1000
17877.5	0	0	0	0	0	1000
17882.5	0	0	0	0	0	1000
17887.5	0	0	0	0	0	1000
17892.5	0	0	0	0	0	1000
17897.5	0	0	0	0	0	1000
17902.5	0	0	0	0	0	1000
17907.5	0	0	0	0	0	1000
17912.5	0	0	0	0	0	1000
17917.5	0	0	0	0	0	1000
17922.5	0	0	0	0	0	1000
17927.5	0	0	0	0	0	1000
17932.5	0	0	0	0	0	1000
17937.5	0	0	0	0	0	1000
17942.5	0	0	0	0	0	1000
17947.5	0	0	0	0	0	1000
17952.5	0	0	0	0	0	1000
17957.5	0	0	0	0	0	1000
17962.5	0	0	0	0	0	1000
17967.5	0	0	0	0	0	1000
17972.5	0	0	0	0	0	1000
17977.5	0	0	0	0	0	1000
17982.5	0	0	0	0	0	1000
17987.5	0	0	0	0	0	1000
17992.5	0	0	0	0	0	1000
17997.5	0	0	0	0	0	1000
