0 0 0 22.6 39.1443
0 0.225725 0.390477 22.545 38.9513
0.01 0.450902 0.779028 22.4905 38.7591
0.02 0.675535 1.16566 22.4362 38.5678
0.03 0.899628 1.55039 22.3824 38.3773
0.04 1.12318 1.93321 22.3289 38.1877
0.05 1.34621 2.31414 22.2758 37.9989
0.06 1.5687 2.69319 22.223 37.811
0.07 1.79067 3.07037 22.1706 37.624
0.08 2.01211 3.44567 22.1185 37.4377
0.09 2.23304 3.81912 22.0668 37.2523
0.1 2.45345 4.19072 22.0154 37.0676
0.11 2.67335 4.56048 21.9643 36.8838
0.12 2.89274 4.9284 21.9136 36.7008
0.13 3.11162 5.2945 21.8633 36.5186
0.14 3.33 5.65878 21.8132 36.3371
0.15 3.54789 6.02124 21.7635 36.1564
0.16 3.76527 6.38191 21.7142 35.9765
0.17 3.98217 6.74077 21.6651 35.7973
0.18 4.19858 7.09785 21.6164 35.6189
0.19 4.4145 7.45316 21.568 35.4412
0.2 4.62994 7.80668 21.5199 35.2643
0.21 4.8449 8.15844 21.4721 35.0881
0.22 5.05938 8.50845 21.4246 34.9126
0.23 5.27339 8.8567 21.3774 34.7379
0.24 5.48693 9.20321 21.3306 34.5638
0.25 5.7 9.54798 21.284 34.3905
0.26 5.91261 9.89102 21.2377 34.2179
0.27 6.12476 10.2323 21.1918 34.0459
0.28 6.33645 10.5719 21.1461 33.8747
0.29 6.54768 10.9098 21.1007 33.7041
0.3 6.75846 11.246 21.0557 33.5342
0.31 6.9688 11.5805 21.0109 33.3649
0.32 7.17868 11.9133 20.9664 33.1964
0.33 7.38812 12.2444 20.9221 33.0284
0.34 7.59713 12.5739 20.8782 32.8612
0.35 7.80569 12.9017 20.8345 32.6946
0.36 8.01382 13.2278 20.7911 32.5286
0.37 8.22151 13.5522 20.748 32.3632
0.38 8.42878 13.8751 20.7052 32.1985
0.39 8.63562 14.1962 20.6626 32.0344
0.4 8.84203 14.5157 20.6203 31.8709
0.41 9.04802 14.8336 20.5783 31.708
0.42 9.2536 15.1499 20.5365 31.5458
0.43 9.45875 15.4646 20.495 31.3841
0.44 9.6635 15.7776 20.4537 31.223
0.45 9.86783 16.089 20.4127 31.0625
0.46 10.0718 16.3988 20.372 30.9026
0.47 10.2753 16.7071 20.3315 30.7433
0.48 10.4784 17.0137 20.2913 30.5846
0.49 10.6811 17.3188 20.2513 30.4264
0.5 10.8834 17.6222 20.2116 30.2688
0.51 11.0853 17.9241 20.1721 30.1118
0.52 11.2869 18.2245 20.1328 29.9553
0.53 11.488 18.5233 20.0938 29.7993
0.54 11.6887 18.8205 20.055 29.6439
0.55 11.8891 19.1161 20.0165 29.4891
0.56 12.0891 19.4103 19.9782 29.3348
0.57 12.2887 19.7028 19.9402 29.181
0.58 12.4879 19.9939 19.9023 29.0277
0.59 12.6867 20.2834 19.8647 28.875
0.6 12.8852 20.5714 19.8274 28.7228
0.61 13.0832 20.8578 19.7902 28.5711
0.62 13.281 21.1428 19.7533 28.4199
0.63 13.4783 21.4262 19.7167 28.2692
0.64 13.6753 21.7082 19.6802 28.119
0.65 13.8719 21.9886 19.6439 27.9693
0.66 14.0682 22.2676 19.6079 27.8201
0.67 14.2641 22.545 19.5721 27.6714
0.68 14.4596 22.821 19.5365 27.5231
0.69 14.6548 23.0955 19.5011 27.3754
0.7 14.8496 23.3685 19.466 27.2281
0.71 15.0441 23.6401 19.431 27.0813
0.72 15.2383 23.9101 19.3963 26.935
0.73 15.4321 24.1788 19.3618 26.7891
0.74 15.6255 24.4459 19.3274 26.6437
0.75 15.8186 24.7116 19.2933 26.4988
0.76 16.0114 24.9759 19.2594 26.3543
0.77 16.2038 25.2387 19.2257 26.2102
0.78 16.3959 25.5001 19.1922 26.0666
0.79 16.5876 25.7601 19.1588 25.9234
0.8 16.7791 26.0186 19.1257 25.7807
0.81 16.9702 26.2757 19.0928 25.6384
0.82 17.1609 26.5313 19.0601 25.4965
0.83 17.3514 26.7856 19.0275 25.3551
0.84 17.5415 27.0384 18.9952 25.2141
0.85 17.7313 27.2899 18.963 25.0735
0.86 17.9207 27.5399 18.9311 24.9333
0.87 18.1099 27.7886 18.8993 24.7935
0.88 18.2987 28.0358 18.8677 24.6542
0.89 18.4872 28.2816 18.8363 24.5152
0.9 18.6754 28.5261 18.8051 24.3767
0.91 18.8633 28.7692 18.774 24.2385
0.92 19.0509 29.0109 18.7432 24.1008
0.93 19.2382 29.2512 18.7125 23.9634
0.94 19.4252 29.4901 18.682 23.8264
0.95 19.6118 29.7277 18.6517 23.6898
0.96 19.7982 29.9639 18.6215 23.5536
0.97 19.9843 30.1988 18.5916 23.4178
0.98 20.17 30.4323 18.5618 23.2823
0.99 20.3555 30.6644 18.5322 23.1473
1 20.5407 30.8952 18.5027 23.0126
1.01 20.7256 31.1247 18.4734 22.8782
1.02 20.9102 31.3528 18.4443 22.7442
1.03 21.0945 31.5796 18.4154 22.6106
1.04 21.2785 31.805 18.3866 22.4774
1.05 21.4622 32.0291 18.358 22.3445
1.06 21.6456 32.2519 18.3295 22.2119
1.07 21.8288 32.4734 18.3012 22.0797
1.08 22.0116 32.6935 18.2731 21.9479
1.09 22.1942 32.9123 18.2452 21.8164
1.1 22.3766 33.1298 18.2174 21.6852
1.11 22.5586 33.346 18.1897 21.5543
1.12 22.7403 33.5609 18.1622 21.4239
1.13 22.9218 33.7745 18.1349 21.2937
1.14 23.103 33.9868 18.1077 21.1639
1.15 23.284 34.1978 18.0807 21.0343
1.16 23.4647 34.4075 18.0538 20.9052
1.17 23.6451 34.6159 18.0271 20.7763
1.18 23.8252 34.823 18.0006 20.6478
1.19 24.0051 35.0288 17.9741 20.5195
1.2 24.1847 35.2334 17.9479 20.3916
1.21 24.364 35.4367 17.9218 20.264
1.22 24.5431 35.6387 17.8958 20.1367
1.23 24.722 35.8394 17.87 20.0098
1.24 24.9005 36.0389 17.8443 19.8831
1.25 25.0788 36.2371 17.8188 19.7567
1.26 25.2569 36.434 17.7934 19.6306
1.27 25.4347 36.6297 17.7681 19.5048
1.28 25.6123 36.8241 17.743 19.3793
1.29 25.7896 37.0173 17.7181 19.2541
1.3 25.9666 37.2092 17.6932 19.1292
1.31 26.1434 37.3999 17.6685 19.0046
1.32 26.32 37.5893 17.644 18.8803
1.33 26.4963 37.7775 17.6196 18.7562
1.34 26.6724 37.9644 17.5953 18.6324
1.35 26.8482 38.1501 17.5712 18.5089
1.36 27.0238 38.3346 17.5471 18.3857
1.37 27.1992 38.5178 17.5233 18.2627
1.38 27.3743 38.6998 17.4995 18.1401
1.39 27.5492 38.8806 17.4759 18.0176
1.4 27.7238 39.0602 17.4524 17.8955
1.41 27.8982 39.2385 17.4291 17.7736
1.42 28.0724 39.4157 17.4058 17.652
1.43 28.2463 39.5916 17.3827 17.5306
1.44 28.42 39.7663 17.3598 17.4095
1.45 28.5935 39.9398 17.3369 17.2887
1.46 28.7668 40.1121 17.3142 17.1681
1.47 28.9398 40.2831 17.2916 17.0477
1.48 29.1126 40.453 17.2691 16.9276
1.49 29.2852 40.6217 17.2468 16.8078
1.5 29.4575 40.7892 17.2245 16.6882
1.51 29.6297 40.9555 17.2024 16.5688
1.52 29.8016 41.1206 17.1804 16.4497
1.53 29.9733 41.2845 17.1585 16.3308
1.54 30.1448 41.4472 17.1368 16.2122
1.55 30.316 41.6087 17.1152 16.0938
1.56 30.4871 41.769 17.0936 15.9756
1.57 30.6579 41.9282 17.0722 15.8577
1.58 30.8285 42.0862 17.0509 15.7399
1.59 30.9989 42.243 17.0298 15.6225
1.6 31.1691 42.3986 17.0087 15.5052
1.61 31.3391 42.5531 16.9878 15.3882
1.62 31.5089 42.7064 16.9669 15.2713
1.63 31.6784 42.8585 16.9462 15.1547
1.64 31.8478 43.0095 16.9256 15.0384
1.65 32.0169 43.1593 16.9051 14.9222
1.66 32.1859 43.308 16.8847 14.8063
1.67 32.3546 43.4554 16.8644 14.6905
1.68 32.5232 43.6018 16.8442 14.575
1.69 32.6915 43.7469 16.8241 14.4597
1.7 32.8597 43.891 16.8041 14.3446
1.71 33.0276 44.0338 16.7843 14.2297
1.72 33.1953 44.1756 16.7645 14.115
1.73 33.3629 44.3161 16.7449 14.0005
1.74 33.5302 44.4556 16.7253 13.8862
1.75 33.6974 44.5939 16.7058 13.7721
1.76 33.8644 44.731 16.6865 13.6582
1.77 34.0311 44.867 16.6672 13.5445
1.78 34.1977 45.0019 16.6481 13.431
1.79 34.3641 45.1356 16.629 13.3177
1.8 34.5303 45.2683 16.6101 13.2046
1.81 34.6963 45.3997 16.5912 13.0916
1.82 34.8621 45.5301 16.5725 12.9789
1.83 35.0277 45.6593 16.5538 12.8663
1.84 35.1932 45.7874 16.5352 12.7539
1.85 35.3584 45.9144 16.5168 12.6417
1.86 35.5235 46.0402 16.4984 12.5297
1.87 35.6884 46.165 16.4801 12.4179
1.88 35.8531 46.2886 16.4619 12.3063
1.89 36.0176 46.4111 16.4438 12.1948
1.9 36.182 46.5325 16.4258 12.0835
1.91 36.3462 46.6528 16.4079 11.9723
1.92 36.5102 46.7719 16.3901 11.8614
1.93 36.674 46.89 16.3723 11.7506
1.94 36.8376 47.007 16.3547 11.64
1.95 37.0011 47.1228 16.3371 11.5295
1.96 37.1643 47.2376 16.3196 11.4193
1.97 37.3275 47.3512 16.3022 11.3092
1.98 37.4904 47.4637 16.2849 11.1992
1.99 37.6532 47.5752 16.2677 11.0894
2 37.8157 47.6855 16.2506 10.9798
2.01 37.9782 47.7948 16.2336 10.8703
2.02 38.1404 47.9029 16.2166 10.761
2.03 38.3025 48.01 16.1997 10.6519
2.04 38.4644 48.116 16.1829 10.5429
2.05 38.6262 48.2209 16.1662 10.434
2.06 38.7877 48.3247 16.1496 10.3253
2.07 38.9491 48.4274 16.133 10.2168
2.08 39.1104 48.529 16.1165 10.1084
2.09 39.2715 48.6295 16.1001 10.0002
2.1 39.4324 48.729 16.0838 9.89209
2.11 39.5932 48.8274 16.0676 9.78415
2.12 39.7537 48.9247 16.0514 9.67636
2.13 39.9142 49.0209 16.0353 9.56871
2.14 40.0745 49.116 16.0193 9.4612
2.15 40.2346 49.2101 16.0033 9.35383
2.16 40.3945 49.3031 15.9875 9.24661
2.17 40.5543 49.3951 15.9717 9.13952
2.18 40.714 49.4859 15.956 9.03258
2.19 40.8734 49.5757 15.9403 8.92577
2.2 41.0328 49.6644 15.9247 8.81909
2.21 41.1919 49.7521 15.9092 8.71255
2.22 41.3509 49.8387 15.8938 8.60615
2.23 41.5098 49.9242 15.8784 8.49988
2.24 41.6685 50.0087 15.8631 8.39374
2.25 41.8271 50.0921 15.8479 8.28773
2.26 41.9855 50.1744 15.8328 8.18185
2.27 42.1437 50.2557 15.8177 8.0761
2.28 42.3018 50.336 15.8026 7.97047
2.29 42.4598 50.4151 15.7877 7.86497
2.3 42.6176 50.4933 15.7728 7.7596
2.31 42.7752 50.5703 15.758 7.65435
2.32 42.9327 50.6463 15.7432 7.54923
2.33 43.0901 50.7213 15.7285 7.44422
2.34 43.2473 50.7952 15.7139 7.33934
2.35 43.4044 50.8681 15.6993 7.23458
2.36 43.5613 50.9399 15.6848 7.12993
2.37 43.7181 51.0107 15.6703 7.02541
2.38 43.8747 51.0804 15.6559 6.921
2.39 44.0312 51.1491 15.6416 6.81671
2.4 44.1875 51.2168 15.6273 6.71253
2.41 44.3437 51.2834 15.6131 6.60847
2.42 44.4998 51.3489 15.599 6.50453
2.43 44.6557 51.4135 15.5848 6.40069
2.44 44.8115 51.477 15.5708 6.29697
2.45 44.9671 51.5394 15.5568 6.19335
2.46 45.1226 51.6008 15.5429 6.08985
2.47 45.278 51.6612 15.529 5.98646
2.48 45.4332 51.7205 15.5152 5.88317
2.49 45.5883 51.7789 15.5014 5.77999
2.5 45.7432 51.8361 15.4877 5.67692
2.51 45.898 51.8924 15.474 5.57396
2.52 46.0527 51.9476 15.4604 5.4711
2.53 46.2073 52.0018 15.4469 5.36834
2.54 46.3617 52.055 15.4334 5.26569
2.55 46.5159 52.1071 15.4199 5.16314
2.56 46.6701 52.1583 15.4065 5.06069
2.57 46.8241 52.2084 15.3931 4.95834
2.58 46.9779 52.2574 15.3798 4.8561
2.59 47.1317 52.3055 15.3665 4.75395
2.6 47.2852 52.3525 15.3533 4.6519
2.61 47.4387 52.3985 15.3401 4.54995
2.62 47.5921 52.4435 15.327 4.4481
2.63 47.7453 52.4875 15.3139 4.34634
2.64 47.8983 52.5304 15.3009 4.24468
2.65 48.0513 52.5724 15.2879 4.14312
2.66 48.2041 52.6133 15.2749 4.04165
2.67 48.3568 52.6532 15.262 3.94028
2.68 48.5093 52.6921 15.2491 3.839
2.69 48.6618 52.73 15.2363 3.73781
2.7 48.8141 52.7669 15.2235 3.63671
2.71 48.9662 52.8027 15.2108 3.53571
2.72 49.1183 52.8376 15.1981 3.43479
2.73 49.2702 52.8714 15.1854 3.33397
2.74 49.422 52.9043 15.1728 3.23324
2.75 49.5736 52.9361 15.1602 3.1326
2.76 49.7252 52.9669 15.1476 3.03204
2.77 49.8766 52.9967 15.1351 2.93158
2.78 50.0279 53.0255 15.1226 2.8312
2.79 50.179 53.0533 15.1102 2.73091
2.8 50.3301 53.0802 15.0978 2.63071
2.81 50.481 53.106 15.0854 2.53059
2.82 50.6318 53.1308 15.073 2.43056
2.83 50.7825 53.1546 15.0607 2.33061
2.84 50.933 53.1774 15.0484 2.23075
2.85 51.0834 53.1992 15.0362 2.13098
2.86 51.2337 53.22 15.024 2.03128
2.87 51.3839 53.2398 15.0118 1.93168
2.88 51.534 53.2586 14.9996 1.83215
2.89 51.6839 53.2765 14.9875 1.73271
2.9 51.8337 53.2933 14.9754 1.63335
2.91 51.9834 53.3091 14.9633 1.53407
2.92 52.133 53.324 14.9513 1.43488
2.93 52.2824 53.3378 14.9393 1.33576
2.94 52.4318 53.3507 14.9273 1.23673
2.95 52.581 53.3626 14.9153 1.13778
2.96 52.7301 53.3734 14.9034 1.03891
2.97 52.8791 53.3833 14.8914 0.940114
2.98 53.0279 53.3922 14.8796 0.841402
2.99 53.1766 53.4002 14.8677 0.74277
3 53.3253 53.4071 14.8558 0.644218
3.01 53.4738 53.413 14.844 0.545744
3.02 53.6221 53.418 14.8322 0.447349
3.03 53.7704 53.422 14.8204 0.349032
3.04 53.9186 53.425 14.8087 0.250794
3.05 54.0666 53.427 14.7969 0.152634
3.06 54.2145 53.428 14.7852 0.0545522
3.07 54.3623 53.4281 14.7735 -0.0434522
3.08 54.51 53.4272 14.7618 -0.141379
3.09 54.6575 53.4253 14.7501 -0.239229
3.1 54.805 53.4224 14.7385 -0.337001
3.11 54.9523 53.4185 14.7269 -0.434696
3.12 55.0995 53.4137 14.7153 -0.532315
3.13 55.2466 53.4079 14.7036 -0.629856
3.14 55.3936 53.4011 14.6921 -0.727322
3.15 55.5404 53.3933 14.6805 -0.82471
3.16 55.6872 53.3846 14.6689 -0.922022
3.17 55.8338 53.3749 14.6574 -1.01926
3.18 55.9803 53.3642 14.6459 -1.11642
3.19 56.1267 53.3526 14.6343 -1.2135
3.2 56.273 53.34 14.6228 -1.31051
3.21 56.4192 53.3264 14.6113 -1.40744
3.22 56.5652 53.3118 14.5998 -1.50429
3.23 56.7112 53.2963 14.5884 -1.60107
3.24 56.857 53.2798 14.5769 -1.69778
3.25 57.0027 53.2623 14.5654 -1.7944
3.26 57.1483 53.2439 14.554 -1.89095
3.27 57.2938 53.2245 14.5426 -1.98743
3.28 57.4392 53.2041 14.5311 -2.08383
3.29 57.5844 53.1828 14.5197 -2.18015
3.3 57.7296 53.1605 14.5083 -2.2764
3.31 57.8746 53.1373 14.4969 -2.37257
3.32 58.0195 53.1131 14.4855 -2.46866
3.33 58.1643 53.0879 14.4741 -2.56468
3.34 58.309 53.0618 14.4627 -2.66062
3.35 58.4536 53.0347 14.4513 -2.75649
3.36 58.598 53.0067 14.4399 -2.85228
3.37 58.7424 52.9777 14.4285 -2.94799
3.38 58.8866 52.9477 14.4171 -3.04363
3.39 59.0307 52.9168 14.4057 -3.13919
3.4 59.1747 52.8849 14.3944 -3.23467
3.41 59.3186 52.8521 14.383 -3.33007
3.42 59.4624 52.8183 14.3716 -3.4254
3.43 59.606 52.7836 14.3602 -3.52065
3.44 59.7496 52.7479 14.3488 -3.61582
3.45 59.893 52.7113 14.3375 -3.71091
3.46 60.0363 52.6737 14.3261 -3.80593
3.47 60.1795 52.6352 14.3147 -3.90087
3.48 60.3226 52.5957 14.3033 -3.99573
3.49 60.4656 52.5552 14.2919 -4.09051
3.5 60.6084 52.5139 14.2806 -4.18521
3.51 60.7512 52.4715 14.2692 -4.27983
3.52 60.8938 52.4283 14.2578 -4.37438
3.53 61.0363 52.3841 14.2464 -4.46884
3.54 61.1788 52.3389 14.235 -4.56323
3.55 61.321 52.2928 14.2236 -4.65753
3.56 61.4632 52.2457 14.2122 -4.75176
3.57 61.6053 52.1978 14.2008 -4.8459
3.58 61.7472 52.1488 14.1893 -4.93996
3.59 61.8891 52.099 14.1779 -5.03395
3.6 62.0308 52.0481 14.1665 -5.12785
3.61 62.1724 51.9964 14.155 -5.22167
3.62 62.3139 51.9437 14.1436 -5.3154
3.63 62.4553 51.8901 14.1321 -5.40906
3.64 62.5965 51.8355 14.1207 -5.50263
3.65 62.7377 51.78 14.1092 -5.59612
3.66 62.8787 51.7236 14.0977 -5.68953
3.67 63.0196 51.6663 14.0862 -5.78285
3.68 63.1604 51.608 14.0747 -5.87609
3.69 63.3011 51.5487 14.0632 -5.96925
3.7 63.4417 51.4886 14.0517 -6.06232
3.71 63.5822 51.4275 14.0402 -6.1553
3.72 63.7225 51.3655 14.0286 -6.2482
3.73 63.8627 51.3025 14.0171 -6.34102
3.74 64.0029 51.2386 14.0055 -6.43375
3.75 64.1429 51.1738 13.9939 -6.52639
3.76 64.2827 51.1081 13.9823 -6.61894
3.77 64.4225 51.0415 13.9708 -6.71141
3.78 64.5622 50.9739 13.9591 -6.80379
3.79 64.7017 50.9054 13.9475 -6.89609
3.8 64.8411 50.836 13.9359 -6.98829
3.81 64.9804 50.7656 13.9242 -7.08041
3.82 65.1196 50.6944 13.9126 -7.17244
3.83 65.2587 50.6222 13.9009 -7.26437
3.84 65.3976 50.5491 13.8892 -7.35622
3.85 65.5364 50.4751 13.8775 -7.44798
3.86 65.6752 50.4001 13.8658 -7.53965
3.87 65.8138 50.3243 13.854 -7.63122
3.88 65.9522 50.2475 13.8423 -7.72271
3.89 66.0906 50.1698 13.8305 -7.8141
3.9 66.2288 50.0912 13.8187 -7.9054
3.91 66.367 50.0117 13.8069 -7.99661
3.92 66.505 49.9313 13.7951 -8.08772
3.93 66.6429 49.8499 13.7833 -8.17874
3.94 66.7806 49.7677 13.7714 -8.26967
3.95 66.9183 49.6846 13.7596 -8.3605
3.96 67.0558 49.6005 13.7477 -8.45124
3.97 67.1933 49.5155 13.7358 -8.54188
3.98 67.3306 49.4297 13.7238 -8.63242
3.99 67.4677 49.3429 13.7119 -8.72287
4 67.6048 49.2552 13.7 -8.81323
4.01 67.7417 49.1666 13.688 -8.90348
4.02 67.8786 49.0771 13.676 -8.99364
4.03 68.0153 48.9867 13.664 -9.0837
4.04 68.1518 48.8955 13.652 -9.17366
4.05 68.2883 48.8033 13.6399 -9.26352
4.06 68.4246 48.7102 13.6278 -9.35328
4.07 68.5608 48.6162 13.6158 -9.44294
4.08 68.6969 48.5213 13.6036 -9.5325
4.09 68.8329 48.4256 13.5915 -9.62196
4.1 68.9688 48.3289 13.5794 -9.71132
4.11 69.1045 48.2313 13.5672 -9.80058
4.12 69.2401 48.1329 13.555 -9.88973
4.13 69.3756 48.0335 13.5428 -9.97878
4.14 69.511 47.9333 13.5306 -10.0677
4.15 69.6462 47.8322 13.5184 -10.1566
4.16 69.7813 47.7302 13.5061 -10.2453
4.17 69.9163 47.6273 13.4938 -10.3339
4.18 70.0512 47.5235 13.4815 -10.4225
4.19 70.186 47.4188 13.4692 -10.5109
4.2 70.3206 47.3133 13.4568 -10.5992
4.21 70.4551 47.2068 13.4444 -10.6874
4.22 70.5895 47.0995 13.432 -10.7755
4.23 70.7237 46.9913 13.4196 -10.8635
4.24 70.8579 46.8823 13.4072 -10.9514
4.25 70.9919 46.7723 13.3947 -11.0392
4.26 71.1258 46.6615 13.3823 -11.1269
4.27 71.2595 46.5498 13.3698 -11.2144
4.28 71.3932 46.4372 13.3572 -11.3019
4.29 71.5267 46.3237 13.3447 -11.3892
4.3 71.6601 46.2094 13.3321 -11.4764
4.31 71.7933 46.0942 13.3195 -11.5636
4.32 71.9265 45.9781 13.3069 -11.6506
4.33 72.0595 45.8612 13.2943 -11.7375
4.34 72.1923 45.7434 13.2816 -11.8242
4.35 72.3251 45.6247 13.269 -11.9109
4.36 72.4577 45.5052 13.2563 -11.9975
4.37 72.5902 45.3848 13.2435 -12.0839
4.38 72.7226 45.2635 13.2308 -12.1702
4.39 72.8548 45.1414 13.218 -12.2564
4.4 72.987 45.0184 13.2052 -12.3425
4.41 73.1189 44.8945 13.1924 -12.4285
4.42 73.2508 44.7698 13.1796 -12.5143
4.43 73.3825 44.6442 13.1667 -12.6001
4.44 73.5141 44.5178 13.1538 -12.6857
4.45 73.6456 44.3905 13.1409 -12.7712
4.46 73.777 44.2624 13.128 -12.8566
4.47 73.9082 44.1334 13.115 -12.9419
4.48 74.0393 44.0035 13.1021 -13.027
4.49 74.1702 43.8728 13.0891 -13.112
4.5 74.301 43.7413 13.076 -13.1969
4.51 74.4317 43.6089 13.063 -13.2817
4.52 74.5623 43.4757 13.0499 -13.3664
4.53 74.6927 43.3416 13.0368 -13.4509
4.54 74.823 43.2066 13.0237 -13.5354
4.55 74.9532 43.0709 13.0106 -13.6197
4.56 75.0832 42.9342 12.9974 -13.7038
4.57 75.2132 42.7968 12.9842 -13.7879
4.58 75.3429 42.6585 12.971 -13.8718
4.59 75.4726 42.5193 12.9578 -13.9556
4.6 75.6021 42.3794 12.9446 -14.0393
4.61 75.7315 42.2386 12.9313 -14.1228
4.62 75.8607 42.0969 12.918 -14.2063
4.63 75.9898 41.9544 12.9047 -14.2896
4.64 76.1188 41.8111 12.8913 -14.3727
4.65 76.2476 41.667 12.8779 -14.4558
4.66 76.3764 41.522 12.8646 -14.5387
4.67 76.5049 41.3762 12.8511 -14.6215
4.68 76.6334 41.2296 12.8377 -14.7041
4.69 76.7617 41.0821 12.8242 -14.7867
4.7 76.8899 40.9338 12.8108 -14.8691
4.71 77.0179 40.7847 12.7973 -14.9513
4.72 77.1458 40.6348 12.7837 -15.0335
4.73 77.2736 40.4841 12.7702 -15.1155
4.74 77.4012 40.3325 12.7566 -15.1974
4.75 77.5287 40.1801 12.743 -15.2791
4.76 77.6561 40.0269 12.7294 -15.3607
4.77 77.7833 39.8729 12.7157 -15.4422
4.78 77.9104 39.7181 12.7021 -15.5236
4.79 78.0373 39.5624 12.6884 -15.6048
4.8 78.1642 39.406 12.6747 -15.6859
4.81 78.2908 39.2487 12.6609 -15.7668
4.82 78.4174 39.0907 12.6472 -15.8477
4.83 78.5438 38.9318 12.6334 -15.9283
4.84 78.67 38.7721 12.6196 -16.0089
4.85 78.7962 38.6116 12.6058 -16.0893
4.86 78.9222 38.4503 12.5919 -16.1696
4.87 79.048 38.2882 12.5781 -16.2497
4.88 79.1737 38.1253 12.5642 -16.3297
4.89 79.2993 37.9616 12.5503 -16.4096
4.9 79.4247 37.7971 12.5363 -16.4893
4.91 79.55 37.6318 12.5224 -16.5689
4.92 79.6752 37.4657 12.5084 -16.6484
4.93 79.8002 37.2989 12.4944 -16.7277
4.94 79.9251 37.1312 12.4804 -16.8068
4.95 80.0498 36.9627 12.4664 -16.8859
4.96 80.1744 36.7935 12.4523 -16.9648
4.97 80.2988 36.6234 12.4382 -17.0435
4.98 80.4232 36.4526 12.4241 -17.1222
4.99 80.5473 36.281 12.41 -17.2006
5 80.6714 36.1086 12.3958 -17.279
5.01 80.7952 35.9354 12.3817 -17.3572
5.02 80.919 35.7614 12.3675 -17.4352
5.03 81.0426 35.5867 12.3533 -17.5131
5.04 81.1661 35.4112 12.339 -17.5909
5.05 81.2894 35.2349 12.3248 -17.6685
5.06 81.4125 35.0578 12.3105 -17.746
5.07 81.5356 34.88 12.2962 -17.8233
5.08 81.6585 34.7013 12.2819 -17.9005
5.09 81.7812 34.522 12.2676 -17.9776
5.1 81.9038 34.3418 12.2532 -18.0545
5.11 82.0263 34.1609 12.2388 -18.1313
5.12 82.1486 33.9792 12.2244 -18.2079
5.13 82.2708 33.7967 12.21 -18.2844
5.14 82.3928 33.6135 12.1956 -18.3607
5.15 82.5147 33.4295 12.1811 -18.4369
5.16 82.6364 33.2447 12.1667 -18.5129
5.17 82.758 33.0592 12.1522 -18.5888
5.18 82.8795 32.873 12.1377 -18.6645
5.19 83.0008 32.6859 12.1231 -18.7401
5.2 83.1219 32.4982 12.1086 -18.8156
5.21 83.2429 32.3096 12.094 -18.8909
5.22 83.3638 32.1204 12.0794 -18.966
5.23 83.4845 31.9303 12.0648 -19.0411
5.24 83.6051 31.7395 12.0502 -19.1159
5.25 83.7255 31.548 12.0356 -19.1906
5.26 83.8458 31.3557 12.0209 -19.2652
5.27 83.966 31.1627 12.0062 -19.3396
5.28 84.0859 30.9689 11.9915 -19.4139
5.29 84.2058 30.7744 11.9768 -19.488
5.3 84.3255 30.5792 11.9621 -19.5619
5.31 84.445 30.3832 11.9473 -19.6358
5.32 84.5644 30.1865 11.9326 -19.7094
5.33 84.6837 29.989 11.9178 -19.7829
5.34 84.8028 29.7908 11.903 -19.8563
5.35 84.9217 29.5919 11.8881 -19.9295
5.36 85.0405 29.3922 11.8733 -20.0026
5.37 85.1592 29.1918 11.8584 -20.0755
5.38 85.2777 28.9907 11.8436 -20.1482
5.39 85.3961 28.7889 11.8287 -20.2209
5.4 85.5143 28.5863 11.8138 -20.2933
5.41 85.6323 28.383 11.7988 -20.3656
5.42 85.7503 28.179 11.7839 -20.4378
5.43 85.868 27.9742 11.769 -20.5098
5.44 85.9856 27.7688 11.754 -20.5816
5.45 86.1031 27.5626 11.739 -20.6533
5.46 86.2204 27.3557 11.724 -20.7248
5.47 86.3376 27.1481 11.709 -20.7962
5.48 86.4546 26.9398 11.6939 -20.8675
5.49 86.5715 26.7308 11.6789 -20.9385
5.5 86.6882 26.521 11.6638 -21.0095
5.51 86.8047 26.3106 11.6487 -21.0802
5.52 86.9212 26.0994 11.6336 -21.1508
5.53 87.0374 25.8875 11.6185 -21.2213
5.54 87.1535 25.675 11.6034 -21.2916
5.55 87.2695 25.4617 11.5883 -21.3618
5.56 87.3853 25.2477 11.5731 -21.4318
5.57 87.5009 25.0331 11.5579 -21.5016
5.58 87.6164 24.8177 11.5427 -21.5713
5.59 87.7318 24.6017 11.5275 -21.6408
5.6 87.847 24.3849 11.5123 -21.7102
5.61 87.962 24.1675 11.4971 -21.7794
5.62 88.0769 23.9493 11.4819 -21.8485
5.63 88.1917 23.7305 11.4666 -21.9174
5.64 88.3063 23.511 11.4513 -21.9861
5.65 88.4207 23.2908 11.4361 -22.0547
5.66 88.535 23.0699 11.4208 -22.1232
5.67 88.6491 22.8483 11.4055 -22.1915
5.68 88.7631 22.626 11.3901 -22.2596
5.69 88.8769 22.4031 11.3748 -22.3276
5.7 88.9906 22.1795 11.3595 -22.3954
5.71 89.1041 21.9552 11.3441 -22.463
5.72 89.2175 21.7302 11.3287 -22.5305
5.73 89.3307 21.5046 11.3134 -22.5979
5.74 89.4437 21.2783 11.298 -22.6651
5.75 89.5566 21.0513 11.2826 -22.7321
5.76 89.6694 20.8236 11.2671 -22.799
5.77 89.782 20.5953 11.2517 -22.8657
5.78 89.8944 20.3663 11.2363 -22.9322
5.79 90.0067 20.1367 11.2208 -22.9986
5.8 90.1188 19.9063 11.2054 -23.0649
5.81 90.2308 19.6754 11.1899 -23.1309
5.82 90.3426 19.4437 11.1744 -23.1969
5.83 90.4543 19.2114 11.1589 -23.2626
5.84 90.5658 18.9785 11.1434 -23.3282
5.85 90.6772 18.7449 11.1279 -23.3937
5.86 90.7884 18.5106 11.1124 -23.459
5.87 90.8994 18.2757 11.0968 -23.5241
5.88 91.0103 18.0401 11.0813 -23.5891
5.89 91.1211 17.8039 11.0657 -23.6539
5.9 91.2316 17.567 11.0502 -23.7186
5.91 91.3421 17.3295 11.0346 -23.7831
5.92 91.4523 17.0914 11.019 -23.8474
5.93 91.5624 16.8526 11.0034 -23.9116
5.94 91.6724 16.6132 10.9878 -23.9756
5.95 91.7822 16.3731 10.9722 -24.0395
5.96 91.8918 16.1324 10.9566 -24.1032
5.97 92.0013 15.891 10.9409 -24.1667
5.98 92.1107 15.649 10.9253 -24.2301
5.99 92.2198 15.4064 10.9096 -24.2933
6 92.3288 15.1632 10.894 -24.3564
6.01 92.4377 14.9193 10.8783 -24.4193
6.02 92.5464 14.6748 10.8627 -24.4821
6.03 92.655 14.4296 10.847 -24.5447
6.04 92.7634 14.1839 10.8313 -24.6071
6.05 92.8716 13.9375 10.8156 -24.6694
6.06 92.9797 13.6905 10.7999 -24.7315
6.07 93.0876 13.4429 10.7842 -24.7935
6.08 93.1953 13.1946 10.7685 -24.8553
6.09 93.303 12.9458 10.7528 -24.9169
6.1 93.4104 12.6963 10.737 -24.9784
6.11 93.5177 12.4462 10.7213 -25.0397
6.12 93.6248 12.1955 10.7056 -25.1009
6.13 93.7318 11.9442 10.6898 -25.1619
6.14 93.8386 11.6923 10.6741 -25.2227
6.15 93.9453 11.4397 10.6583 -25.2834
6.16 94.0518 11.1866 10.6425 -25.3439
6.17 94.1581 10.9329 10.6268 -25.4043
6.18 94.2643 10.6785 10.611 -25.4645
6.19 94.3704 10.4236 10.5952 -25.5246
6.2 94.4762 10.168 10.5794 -25.5845
6.21 94.5819 9.91187 10.5636 -25.6442
6.22 94.6875 9.65513 10.5478 -25.7038
6.23 94.7929 9.3978 10.532 -25.7632
6.24 94.8981 9.13987 10.5162 -25.8225
6.25 95.0032 8.88135 10.5004 -25.8816
6.26 95.1082 8.62224 10.4846 -25.9405
6.27 95.2129 8.36254 10.4688 -25.9993
6.28 95.3175 8.10225 10.4529 -26.0579
6.29 95.422 7.84138 10.4371 -26.1164
6.3 95.5263 7.57992 10.4213 -26.1747
6.31 95.6304 7.31789 10.4055 -26.2329
6.32 95.7344 7.05527 10.3896 -26.2909
6.33 95.8382 6.79207 10.3738 -26.3487
6.34 95.9419 6.52829 10.3579 -26.4064
6.35 96.0454 6.26394 10.3421 -26.4639
6.36 96.1487 5.99902 10.3262 -26.5213
6.37 96.2519 5.73352 10.3104 -26.5785
6.38 96.3549 5.46745 10.2945 -26.6355
6.39 96.4578 5.20081 10.2787 -26.6924
6.4 96.5605 4.9336 10.2628 -26.7491
6.41 96.663 4.66583 10.2469 -26.8057
6.42 96.7654 4.39749 10.2311 -26.8621
6.43 96.8676 4.12858 10.2152 -26.9184
6.44 96.9697 3.85912 10.1993 -26.9745
6.45 97.0716 3.58909 10.1835 -27.0305
6.46 97.1734 3.31851 10.1676 -27.0863
6.47 97.275 3.04737 10.1517 -27.1419
6.48 97.3764 2.77567 10.1358 -27.1974
6.49 97.4777 2.50342 10.12 -27.2527
6.5 97.5788 2.23062 10.1041 -27.3079
6.51 97.6798 1.95727 10.0882 -27.3629
6.52 97.7806 1.68336 10.0723 -27.4177
6.53 97.8812 1.40891 10.0564 -27.4724
6.54 97.9817 1.13391 10.0406 -27.527
6.55 98.082 0.858373 10.0247 -27.5813
6.56 98.1822 0.582289 10.0088 -27.6356
6.57 98.2822 0.305662 9.99293 -27.6896
6.58 98.3821 0.0284963 9.97705 -27.7436
6.59 98.4818 -0.249208 9.96117 -27.7973
