2.300000e+09   3.709068e-08   -2.161494e-07
2.300833e+09   3.731037e-08   -2.176331e-07
2.301667e+09   3.753350e-08   -2.191373e-07
2.302500e+09   3.775941e-08   -2.206621e-07
2.303333e+09   3.798832e-08   -2.222079e-07
2.304167e+09   3.822044e-08   -2.237751e-07
2.305000e+09   3.845556e-08   -2.253644e-07
2.305833e+09   3.869429e-08   -2.269760e-07
2.306667e+09   3.893617e-08   -2.286106e-07
2.307500e+09   3.918148e-08   -2.302686e-07
2.308333e+09   3.943025e-08   -2.319506e-07
2.309167e+09   3.968249e-08   -2.336571e-07
2.310000e+09   3.993855e-08   -2.353884e-07
2.310833e+09   4.019828e-08   -2.371454e-07
2.311667e+09   4.046177e-08   -2.389284e-07
2.312500e+09   4.072925e-08   -2.407385e-07
2.313333e+09   4.100063e-08   -2.425757e-07
2.314167e+09   4.127613e-08   -2.444409e-07
2.315000e+09   4.155576e-08   -2.463347e-07
2.315833e+09   4.183967e-08   -2.482579e-07
2.316667e+09   4.212803e-08   -2.502111e-07
2.317500e+09   4.242082e-08   -2.521950e-07
2.318333e+09   4.271822e-08   -2.542104e-07
2.319167e+09   4.302016e-08   -2.562581e-07
2.320000e+09   4.332730e-08   -2.583387e-07
2.320833e+09   4.363905e-08   -2.604533e-07
2.321667e+09   4.395598e-08   -2.626025e-07
2.322500e+09   4.427806e-08   -2.647871e-07
2.323333e+09   4.460550e-08   -2.670085e-07
2.324167e+09   4.493836e-08   -2.692671e-07
2.325000e+09   4.527697e-08   -2.715641e-07
2.325833e+09   4.562123e-08   -2.739005e-07
2.326667e+09   4.597151e-08   -2.762774e-07
2.327500e+09   4.632778e-08   -2.786956e-07
2.328333e+09   4.669031e-08   -2.811566e-07
2.329167e+09   4.705932e-08   -2.836612e-07
2.330000e+09   4.743476e-08   -2.862108e-07
2.330833e+09   4.781716e-08   -2.888065e-07
2.331667e+09   4.820653e-08   -2.914498e-07
2.332500e+09   4.860305e-08   -2.941420e-07
2.333333e+09   4.900692e-08   -2.968843e-07
2.334167e+09   4.941845e-08   -2.996782e-07
2.335000e+09   4.983777e-08   -3.025253e-07
2.335833e+09   5.026511e-08   -3.054270e-07
2.336667e+09   5.070091e-08   -3.083852e-07
2.337500e+09   5.114522e-08   -3.114013e-07
2.338333e+09   5.159832e-08   -3.144773e-07
2.339167e+09   5.206060e-08   -3.176147e-07
2.340000e+09   5.253217e-08   -3.208156e-07
2.340833e+09   5.301370e-08   -3.240821e-07
2.341667e+09   5.350504e-08   -3.274160e-07
2.342500e+09   5.400687e-08   -3.308197e-07
2.343333e+09   5.451935e-08   -3.342954e-07
2.344167e+09   5.504275e-08   -3.378454e-07
2.345000e+09   5.557794e-08   -3.414720e-07
2.345833e+09   5.612489e-08   -3.451780e-07
2.346667e+09   5.668403e-08   -3.489660e-07
2.347500e+09   5.725590e-08   -3.528386e-07
2.348333e+09   5.784092e-08   -3.567993e-07
2.349167e+09   5.843980e-08   -3.608505e-07
2.350000e+09   5.905256e-08   -3.649960e-07
2.350833e+09   5.968021e-08   -3.692388e-07
2.351667e+09   6.032318e-08   -3.735827e-07
2.352500e+09   6.098191e-08   -3.780312e-07
2.353333e+09   6.165721e-08   -3.825882e-07
2.354167e+09   6.234963e-08   -3.872582e-07
2.355000e+09   6.305971e-08   -3.920451e-07
2.355833e+09   6.378878e-08   -3.969537e-07
2.356667e+09   6.453689e-08   -4.019886e-07
2.357500e+09   6.530534e-08   -4.071551e-07
2.358333e+09   6.609478e-08   -4.124584e-07
2.359167e+09   6.690633e-08   -4.179040e-07
2.360000e+09   6.774069e-08   -4.234982e-07
2.360833e+09   6.859920e-08   -4.292470e-07
2.361667e+09   6.948264e-08   -4.351570e-07
2.362500e+09   7.039255e-08   -4.412357e-07
2.363333e+09   7.133000e-08   -4.474899e-07
2.364167e+09   7.229620e-08   -4.539282e-07
2.365000e+09   7.329292e-08   -4.605587e-07
2.365833e+09   7.432138e-08   -4.673903e-07
2.366667e+09   7.538330e-08   -4.744327e-07
2.367500e+09   7.648049e-08   -4.816960e-07
2.368333e+09   7.761481e-08   -4.891908e-07
2.369167e+09   7.878816e-08   -4.969291e-07
2.370000e+09   8.000285e-08   -5.049229e-07
2.370833e+09   8.126111e-08   -5.131856e-07
2.371667e+09   8.256567e-08   -5.217314e-07
2.372500e+09   8.391886e-08   -5.305751e-07
2.373333e+09   8.532396e-08   -5.397333e-07
2.374167e+09   8.678397e-08   -5.492237e-07
2.375000e+09   8.830213e-08   -5.590650e-07
2.375833e+09   8.988278e-08   -5.692776e-07
2.376667e+09   9.152945e-08   -5.798835e-07
2.377500e+09   9.324676e-08   -5.909066e-07
2.378333e+09   9.503954e-08   -6.023726e-07
2.379167e+09   9.691318e-08   -6.143096e-07
2.380000e+09   9.887344e-08   -6.267481e-07
2.380833e+09   1.009264e-07   -6.397212e-07
2.381667e+09   1.030796e-07   -6.532653e-07
2.382500e+09   1.053406e-07   -6.674203e-07
2.383333e+09   1.077179e-07   -6.822291e-07
2.384167e+09   1.102212e-07   -6.977400e-07
2.385000e+09   1.128610e-07   -7.140054e-07
2.385833e+09   1.156492e-07   -7.310837e-07
2.386667e+09   1.185986e-07   -7.490390e-07
2.387500e+09   1.217247e-07   -7.679431e-07
2.388333e+09   1.250439e-07   -7.878752e-07
2.389167e+09   1.285748e-07   -8.089246e-07
2.390000e+09   1.323393e-07   -8.311907e-07
2.390833e+09   1.363610e-07   -8.547855e-07
2.391667e+09   1.406682e-07   -8.798357e-07
2.392500e+09   1.452924e-07   -9.064841e-07
2.393333e+09   1.502705e-07   -9.348943e-07
2.394167e+09   1.556446e-07   -9.652522e-07
2.395000e+09   1.614644e-07   -9.977719e-07
2.395833e+09   1.677870e-07   -1.032700e-06
2.396667e+09   1.746810e-07   -1.070324e-06
2.397500e+09   1.822262e-07   -1.110978e-06
2.398333e+09   1.905185e-07   -1.155056e-06
2.399167e+09   1.996730e-07   -1.203024e-06
2.400000e+09   2.098287e-07   -1.255435e-06
2.400833e+09   2.211555e-07   -1.312960e-06
2.401667e+09   2.338625e-07   -1.376408e-06
2.402500e+09   2.482104e-07   -1.446773e-06
2.403333e+09   2.645273e-07   -1.525290e-06
2.404167e+09   2.832321e-07   -1.613505e-06
2.405000e+09   3.048663e-07   -1.713393e-06
2.405833e+09   3.301429e-07   -1.827507e-06
2.406667e+09   3.600165e-07   -1.959216e-06
2.407500e+09   3.957937e-07   -2.113056e-06
2.408333e+09   4.393068e-07   -2.295289e-06
2.409167e+09   4.932011e-07   -2.514816e-06
2.410000e+09   1.056142e-05   -2.784757e-06
2.410833e+09   6.501218e-07   -3.125194e-06
2.411667e+09   7.694362e-07   -3.568805e-06
2.412500e+09   9.371359e-07   -4.172238e-06
2.413333e+09   1.187476e-06   -5.043447e-06
2.414167e+09   1.595564e-06   -6.416971e-06
2.415000e+09   2.362837e-06   -8.917405e-06
2.415833e+09   4.269242e-06   -1.495170e-05
2.416667e+09   1.591048e-05   -5.098433e-05
2.417500e+09   -1.144032e-05   3.293717e-05
2.418333e+09   -4.704407e-06   1.187552e-05
2.419167e+09   -3.245187e-06   6.941176e-06
2.420000e+09   -2.708522e-06   4.663168e-06
2.420833e+09   -2.561960e-06   3.258614e-06
2.421667e+09   -2.734541e-06   2.159134e-06
2.422500e+09   -3.458466e-06   9.517916e-07
2.423333e+09   -6.481601e-06   -1.749012e-06
2.424167e+09   2.199921e-05   1.855416e-05
2.425000e+09   3.157221e-06   4.554414e-06
2.425833e+09   1.500683e-06   3.097055e-06
2.426667e+09   9.078074e-07   2.454200e-06
2.427500e+09   6.132895e-07   2.059731e-06
2.428333e+09   4.417128e-07   1.779061e-06
2.429167e+09   3.314549e-07   1.562213e-06
2.430000e+09   2.554518e-07   1.385634e-06
2.430833e+09   1.999931e-07   1.236388e-06
2.431667e+09   1.573690e-07   1.106550e-06
2.432500e+09   1.228472e-07   9.908292e-07
2.433333e+09   9.326100e-08   8.854208e-07
2.434167e+09   6.626951e-08   7.873762e-07
2.435000e+09   3.991477e-08   6.942166e-07
2.435833e+09   1.229852e-08   6.036476e-07
2.436667e+09   -1.873011e-08   5.132928e-07
2.437500e+09   -5.598129e-08   4.203671e-07
2.438333e+09   -1.035931e-07   3.211620e-07
2.439167e+09   -1.683264e-07   2.100807e-07
2.440000e+09   -2.624319e-07   7.752885e-08
2.440833e+09   -4.110109e-07   -9.545909e-08
2.441667e+09   -6.751316e-07   -3.540470e-07
2.442500e+09   -1.252011e-06   -8.424199e-07
2.443333e+09   -3.326644e-06   -2.422575e-06
2.444167e+09   1.562627e-05   1.126973e-05
2.445000e+09   3.050186e-06   2.048508e-06
2.445833e+09   1.947956e-06   1.154980e-06
2.446667e+09   1.570900e-06   7.770946e-07
2.447500e+09   1.409524e-06   5.409698e-07
2.448333e+09   1.349194e-06   3.580537e-07
2.449167e+09   1.353225e-06   1.939173e-07
2.450000e+09   1.411147e-06   2.892586e-08
2.450833e+09   1.526862e-06   -1.537976e-07
2.451667e+09   1.718794e-06   -3.756585e-07
2.452500e+09   2.030196e-06   -6.730458e-07
2.453333e+09   2.563708e-06   -1.123816e-06
2.454167e+09   3.613194e-06   -1.943787e-06
2.455000e+09   6.457401e-06   -4.063764e-06
2.455833e+09   3.797139e-05   -2.701111e-05
2.456667e+09   -9.349040e-06   7.319710e-06
2.457500e+09   -4.111087e-06   3.464620e-06
2.458333e+09   -2.626731e-06   2.335661e-06
2.459167e+09   -1.932701e-06   1.778495e-06
2.460000e+09   1.846437e-05   1.432865e-06
2.460833e+09   -1.282896e-06   1.185704e-06
2.461667e+09   -1.112327e-06   9.882971e-07
2.462500e+09   -9.946545e-07   8.140865e-07
2.463333e+09   -9.155071e-07   6.436550e-07
2.464167e+09   -8.693711e-07   4.563540e-07
2.465000e+09   -8.592256e-07   2.193595e-07
2.465833e+09   -9.042681e-07   -1.420266e-07
2.466667e+09   -1.083179e-06   -8.806730e-07
2.467500e+09   -2.018638e-06   -3.920579e-06
2.468333e+09   1.912762e-06   8.039644e-06
2.469167e+09   2.712848e-07   2.865937e-06
2.470000e+09   1.828926e-08   1.979835e-06
2.470833e+09   -7.392937e-08   1.600453e-06
2.471667e+09   -1.165456e-07   1.383725e-06
2.472500e+09   -1.381181e-07   1.240235e-06
2.473333e+09   -1.491883e-07   1.136313e-06
2.474167e+09   -1.544884e-07   1.056395e-06
2.475000e+09   -1.564207e-07   9.922633e-07
2.475833e+09   -1.563120e-07   9.391499e-07
2.476667e+09   -1.549404e-07   8.940867e-07
2.477500e+09   -1.527830e-07   8.551215e-07
2.478333e+09   -1.501424e-07   8.209128e-07
2.479167e+09   -1.472151e-07   7.905037e-07
2.480000e+09   -1.441308e-07   7.631923e-07
2.480833e+09   -1.409764e-07   7.384492e-07
2.481667e+09   -1.378107e-07   7.158670e-07
2.482500e+09   -1.346729e-07   6.951257e-07
2.483333e+09   -1.315891e-07   6.759702e-07
2.484167e+09   -1.285768e-07   6.581936e-07
2.485000e+09   -1.256463e-07   6.416269e-07
2.485833e+09   -1.228049e-07   6.261291e-07
2.486667e+09   -1.200551e-07   6.115824e-07
2.487500e+09   -1.173986e-07   5.978874e-07
2.488333e+09   -1.148347e-07   5.849588e-07
2.489167e+09   -1.123620e-07   5.727234e-07
2.490000e+09   -1.099784e-07   5.611180e-07
2.490833e+09   -1.076812e-07   5.500875e-07
2.491667e+09   -1.054672e-07   5.395834e-07
2.492500e+09   -1.033336e-07   5.295633e-07
2.493333e+09   -1.012771e-07   5.199894e-07
2.494167e+09   -9.929427e-08   5.108283e-07
2.495000e+09   -9.738228e-08   5.020497e-07
2.495833e+09   -9.553775e-08   4.936270e-07
2.496667e+09   -9.375771e-08   4.855359e-07
2.497500e+09   -9.203933e-08   4.777547e-07
2.498333e+09   -9.037975e-08   4.702632e-07
2.499167e+09   -8.877620e-08   4.630439e-07
2.500000e+09   -8.722628e-08   4.560800e-07
