0  0.000000e+00  0.000000e+00  0.000000e+00

1	-8.763848e-01	-8.602468e-01	1.634680e+00
2	+4.947874e-01	+8.622812e-02	3.830505e-01
3	+1.678931e+00	+8.681121e-01	-1.172153e+00
4	+3.162491e-01	+1.927448e+00	-1.269150e+00
5	-8.778160e-01	+1.510513e+00	-2.797010e+00
6	-9.514723e-01	-8.809491e-02	-1.869044e+00
7	-6.737012e-01	+7.501779e-01	-2.698791e+00
8	-2.321551e-01	+1.328842e+00	-2.651711e+00
9	+7.442008e-01	+4.791712e-03	-3.696746e+00
10	-7.101473e-01	+1.475402e+00	-2.023159e+00
11	+4.778195e-01	-7.265717e-03	-1.428822e+00
12	+5.629914e-02	-7.344455e-01	-6.081192e-01
13	-1.201057e+00	-2.403054e+00	-1.928290e+00
14	-8.094973e-02	-3.654036e+00	-2.143205e+00
15	+1.622762e+00	-2.694573e+00	-1.333461e+00
16	+2.944972e+00	-2.963616e+00	1.224138e-01
17	+2.813488e+00	-3.869763e+00	1.172872e+00
18	+3.789072e+00	-5.387285e+00	-1.019532e-01
19	+4.461609e+00	-6.321999e+00	1.512874e+00
20	+3.987504e+00	-6.471924e+00	9.129925e-02
21	+5.484384e+00	-7.619125e+00	-8.339760e-01
22	+4.836851e+00	-8.036581e+00	-9.507067e-01
23	+4.543658e+00	-9.616360e+00	-2.197573e+00
24	+3.962021e+00	-1.054120e+01	-3.110274e+00
25	+3.426524e+00	-1.111445e+01	-1.974206e+00
26	+2.769455e+00	-1.079179e+01	-3.369115e+00
27	+2.207962e+00	-1.167531e+01	-3.004424e+00
28	+1.109429e+00	-1.163333e+01	-1.833438e+00
29	+1.483330e+00	-1.230115e+01	-2.136463e+00
30	+1.947480e+00	-1.346015e+01	-2.992212e+00
31	+3.026251e+00	-1.365002e+01	-3.826530e+00
32	+1.461409e+00	-1.484464e+01	-2.372901e+00
33	+2.642007e+00	-1.345084e+01	-7.178809e-01
34	+2.043712e+00	-1.256809e+01	-3.480180e-01
35	+2.439516e+00	-1.243897e+01	1.134150e+00
36	+1.239559e+00	-1.393705e+01	-5.555990e-01
37	+1.892759e+00	-1.248255e+01	-1.753999e+00
38	+3.132587e+00	-1.282561e+01	-3.121746e+00
39	+2.120336e+00	-1.312251e+01	-2.508652e+00
40	+6.484181e-01	-1.166498e+01	-3.318464e+00
41	+2.206110e+00	-1.098048e+01	-3.358551e+00
42	+2.816866e+00	-1.157313e+01	-2.646607e+00
43	+2.478062e+00	-1.188430e+01	-3.069471e+00
44	+1.007188e+00	-1.130556e+01	-3.309452e+00
45	+1.743628e+00	-1.103415e+01	-4.195667e+00
46	+1.748960e+00	-1.147734e+01	-5.275758e+00
47	+1.176822e+00	-9.883924e+00	-5.316704e+00
48	+4.167787e-01	-1.130516e+01	-4.539789e+00
49	+1.067203e-01	-1.187787e+01	-5.631408e+00
50	+7.452148e-02	-1.134065e+01	-5.046965e+00
51	+1.256881e+00	-1.172167e+01	-4.574086e+00
52	-2.394708e-01	-1.154996e+01	-4.512867e+00
53	-4.923231e-01	-1.096904e+01	-4.821654e+00
54	-5.976135e-01	-9.776967e+00	-5.671695e+00
55	-8.464350e-01	-9.358432e+00	-7.083298e+00
56	-2.299813e+00	-8.600390e+00	-6.996346e+00
57	-2.862357e+00	-9.969845e+00	-5.910243e+00
58	-2.127049e+00	-8.776048e+00	-6.604165e+00
59	-2.365049e+00	-7.500979e+00	-7.238770e+00
60	-1.742230e+00	-8.385723e+00	-8.866590e+00
61	-1.844109e+00	-9.416967e+00	-8.234477e+00
62	-1.862511e-01	-9.024783e+00	-7.467097e+00
63	-1.360566e+00	-9.087634e+00	-7.533085e+00
64	-2.919038e+00	-7.977833e+00	-6.379929e+00
65	-4.457353e+00	-7.481294e+00	-5.283335e+00
66	-5.728100e+00	-6.694434e+00	-3.825284e+00
67	-7.340699e+00	-5.623887e+00	-3.888133e+00
68	-8.445275e+00	-6.592438e+00	-3.073382e+00
69	-7.379253e+00	-8.149182e+00	-2.806649e+00
70	-8.190842e+00	-8.421836e+00	-2.781930e+00
71	-7.089884e+00	-9.495448e+00	-2.451164e+00
72	-7.160958e+00	-1.062907e+01	-1.678528e+00
73	-6.164505e+00	-1.035949e+01	-2.035244e+00
74	-5.249877e+00	-1.198360e+01	-1.811060e+00
75	-6.537906e+00	-1.089837e+01	-1.882219e+00
76	-7.893498e+00	-1.258198e+01	-1.273537e+00
77	-6.423037e+00	-1.345951e+01	-9.412962e-01
78	-5.332822e+00	-1.289540e+01	2.598066e-01
79	-5.110594e+00	-1.320508e+01	1.571952e+00
80	-5.326418e+00	-1.345085e+01	2.035908e+00
81	-4.825718e+00	-1.259662e+01	3.762104e+00
82	-3.985831e+00	-1.220516e+01	3.899931e+00
83	-5.481977e+00	-1.199878e+01	4.482443e+00
84	-6.360610e+00	-1.345744e+01	6.140620e+00
85	-4.998090e+00	-1.209996e+01	7.676589e+00
86	-3.352292e+00	-1.150889e+01	6.245680e+00
87	-5.069602e+00	-1.189299e+01	4.535240e+00
88	-3.694203e+00	-1.034319e+01	4.494690e+00
89	-5.353207e+00	-1.200050e+01	3.418613e+00
90	-6.647934e+00	-1.301886e+01	4.066450e+00
91	-6.185706e+00	-1.262957e+01	4.173848e+00
92	-6.801840e+00	-1.094561e+01	3.133068e+00
93	-5.583428e+00	-1.114131e+01	4.628603e+00
94	-6.566289e+00	-1.089084e+01	3.603585e+00
95	-7.782045e+00	-1.183190e+01	1.913814e+00
96	-6.343317e+00	-1.239339e+01	1.744137e+00
97	-4.717732e+00	-1.355443e+01	1.429716e+00
98	-3.802649e+00	-1.472308e+01	5.464299e-01
99	-3.018564e+00	-1.384050e+01	3.397043e-01
100	-2.126267e+00	-1.347453e+01	1.891935e+00
101	-3.090316e+00	-1.191391e+01	7.394821e-01
102	-1.910318e+00	-1.102163e+01	7.686805e-01
103	-2.114287e+00	-1.224227e+01	1.066656e+00
104	-1.093134e+00	-1.263530e+01	3.024647e-01
105	-1.215810e+00	-1.255141e+01	-1.152407e+00
106	-2.932525e+00	-1.425984e+01	-1.774112e+00
107	-1.910114e+00	-1.459284e+01	-2.251631e-01
108	-7.443984e-01	-1.464503e+01	-1.901305e+00
109	-2.048266e+00	-1.628308e+01	-2.456733e+00
110	-1.072744e+00	-1.494202e+01	-1.833247e+00
111	-7.196742e-01	-1.537633e+01	-2.801629e+00
112	-6.383558e-01	-1.442663e+01	-3.044720e+00
113	-1.322944e-01	-1.368813e+01	-3.922086e+00
114	-8.690123e-01	-1.437078e+01	-3.911764e+00
115	-1.422178e+00	-1.513541e+01	-2.446481e+00
116	-8.834108e-01	-1.403001e+01	-2.723536e+00
117	+5.266728e-01	-1.556733e+01	-3.567179e+00
118	-7.445642e-01	-1.691863e+01	-2.055937e+00
119	+2.178055e-01	-1.720847e+01	-3.281088e+00
120	+7.771112e-01	-1.595233e+01	-3.240334e+00
121	-5.064354e-01	-1.515666e+01	-4.467098e+00
122	+9.345636e-02	-1.557546e+01	-5.592135e+00
123	+9.471267e-01	-1.616881e+01	-6.701817e+00
124	-1.428072e-01	-1.726437e+01	-6.074409e+00
125	-1.988891e-02	-1.801827e+01	-5.438953e+00
126	-7.278513e-01	-1.720595e+01	-4.563411e+00
127	+1.995897e-01	-1.798632e+01	-4.280476e+00
128	-9.808132e-01	-1.706746e+01	-4.885812e+00
129	-1.490203e+00	-1.794357e+01	-3.357439e+00
130	-2.943505e+00	-1.683765e+01	-3.170787e+00
131	-2.387449e+00	-1.522197e+01	-3.745390e+00
132	-1.672465e+00	-1.498467e+01	-4.444173e+00
133	-9.176797e-01	-1.639402e+01	-4.249945e+00
134	-2.357427e+00	-1.804624e+01	-5.465622e+00
135	-4.039726e+00	-1.732636e+01	-4.556901e+00
136	-4.420576e+00	-1.573501e+01	-4.270969e+00
137	-4.006743e+00	-1.726794e+01	-4.977099e+00
138	-4.174577e+00	-1.776077e+01	-5.175331e+00
139	-5.183816e+00	-1.620136e+01	-4.582621e+00
140	-4.196265e+00	-1.719932e+01	-3.840373e+00
141	-5.296266e+00	-1.583889e+01	-4.765451e+00
142	-4.197947e+00	-1.742181e+01	-6.107745e+00
143	-4.080239e+00	-1.606358e+01	-6.097105e+00
144	-2.556159e+00	-1.491190e+01	-6.106201e+00
145	-4.126164e+00	-1.365342e+01	-6.188022e+00
146	-5.081899e+00	-1.235832e+01	-7.565956e+00
147	-5.054975e+00	-1.162101e+01	-7.271709e+00
148	-3.911710e+00	-1.233695e+01	-8.498606e+00
149	-4.495799e+00	-1.217189e+01	-7.954883e+00
150	-5.188200e+00	-1.174815e+01	-8.788088e+00
151	-6.757527e+00	-1.065362e+01	-8.218320e+00
152	-6.994516e+00	-9.681173e+00	-7.430941e+00
153	-8.627418e+00	-8.649513e+00	-8.142929e+00
154	-9.088902e+00	-8.334405e+00	-8.058919e+00
155	-1.016893e+01	-7.740485e+00	-6.828031e+00
156	-1.152881e+01	-7.091036e+00	-7.059793e+00
157	-1.081957e+01	-7.338288e+00	-6.782096e+00
158	-9.980874e+00	-7.660886e+00	-7.364189e+00
159	-1.084051e+01	-7.916745e+00	-6.081961e+00
160	-9.603439e+00	-6.875378e+00	-5.476563e+00
161	-1.117867e+01	-7.884914e+00	-5.751834e+00
162	-1.001514e+01	-8.454788e+00	-4.849389e+00
163	-8.298965e+00	-6.847419e+00	-4.753037e+00
164	-6.896249e+00	-6.049882e+00	-4.513875e+00
165	-7.889207e+00	-5.757662e+00	-4.886191e+00
166	-6.303333e+00	-4.652353e+00	-4.565498e+00
167	-6.442815e+00	-3.059118e+00	-5.837672e+00
168	-6.216338e+00	-1.574954e+00	-4.479183e+00
169	-5.380759e+00	-2.061783e+00	-4.866727e+00
170	-4.939704e+00	-1.000076e+00	-3.914744e+00
171	-3.259720e+00	-2.004737e+00	-3.808275e+00
172	-3.912992e+00	-2.763573e+00	-2.793114e+00
173	-2.260845e+00	-2.536991e+00	-2.544845e+00
174	-1.297344e+00	-3.038409e+00	-2.144475e+00
175	-6.916338e-01	-4.678564e+00	-1.436542e+00
176	-1.781173e+00	-5.052200e+00	-2.150688e+00
177	-3.131279e+00	-4.018098e+00	-3.798740e+00
178	-2.665793e+00	-4.904296e+00	-3.500674e+00
179	-3.130390e+00	-5.756159e+00	-3.972020e+00
180	-1.995968e+00	-6.456906e+00	-5.442741e+00
181	-8.774043e-01	-5.188887e+00	-5.988023e+00
182	-1.391943e+00	-6.411610e+00	-6.420181e+00
183	-8.101718e-01	-5.203148e+00	-6.532711e+00
184	-1.240558e+00	-3.671923e+00	-8.074215e+00
185	-1.603618e+00	-4.719483e+00	-9.717477e+00
186	-2.378132e+00	-4.135258e+00	-1.065251e+01
187	-1.754120e+00	-4.355194e+00	-1.154355e+01
188	-9.342448e-01	-3.780344e+00	-1.161105e+01
189	-2.439560e+00	-2.495268e+00	-1.056875e+01
190	-4.134117e+00	-4.088818e+00	-9.167072e+00
191	-3.629336e+00	-3.587065e+00	-9.068902e+00
192	-4.106325e+00	-3.506362e+00	-9.163146e+00
193	-2.653925e+00	-3.510745e+00	-7.465512e+00
194	-3.216246e+00	-1.828419e+00	-8.156196e+00
195	-2.403863e+00	-1.017399e+00	-6.519748e+00
196	-1.181888e+00	-2.267611e+00	-7.295919e+00
197	-2.598340e+00	-1.984984e+00	-7.253687e+00
198	-2.286230e+00	-1.583346e+00	-8.505338e+00
199	-1.356025e+00	-1.883304e+00	-8.985646e+00
200	-4.036657e-01	-2.772392e+00	-8.364753e+00
201	-3.306363e-01	-3.815375e+00	-8.737301e+00
202	+1.793893e-01	-3.032257e+00	-8.636427e+00
203	+2.549690e-01	-4.286197e+00	-8.419727e+00
204	+1.678745e+00	-2.685268e+00	-7.537727e+00
205	+1.776643e+00	-3.541308e+00	-7.701092e+00
206	+1.771636e+00	-3.188179e+00	-6.435523e+00
207	+8.016676e-02	-3.552012e+00	-5.091883e+00
208	-6.079886e-01	-3.653856e+00	-3.607033e+00
209	-3.928666e-01	-3.408638e+00	-2.673175e+00
210	-1.630163e+00	-1.678440e+00	-4.290884e+00
211	-2.379525e+00	-3.906290e-01	-5.425408e+00
212	-2.399643e+00	-1.934921e+00	-5.242674e+00
213	-2.839856e+00	-2.291180e+00	-6.617512e+00
214	-2.809344e+00	-6.663250e-01	-4.932397e+00
215	-2.106024e+00	-1.704791e+00	-5.812070e+00
216	-3.277401e+00	-3.910137e-01	-6.734121e+00
217	-2.869125e+00	-2.125255e-01	-5.882824e+00
218	-2.901521e+00	-5.629534e-01	-5.886704e+00
219	-1.599266e+00	-5.186320e-01	-6.239407e+00
220	+4.302786e-02	-4.291043e-01	-5.255707e+00
221	-3.685143e-01	-7.586742e-01	-5.101432e+00
222	-1.831941e+00	+3.336701e-02	-4.971762e+00
223	-1.834944e+00	-1.549287e+00	-4.175094e+00
224	-2.331647e+00	-2.154198e+00	-4.534970e+00
225	-7.762195e-01	-6.463404e-01	-4.557867e+00
226	+2.015579e-01	-2.048786e+00	-3.954907e+00
227	+8.946215e-01	-1.160817e+00	-5.060652e+00
228	+9.276493e-01	-1.207318e-01	-4.838893e+00
229	+3.092254e-01	-8.294284e-01	-4.678447e+00
230	-1.071948e+00	+8.373603e-01	-5.958551e+00
231	-7.649501e-01	+1.444589e+00	-6.169641e+00
232	-2.299102e+00	+1.808764e+00	-4.565209e+00
233	-1.683546e+00	+1.381890e+00	-3.600780e+00
234	-3.088914e-01	+3.586708e-01	-4.934831e+00
235	+2.475326e-01	+2.075029e-01	-4.153157e+00
236	+8.361546e-01	+8.786538e-01	-4.241504e+00
237	+1.609452e-01	+2.064718e+00	-3.015777e+00
238	-4.927161e-01	+9.024825e-01	-2.424934e+00
239	-3.984225e-01	+8.979907e-01	-2.126560e+00
240	-7.423901e-01	+5.669823e-01	-2.622351e+00
241	-1.548168e+00	+7.552588e-01	-1.273527e+00
242	-1.511858e-01	+1.449672e+00	-2.367422e+00
243	+1.228357e+00	+2.117549e+00	-1.414808e+00
244	+2.095541e+00	+2.091230e+00	-2.432357e+00
245	+1.693786e+00	+2.152020e+00	-3.426425e+00
246	+7.325521e-02	+2.789311e+00	-3.955958e+00
247	-5.412515e-01	+4.287634e+00	-5.122217e+00
248	-1.222048e+00	+2.909528e+00	-5.675506e+00
249	-1.495111e+00	+3.430858e+00	-5.699907e+00
250	-1.905151e+00	+4.029149e+00	-4.649915e+00
251	-2.140163e+00	+5.577027e+00	-5.079831e+00
252	-2.797427e+00	+5.006935e+00	-6.693125e+00
253	-1.350054e+00	+4.547429e+00	-8.148448e+00
254	-4.215100e-01	+3.457756e+00	-9.791009e+00
255	-1.488035e+00	+3.204815e+00	-8.890257e+00
256	-6.825269e-01	+3.325635e+00	-1.014526e+01
257	+6.112447e-01	+1.891389e+00	-9.124045e+00
258	+1.534936e+00	+2.293640e+00	-9.320192e+00
259	+9.226876e-01	+6.244231e-01	-7.844818e+00
260	+2.316678e+00	-8.149292e-01	-6.439232e+00
261	+3.594084e+00	-2.294202e+00	-6.533696e+00
262	+1.993598e+00	-1.755513e+00	-7.378490e+00
263	+3.087914e+00	-1.570395e+00	-6.459873e+00
264	+1.951236e+00	-2.015106e+00	-5.118738e+00
265	+2.833676e+00	-3.085641e+00	-5.757040e+00
266	+3.730805e+00	-2.581859e+00	-6.457857e+00
267	+3.869747e+00	-4.008081e+00	-5.540531e+00
268	+3.389744e+00	-4.631913e+00	-4.599271e+00
269	+2.301050e+00	-6.185342e+00	-6.234444e+00
270	+7.756110e-01	-6.878900e+00	-7.378121e+00
271	+2.165625e+00	-7.381730e+00	-5.753668e+00
272	+3.133127e+00	-7.794608e+00	-5.108509e+00
273	+2.287777e+00	-8.790993e+00	-6.432771e+00
274	+2.324241e+00	-1.017265e+01	-6.492209e+00
275	+1.893078e+00	-1.078287e+01	-5.073277e+00
276	+1.527840e+00	-1.195957e+01	-5.558483e+00
277	+2.503672e+00	-1.185014e+01	-7.236318e+00
278	+1.723756e+00	-1.094864e+01	-6.979901e+00
279	+1.588489e+00	-1.055334e+01	-6.272845e+00
280	+3.192795e+00	-1.021153e+01	-6.981181e+00
281	+2.195494e+00	-9.377111e+00	-7.217228e+00
282	+2.785317e+00	-7.936136e+00	-7.149147e+00
283	+1.122588e+00	-7.517889e+00	-6.446274e+00
284	+1.319300e+00	-8.377594e+00	-5.154430e+00
285	+6.205015e-01	-9.836144e+00	-3.900971e+00
286	+1.667946e-02	-9.188883e+00	-3.767338e+00
287	-3.689999e-01	-7.835971e+00	-5.021158e+00
288	+6.964468e-01	-8.770250e+00	-4.734288e+00
289	+2.283505e+00	-9.480561e+00	-5.243219e+00
290	+2.199140e+00	-9.954980e+00	-6.319491e+00
291	+3.067622e+00	-9.892373e+00	-7.492617e+00
292	+1.345695e+00	-9.836938e+00	-8.878815e+00
293	+2.672122e+00	-1.134926e+01	-8.504212e+00
294	+4.135352e+00	-9.697936e+00	-7.654725e+00
295	+4.791961e+00	-1.113356e+01	-8.905822e+00
296	+6.332309e+00	-1.276444e+01	-1.052718e+01
297	+5.955819e+00	-1.303893e+01	-1.027995e+01
298	+7.313450e+00	-1.337846e+01	-1.134999e+01
299	+6.070844e+00	-1.180107e+01	-1.075653e+01
300	+6.719449e+00	-1.324697e+01	-1.195313e+01
301	+6.998550e+00	-1.485318e+01	-1.120322e+01
302	+5.600161e+00	-1.611700e+01	-1.016952e+01
303	+4.185528e+00	-1.463199e+01	-1.087329e+01
304	+2.828652e+00	-1.321131e+01	-1.226892e+01
305	+3.158810e+00	-1.404958e+01	-1.396943e+01
306	+2.597532e+00	-1.308987e+01	-1.285870e+01
307	+3.420769e+00	-1.339813e+01	-1.326452e+01
308	+4.904203e+00	-1.421574e+01	-1.328236e+01
309	+5.462519e+00	-1.268991e+01	-1.259455e+01
310	+5.813836e+00	-1.373180e+01	-1.223945e+01
311	+6.596773e+00	-1.503573e+01	-1.333453e+01
312	+7.332731e+00	-1.450841e+01	-1.208511e+01
313	+7.849617e+00	-1.595943e+01	-1.129822e+01
314	+8.861612e+00	-1.663826e+01	-1.251051e+01
315	+9.826417e+00	-1.821988e+01	-1.354644e+01
316	+9.730044e+00	-1.838518e+01	-1.514608e+01
317	+8.924990e+00	-1.841107e+01	-1.613623e+01
318	+9.677752e+00	-1.843864e+01	-1.516034e+01
319	+8.359003e+00	-1.684043e+01	-1.420150e+01
320	+7.910834e+00	-1.598631e+01	-1.472759e+01
321	+7.405740e+00	-1.476126e+01	-1.455689e+01
322	+5.829194e+00	-1.507777e+01	-1.309034e+01
323	+6.755645e+00	-1.418697e+01	-1.251912e+01
324	+6.317312e+00	-1.439869e+01	-1.400640e+01
325	+5.196586e+00	-1.278596e+01	-1.386158e+01
326	+4.901176e+00	-1.399589e+01	-1.226995e+01
327	+6.256520e+00	-1.228439e+01	-1.344519e+01
328	+5.625701e+00	-1.148425e+01	-1.182473e+01
329	+5.850762e+00	-1.207085e+01	-1.170357e+01
330	+6.051884e+00	-1.051799e+01	-1.142487e+01
331	+4.402689e+00	-1.004072e+01	-1.232073e+01
332	+3.235708e+00	-8.768648e+00	-1.321365e+01
333	+2.247278e+00	-7.189745e+00	-1.260056e+01
334	+3.186366e+00	-5.852428e+00	-1.251626e+01
335	+2.471280e+00	-4.581768e+00	-1.369499e+01
336	+1.464080e+00	-3.749717e+00	-1.239248e+01
337	+1.848891e+00	-3.021902e+00	-1.168034e+01
338	+2.891572e+00	-2.455176e+00	-1.170950e+01
339	+3.779905e+00	-9.380770e-01	-1.123560e+01
340	+5.162364e+00	-1.506142e+00	-1.206135e+01
341	+6.788353e+00	-1.356411e+00	-1.115892e+01
342	+7.374908e+00	-3.418949e-01	-1.189588e+01
343	+5.861377e+00	+1.086478e-01	-1.217965e+01
344	+6.725636e+00	+2.474527e-02	-1.176241e+01
345	+8.230767e+00	-7.791613e-01	-1.246849e+01
346	+6.721193e+00	-1.602348e+00	-1.204368e+01
347	+7.445741e+00	-7.185290e-01	-1.150217e+01
348	+8.423961e+00	-2.210462e+00	-9.987096e+00
349	+9.699005e+00	-2.039948e+00	-1.144692e+01
350	+8.581264e+00	-2.960291e+00	-1.254789e+01
351	+1.028798e+01	-1.933709e+00	-1.193881e+01
352	+8.765045e+00	-2.375751e+00	-1.303194e+01
353	+8.956951e+00	-1.280715e+00	-1.383466e+01
354	+9.302043e+00	-2.528522e+00	-1.398222e+01
355	+7.695493e+00	-1.771396e+00	-1.258096e+01
356	+6.251894e+00	-3.286258e+00	-1.095750e+01
357	+6.205597e+00	-3.780746e+00	-1.092062e+01
358	+6.512805e+00	-2.496161e+00	-9.611099e+00
359	+5.294668e+00	-3.997666e+00	-9.455223e+00
360	+5.672714e+00	-4.339292e+00	-9.300653e+00
361	+5.005308e+00	-5.400076e+00	-8.006960e+00
362	+5.017904e+00	-6.840621e+00	-9.467035e+00
363	+5.898803e+00	-7.193656e+00	-1.039449e+01
364	+4.683750e+00	-8.225240e+00	-1.087202e+01
365	+3.195582e+00	-6.513341e+00	-1.250616e+01
366	+4.603827e+00	-5.487208e+00	-1.127823e+01
367	+5.567768e+00	-7.111888e+00	-1.300802e+01
368	+6.991024e+00	-6.377876e+00	-1.452453e+01
369	+8.568485e+00	-6.920839e+00	-1.380457e+01
370	+6.996287e+00	-8.636290e+00	-1.258374e+01
371	+8.429002e+00	-7.728015e+00	-1.331452e+01
372	+7.613292e+00	-9.345443e+00	-1.316350e+01
373	+8.382707e+00	-8.064299e+00	-1.257539e+01
374	+8.637733e+00	-8.137260e+00	-1.379736e+01
375	+9.234755e+00	-9.006483e+00	-1.535070e+01
376	+7.755377e+00	-1.017718e+01	-1.550656e+01
377	+7.159122e+00	-9.027501e+00	-1.398132e+01
378	+5.955006e+00	-8.154739e+00	-1.510066e+01
379	+5.996314e+00	-6.958855e+00	-1.393250e+01
380	+4.596055e+00	-6.509295e+00	-1.516518e+01
381	+4.680897e+00	-5.672986e+00	-1.575304e+01
382	+4.647311e+00	-4.684893e+00	-1.543829e+01
383	+3.039728e+00	-3.200087e+00	-1.491719e+01
384	+3.301764e+00	-2.371984e+00	-1.407744e+01
385	+3.137792e+00	-7.818780e-01	-1.499754e+01
386	+3.031257e+00	-8.726279e-01	-1.593172e+01
387	+1.830376e+00	+2.901624e-01	-1.549160e+01
388	+1.462919e+00	-1.017466e-01	-1.697641e+01
389	-1.914989e-01	-1.462578e+00	-1.622913e+01
390	+9.185671e-01	-4.781980e-01	-1.457530e+01
391	+2.099257e+00	+1.123117e+00	-1.339341e+01
392	+2.017385e+00	+2.533452e+00	-1.366813e+01
393	+1.644928e+00	+3.693182e+00	-1.431128e+01
394	+2.992673e+00	+4.302740e+00	-1.391884e+01
395	+3.077544e+00	+2.806383e+00	-1.351708e+01
396	+3.163757e+00	+2.850090e+00	-1.239753e+01
397	+4.862595e+00	+2.295306e+00	-1.097206e+01
398	+5.770472e+00	+1.605064e+00	-1.232394e+01
399	+4.420149e+00	+1.026275e+00	-1.258481e+01
400	+4.378701e+00	-5.117642e-01	-1.359671e+01
401	+2.724633e+00	-2.130823e+00	-1.480837e+01
402	+2.953608e+00	-3.128994e+00	-1.588092e+01
403	+4.432973e+00	-1.778654e+00	-1.711020e+01
404	+3.651489e+00	-1.562946e+00	-1.859693e+01
405	+2.807191e+00	-1.748909e+00	-1.958852e+01
406	+2.304739e+00	-2.462195e+00	-2.043578e+01
407	+2.929619e+00	-1.165226e+00	-2.200063e+01
408	+1.590740e+00	-1.337773e+00	-2.373205e+01
409	+1.190175e+00	-9.820839e-01	-2.423318e+01
410	+6.349729e-01	+1.955279e-01	-2.482351e+01
411	+1.594281e-01	-1.248251e+00	-2.531229e+01
412	-8.358361e-01	-1.255872e+00	-2.592692e+01
413	-6.985419e-01	-1.662090e+00	-2.710494e+01
414	-6.586569e-01	-3.077704e+00	-2.881879e+01
415	-9.051793e-02	-4.584263e+00	-2.848765e+01
416	-1.067569e+00	-4.928845e+00	-2.952086e+01
417	-1.115339e+00	-5.323407e+00	-2.917171e+01
418	-2.578194e+00	-4.510599e+00	-3.058627e+01
419	-4.238562e+00	-4.689837e+00	-2.999850e+01
420	-3.495781e+00	-4.676045e+00	-2.831709e+01
421	-2.466831e+00	-5.132363e+00	-2.977150e+01
422	-1.459501e+00	-5.804082e+00	-3.148327e+01
423	-2.802609e+00	-4.265402e+00	-3.298508e+01
424	-4.221555e+00	-3.244685e+00	-3.357627e+01
425	-4.228927e+00	-2.578210e+00	-3.302867e+01
426	-3.293256e+00	-2.812954e+00	-3.217029e+01
427	-3.421269e+00	-3.509778e+00	-3.241019e+01
428	-3.394355e+00	-4.800283e+00	-3.287929e+01
429	-3.600168e+00	-4.380316e+00	-3.125847e+01
430	-1.914985e+00	-2.954561e+00	-3.136217e+01
431	-2.803752e+00	-3.406286e+00	-3.034688e+01
432	-3.902582e+00	-2.950169e+00	-2.947678e+01
433	-4.898092e+00	-2.974283e+00	-3.093295e+01
434	-5.797359e+00	-4.248518e+00	-3.163342e+01
435	-6.337945e+00	-2.557108e+00	-3.272848e+01
436	-6.776786e+00	-3.470621e+00	-3.416669e+01
437	-8.448705e+00	-3.845213e+00	-3.575963e+01
438	-8.895927e+00	-4.106936e+00	-3.481462e+01
439	-1.040088e+01	-3.464173e+00	-3.363430e+01
440	-1.101680e+01	-2.394050e+00	-3.330211e+01
441	-1.131517e+01	-2.934966e+00	-3.323022e+01
442	-1.271643e+01	-4.474643e+00	-3.349608e+01
443	-1.399042e+01	-5.641366e+00	-3.212296e+01
444	-1.458106e+01	-4.527032e+00	-3.359135e+01
445	-1.458152e+01	-5.964560e+00	-3.524767e+01
446	-1.483767e+01	-6.021280e+00	-3.416827e+01
447	-1.560685e+01	-6.247224e+00	-3.318038e+01
448	-1.641782e+01	-7.615194e+00	-3.399959e+01
449	-1.678011e+01	-8.387347e+00	-3.471715e+01
450	-1.847888e+01	-7.731218e+00	-3.457073e+01
451	-2.009155e+01	-8.607258e+00	-3.459211e+01
452	-2.069521e+01	-7.630278e+00	-3.407633e+01
453	-2.157695e+01	-7.098247e+00	-3.252304e+01
454	-2.296073e+01	-7.853008e+00	-3.372794e+01
455	-2.128172e+01	-9.456934e+00	-3.286901e+01
456	-2.296482e+01	-1.086372e+01	-3.257778e+01
457	-2.352594e+01	-9.473408e+00	-3.112546e+01
458	-2.307610e+01	-1.046220e+01	-3.170780e+01
459	-2.433390e+01	-9.857152e+00	-3.091089e+01
460	-2.565760e+01	-9.714869e+00	-3.167063e+01
461	-2.415671e+01	-1.040791e+01	-3.294293e+01
462	-2.568680e+01	-1.101134e+01	-3.367476e+01
463	-2.396570e+01	-1.149748e+01	-3.331981e+01
464	-2.463331e+01	-1.112986e+01	-3.330994e+01
465	-2.448511e+01	-9.699614e+00	-3.421640e+01
466	-2.517101e+01	-1.064087e+01	-3.506914e+01
467	-2.447894e+01	-1.016398e+01	-3.674882e+01
468	-2.405475e+01	-9.617576e+00	-3.656113e+01
469	-2.446337e+01	-8.412011e+00	-3.521193e+01
470	-2.608967e+01	-7.186132e+00	-3.477125e+01
471	-2.665340e+01	-6.039173e+00	-3.428537e+01
472	-2.763790e+01	-6.607280e+00	-3.524524e+01
473	-2.707107e+01	-7.795311e+00	-3.362461e+01
474	-2.726134e+01	-9.420629e+00	-3.446852e+01
475	-2.710150e+01	-9.207906e+00	-3.535237e+01
476	-2.662620e+01	-9.261086e+00	-3.631228e+01
477	-2.804332e+01	-7.728434e+00	-3.579638e+01
478	-2.892286e+01	-6.136514e+00	-3.736709e+01
479	-2.721841e+01	-7.217427e+00	-3.665268e+01
480	-2.658893e+01	-8.054584e+00	-3.836411e+01
481	-2.809121e+01	-8.812006e+00	-3.799884e+01
482	-2.721788e+01	-9.695337e+00	-3.650189e+01
483	-2.690607e+01	-1.071097e+01	-3.497092e+01
484	-2.733932e+01	-1.096900e+01	-3.450255e+01
485	-2.689906e+01	-1.099051e+01	-3.544815e+01
486	-2.516946e+01	-9.266983e+00	-3.680162e+01
487	-2.351624e+01	-1.061537e+01	-3.550198e+01
488	-2.424686e+01	-9.962405e+00	-3.611870e+01
489	-2.504097e+01	-8.597708e+00	-3.751584e+01
490	-2.517453e+01	-9.000759e+00	-3.583180e+01
491	-2.432593e+01	-1.007680e+01	-3.711579e+01
492	-2.333571e+01	-1.032514e+01	-3.634876e+01
493	-2.295255e+01	-1.025324e+01	-3.722945e+01
494	-2.220777e+01	-1.109662e+01	-3.835032e+01
495	-2.252601e+01	-9.778992e+00	-3.956540e+01
496	-2.277274e+01	-1.124810e+01	-3.871288e+01
497	-2.413806e+01	-9.577478e+00	-3.749837e+01
498	-2.334301e+01	-1.073036e+01	-3.606683e+01
499	-2.249713e+01	-9.621236e+00	-3.672403e+01
500	-2.374084e+01	-1.124209e+01	-3.692910e+01
501	-2.541770e+01	-1.041120e+01	-3.859560e+01
502	-2.579080e+01	-1.176229e+01	-3.743005e+01
503	-2.589755e+01	-1.076534e+01	-3.775268e+01
504	-2.631608e+01	-9.122729e+00	-3.627055e+01
505	-2.554226e+01	-1.031504e+01	-3.652429e+01
506	-2.505538e+01	-8.836036e+00	-3.723140e+01
507	-2.406178e+01	-8.811122e+00	-3.644261e+01
508	-2.297195e+01	-8.604841e+00	-3.472243e+01
509	-2.185038e+01	-7.141167e+00	-3.425956e+01
510	-2.342154e+01	-5.624545e+00	-3.537317e+01
511	-2.172500e+01	-6.157481e+00	-3.388886e+01
512	-2.120597e+01	-7.621229e+00	-3.526303e+01
513	-1.955418e+01	-9.159933e+00	-3.507585e+01
514	-1.916400e+01	-9.835881e+00	-3.640939e+01
515	-1.949900e+01	-9.812046e+00	-3.565830e+01
516	-1.901817e+01	-8.372726e+00	-3.650030e+01
517	-1.827845e+01	-9.491680e+00	-3.661532e+01
518	-1.749050e+01	-1.110358e+01	-3.650397e+01
519	-1.669741e+01	-1.148310e+01	-3.732591e+01
520	-1.763719e+01	-1.060867e+01	-3.564465e+01
521	-1.633389e+01	-1.226747e+01	-3.712575e+01
522	-1.494284e+01	-1.164215e+01	-3.567885e+01
523	-1.493276e+01	-1.134202e+01	-3.585048e+01
524	-1.456608e+01	-9.908876e+00	-3.526631e+01
525	-1.460755e+01	-8.458069e+00	-3.360986e+01
526	-1.332574e+01	-8.504948e+00	-3.411333e+01
527	-1.344035e+01	-7.100562e+00	-3.245349e+01
528	-1.469857e+01	-8.384204e+00	-3.262791e+01
529	-1.339252e+01	-7.289739e+00	-3.119572e+01
530	-1.316612e+01	-7.914659e+00	-3.084192e+01
531	-1.409123e+01	-9.134634e+00	-3.012988e+01
532	-1.559146e+01	-1.048634e+01	-3.007079e+01
533	-1.640038e+01	-1.093927e+01	-3.070216e+01
534	-1.769877e+01	-1.056652e+01	-2.905291e+01
535	-1.739967e+01	-9.196663e+00	-2.739193e+01
536	-1.592814e+01	-9.046054e+00	-2.830471e+01
537	-1.539772e+01	-7.629485e+00	-2.881556e+01
538	-1.494009e+01	-8.857636e+00	-2.718256e+01
539	-1.654610e+01	-8.624926e+00	-2.734796e+01
540	-1.510531e+01	-7.698526e+00	-2.674872e+01
541	-1.624574e+01	-6.090077e+00	-2.821883e+01
542	-1.645917e+01	-4.407456e+00	-2.680477e+01
543	-1.816061e+01	-3.358823e+00	-2.677376e+01
544	-1.834280e+01	-1.844500e+00	-2.535983e+01
545	-1.751337e+01	-2.025827e+00	-2.542972e+01
546	-1.816334e+01	-2.767335e+00	-2.695257e+01
547	-1.938053e+01	-1.239125e+00	-2.839528e+01
548	-1.918286e+01	-1.010988e-01	-2.676367e+01
549	-2.000844e+01	-1.589183e+00	-2.715793e+01
550	-1.837503e+01	-1.665888e+00	-2.753808e+01
551	-1.967347e+01	-3.108699e-01	-2.641898e+01
552	-1.995448e+01	+5.655864e-01	-2.627473e+01
553	-2.165731e+01	+1.234447e+00	-2.752250e+01
554	-2.022056e+01	-2.810483e-03	-2.728636e+01
555	-1.946043e+01	-1.515805e+00	-2.568042e+01
556	-1.865322e+01	-1.188356e+00	-2.710722e+01
557	-1.741333e+01	+1.406722e-01	-2.684500e+01
558	-1.734978e+01	+6.398482e-01	-2.587922e+01
559	-1.656488e+01	+1.137073e+00	-2.545653e+01
560	-1.520661e+01	+2.353157e+00	-2.686255e+01
561	-1.566447e+01	+1.558498e+00	-2.689351e+01
562	-1.511165e+01	+2.145683e+00	-2.682175e+01
563	-1.411909e+01	+1.551562e+00	-2.620634e+01
564	-1.398867e+01	+7.099099e-01	-2.712892e+01
565	-1.540519e+01	+1.559820e-01	-2.673419e+01
566	-1.598321e+01	-1.263586e+00	-2.745590e+01
567	-1.457627e+01	-1.029592e+00	-2.618673e+01
568	-1.315895e+01	-2.450110e+00	-2.772694e+01
569	-1.373572e+01	-3.651196e+00	-2.658402e+01
570	-1.255711e+01	-2.526668e+00	-2.640427e+01
571	-1.269185e+01	-3.071357e+00	-2.497326e+01
572	-1.389386e+01	-3.279083e+00	-2.628042e+01
573	-1.350622e+01	-4.029079e+00	-2.525600e+01
574	-1.252994e+01	-5.694358e+00	-2.529394e+01
575	-1.268547e+01	-4.397398e+00	-2.553038e+01
576	-1.390844e+01	-4.720359e+00	-2.415538e+01
577	-1.480290e+01	-3.607097e+00	-2.447166e+01
578	-1.391792e+01	-2.582583e+00	-2.300974e+01
579	-1.248758e+01	-3.221815e+00	-2.372286e+01
580	-1.409832e+01	-3.102395e+00	-2.343042e+01
581	-1.315691e+01	-4.750272e+00	-2.399730e+01
582	-1.165826e+01	-3.136324e+00	-2.325342e+01
583	-1.190717e+01	-3.901050e+00	-2.412143e+01
584	-1.216556e+01	-3.830562e+00	-2.259122e+01
585	-1.105865e+01	-3.694525e+00	-2.203690e+01
586	-1.095992e+01	-3.499001e+00	-2.171234e+01
587	-1.247045e+01	-2.336153e+00	-2.092576e+01
588	-1.272877e+01	-1.235763e+00	-2.003385e+01
589	-1.323646e+01	-2.642650e-01	-1.858459e+01
590	-1.451745e+01	-1.294458e+00	-1.847854e+01
591	-1.522720e+01	-6.782366e-01	-1.982415e+01
592	-1.537290e+01	+2.443764e-01	-1.943719e+01
593	-1.492925e+01	-9.446220e-01	-1.939107e+01
594	-1.548506e+01	-4.809957e-01	-1.989956e+01
595	-1.612605e+01	-9.304319e-01	-1.854027e+01
596	-1.720059e+01	-2.123359e+00	-1.979292e+01
597	-1.886247e+01	-2.762049e+00	-1.919541e+01
598	-1.802148e+01	-2.177757e+00	-1.761744e+01
599	-1.825258e+01	-1.561913e+00	-1.867173e+01
600	-1.927003e+01	-3.118255e+00	-1.845834e+01
601	-1.913502e+01	-3.893464e+00	-1.895290e+01
602	-1.834284e+01	-3.474100e+00	-2.032494e+01
603	-1.959907e+01	-2.501136e+00	-2.052191e+01
604	-2.108139e+01	-2.548909e+00	-1.952082e+01
605	-2.249810e+01	-2.948853e+00	-1.911801e+01
606	-2.202807e+01	-3.032789e+00	-2.061797e+01
607	-2.152506e+01	-1.634663e+00	-2.033039e+01
608	-2.100195e+01	-1.707620e+00	-1.867232e+01
609	-1.966906e+01	-3.334233e+00	-1.810382e+01
610	-1.975865e+01	-1.707315e+00	-1.961401e+01
611	-1.814375e+01	-2.283732e+00	-2.053192e+01
612	-1.808890e+01	-3.068933e+00	-1.962837e+01
613	-1.971443e+01	-3.562471e+00	-2.064176e+01
614	-1.968528e+01	-4.974183e+00	-2.154292e+01
615	-1.826053e+01	-4.423172e+00	-2.116525e+01
616	-1.753814e+01	-3.095920e+00	-2.180144e+01
617	-1.838071e+01	-4.522372e+00	-2.232760e+01
618	-1.970029e+01	-2.991210e+00	-2.171516e+01
619	-1.961140e+01	-4.480279e+00	-2.162991e+01
620	-2.054472e+01	-3.751020e+00	-2.242754e+01
621	-2.167933e+01	-3.307168e+00	-2.278589e+01
622	-2.329637e+01	-4.341653e+00	-2.112180e+01
623	-2.258689e+01	-2.934611e+00	-2.011576e+01
624	-2.288793e+01	-3.873400e+00	-1.859451e+01
625	-2.429007e+01	-2.677531e+00	-1.832426e+01
626	-2.427163e+01	-3.397033e+00	-1.803093e+01
627	-2.423997e+01	-5.045999e+00	-1.794177e+01
628	-2.362053e+01	-4.589785e+00	-1.847722e+01
629	-2.307993e+01	-5.948624e+00	-1.887649e+01
630	-2.219875e+01	-4.362341e+00	-1.725461e+01
631	-2.078345e+01	-3.939081e+00	-1.785756e+01
632	-2.134342e+01	-3.122563e+00	-1.757685e+01
633	-2.226655e+01	-4.620725e+00	-1.927804e+01
634	-2.164923e+01	-5.394959e+00	-2.089819e+01
635	-2.193031e+01	-5.055476e+00	-2.258776e+01
636	-2.149729e+01	-3.800788e+00	-2.226790e+01
637	-2.190390e+01	-4.562912e+00	-2.327983e+01
638	-2.035683e+01	-2.972032e+00	-2.314175e+01
639	-1.973913e+01	-3.278932e+00	-2.223745e+01
640	-1.953569e+01	-3.315096e+00	-2.339068e+01
641	-1.981874e+01	-3.199088e+00	-2.431255e+01
642	-2.068675e+01	-1.577041e+00	-2.416100e+01
643	-2.121092e+01	-1.675680e+00	-2.313293e+01
644	-2.009453e+01	-3.023851e+00	-2.372914e+01
645	-1.856773e+01	-1.549447e+00	-2.450364e+01
646	-1.999426e+01	-1.016385e+00	-2.471444e+01
647	-2.000284e+01	-2.683347e-02	-2.524718e+01
648	-2.088793e+01	-4.738481e-01	-2.555583e+01
649	-2.077706e+01	-5.894350e-01	-2.490636e+01
650	-1.991742e+01	-3.232264e-01	-2.431586e+01
651	-1.969559e+01	+2.850286e-01	-2.292887e+01
652	-1.859957e+01	+1.665787e-01	-2.219159e+01
653	-1.700008e+01	+9.794888e-01	-2.356526e+01
654	-1.775330e+01	-9.389329e-02	-2.454057e+01
655	-1.892789e+01	+8.816693e-01	-2.315355e+01
656	-1.980388e+01	+1.236194e-02	-2.251642e+01
657	-1.879379e+01	+9.405219e-01	-2.335746e+01
658	-1.827106e+01	+1.035237e+00	-2.500327e+01
659	-1.689050e+01	+2.643240e+00	-2.653561e+01
660	-1.613555e+01	+1.303553e+00	-2.634262e+01
661	-1.715535e+01	+1.644190e+00	-2.582473e+01
662	-1.592152e+01	+2.721975e+00	-2.684935e+01
663	-1.588132e+01	+2.920133e+00	-2.644310e+01
664	-1.496982e+01	+3.354426e+00	-2.486795e+01
665	-1.466147e+01	+2.456573e+00	-2.494679e+01
666	-1.410337e+01	+2.351446e+00	-2.424522e+01
667	-1.498546e+01	+1.719392e+00	-2.295082e+01
668	-1.451784e+01	+1.462110e-01	-2.378303e+01
669	-1.324189e+01	-1.426209e-01	-2.550611e+01
670	-1.332539e+01	+1.099138e+00	-2.572729e+01
671	-1.354468e+01	+4.111466e-01	-2.669198e+01
672	-1.401350e+01	-5.267954e-01	-2.802168e+01
673	-1.271539e+01	-1.721803e+00	-2.839968e+01
674	-1.303463e+01	-2.986409e+00	-2.822138e+01
675	-1.208472e+01	-3.540966e+00	-2.833609e+01
676	-1.288831e+01	-4.327455e+00	-2.700117e+01
677	-1.416089e+01	-3.390245e+00	-2.701483e+01
678	-1.429483e+01	-4.274677e+00	-2.716705e+01
679	-1.290428e+01	-5.303072e+00	-2.822023e+01
680	-1.340969e+01	-5.362511e+00	-2.732468e+01
681	-1.492011e+01	-4.953297e+00	-2.568447e+01
682	-1.647785e+01	-6.505547e+00	-2.542756e+01
683	-1.491659e+01	-6.643122e+00	-2.441715e+01
684	-1.336870e+01	-7.058311e+00	-2.433160e+01
685	-1.211775e+01	-6.056165e+00	-2.314009e+01
686	-1.204909e+01	-4.684706e+00	-2.398383e+01
687	-1.146302e+01	-5.188222e+00	-2.413027e+01
688	-1.133298e+01	-6.011053e+00	-2.446356e+01
689	-1.178692e+01	-6.656838e+00	-2.478460e+01
690	-1.244093e+01	-6.399385e+00	-2.638041e+01
691	-1.079443e+01	-7.410145e+00	-2.797905e+01
692	-1.205265e+01	-8.391182e+00	-2.926814e+01
693	-1.188012e+01	-6.684335e+00	-2.945753e+01
694	-1.048786e+01	-7.891223e+00	-3.083435e+01
695	-9.387915e+00	-8.537455e+00	-2.958023e+01
696	-1.070892e+01	-6.856818e+00	-2.994906e+01
697	-1.165690e+01	-7.810910e+00	-2.997396e+01
698	-1.263878e+01	-7.972723e+00	-2.947039e+01
699	-1.127828e+01	-8.248526e+00	-2.927009e+01
700	-1.246633e+01	-9.929309e+00	-2.899069e+01
701	-1.342268e+01	-8.859776e+00	-2.838963e+01
702	-1.181250e+01	-9.076050e+00	-2.903559e+01
703	-1.279903e+01	-8.680169e+00	-2.987422e+01
704	-1.283561e+01	-7.827614e+00	-3.154238e+01
705	-1.422110e+01	-6.127837e+00	-3.304008e+01
706	-1.493563e+01	-6.773319e+00	-3.370664e+01
707	-1.545531e+01	-8.384309e+00	-3.320444e+01
708	-1.532195e+01	-8.870751e+00	-3.419511e+01
709	-1.405811e+01	-7.649220e+00	-3.341338e+01
710	-1.461599e+01	-6.953338e+00	-3.365901e+01
711	-1.366226e+01	-5.883604e+00	-3.363313e+01
712	-1.456870e+01	-7.538068e+00	-3.504838e+01
713	-1.493867e+01	-7.394341e+00	-3.509741e+01
714	-1.607784e+01	-6.133833e+00	-3.391288e+01
715	-1.502922e+01	-7.340967e+00	-3.474716e+01
716	-1.640812e+01	-8.564933e+00	-3.639503e+01
717	-1.741937e+01	-7.138402e+00	-3.653378e+01
718	-1.804412e+01	-8.481207e+00	-3.654132e+01
719	-1.789783e+01	-8.081422e+00	-3.510859e+01
720	-1.717352e+01	-8.628145e+00	-3.337814e+01
721	-1.716945e+01	-8.221183e+00	-3.170429e+01
722	-1.739515e+01	-8.284322e+00	-3.001710e+01
723	-1.606208e+01	-9.068347e+00	-3.061212e+01
724	-1.620248e+01	-7.465785e+00	-2.991903e+01
725	-1.673197e+01	-6.062693e+00	-2.959234e+01
726	-1.586023e+01	-6.401128e+00	-2.958723e+01
727	-1.583442e+01	-6.452112e+00	-2.828419e+01
728	-1.436265e+01	-7.157913e+00	-2.890336e+01
729	-1.547436e+01	-6.386612e+00	-3.020616e+01
730	-1.642128e+01	-4.736219e+00	-2.901633e+01
731	-1.585144e+01	-6.091395e+00	-2.827440e+01
732	-1.677737e+01	-7.032352e+00	-2.970133e+01
733	-1.672104e+01	-5.721097e+00	-2.907507e+01
734	-1.658907e+01	-4.337490e+00	-3.019498e+01
735	-1.665941e+01	-4.915000e+00	-3.082863e+01
736	-1.616561e+01	-5.469006e+00	-3.128833e+01
737	-1.657263e+01	-3.886079e+00	-3.134063e+01
738	-1.685867e+01	-2.754186e+00	-2.989811e+01
739	-1.646784e+01	-1.100443e+00	-3.100405e+01
740	-1.528586e+01	+4.121152e-01	-2.932271e+01
741	-1.456792e+01	-5.739499e-02	-2.965881e+01
742	-1.287426e+01	+1.296284e+00	-2.892605e+01
743	-1.336165e+01	+7.532028e-01	-2.900301e+01
744	-1.259598e+01	+2.482602e+00	-2.903549e+01
745	-1.235536e+01	+9.183573e-01	-2.976277e+01
746	-1.319960e+01	-6.664176e-01	-2.968476e+01
747	-1.386712e+01	+2.989407e-01	-2.859389e+01
748	-1.475927e+01	+1.689810e+00	-2.991576e+01
749	-1.509798e+01	+5.080610e-01	-2.828081e+01
750	-1.501107e+01	-1.428680e-01	-2.662412e+01
751	-1.402389e+01	+3.318874e-01	-2.801052e+01
752	-1.272478e+01	-1.859870e-01	-2.724455e+01
753	-1.402686e+01	+6.668975e-01	-2.601107e+01
754	-1.512606e+01	+2.336195e+00	-2.647614e+01
755	-1.622554e+01	+2.593002e+00	-2.714116e+01
756	-1.621790e+01	+1.273988e+00	-2.588519e+01
757	-1.561941e+01	+2.228949e+00	-2.513271e+01
758	-1.466356e+01	+5.421268e-01	-2.645558e+01
759	-1.524223e+01	-5.104132e-01	-2.558815e+01
760	-1.613523e+01	-2.233035e+00	-2.660725e+01
761	-1.759066e+01	-2.079581e+00	-2.676364e+01
762	-1.588180e+01	-3.762265e-01	-2.641730e+01
763	-1.752839e+01	-1.472272e+00	-2.710874e+01
764	-1.739147e+01	-2.810736e+00	-2.653391e+01
765	-1.839447e+01	-2.799363e+00	-2.693585e+01
766	-1.719679e+01	-1.339056e+00	-2.723043e+01
767	-1.804810e+01	-5.065824e-01	-2.844284e+01
768	-1.972083e+01	-1.378095e+00	-2.989115e+01
769	-1.910035e+01	-1.428196e+00	-2.977360e+01
770	-1.813314e+01	-1.036938e+00	-2.915930e+01
771	-1.854252e+01	-2.056556e-01	-2.869312e+01
772	-1.741440e+01	-1.911525e+00	-2.948279e+01
773	-1.737861e+01	-3.203864e+00	-3.066914e+01
774	-1.743368e+01	-3.711436e+00	-3.071892e+01
775	-1.869775e+01	-4.383948e+00	-2.969423e+01
776	-1.801003e+01	-4.048504e+00	-2.874647e+01
777	-1.796824e+01	-3.906586e+00	-2.989789e+01
778	-1.626676e+01	-4.554177e+00	-2.909627e+01
779	-1.578888e+01	-3.101214e+00	-2.789076e+01
780	-1.676236e+01	-3.017538e+00	-2.725305e+01
781	-1.700450e+01	-1.329324e+00	-2.885567e+01
782	-1.849074e+01	-1.393961e+00	-2.755605e+01
783	-1.724770e+01	-3.057494e+00	-2.596438e+01
784	-1.807778e+01	-2.943067e+00	-2.670244e+01
785	-1.972842e+01	-1.984840e+00	-2.796526e+01
786	-1.920125e+01	-2.777802e+00	-2.913015e+01
787	-2.038723e+01	-2.593601e+00	-2.890565e+01
788	-2.042029e+01	-3.713992e+00	-2.931770e+01
789	-1.975321e+01	-5.027644e+00	-2.800092e+01
790	-1.898018e+01	-4.731846e+00	-2.913576e+01
791	-1.782169e+01	-6.326163e+00	-2.996066e+01
792	-1.682612e+01	-7.798094e+00	-2.864864e+01
793	-1.831771e+01	-8.824340e+00	-2.988463e+01
794	-1.964816e+01	-8.311827e+00	-2.992221e+01
795	-1.905193e+01	-8.191916e+00	-2.950871e+01
796	-1.927743e+01	-8.000950e+00	-2.922510e+01
797	-1.897515e+01	-7.066081e+00	-3.019207e+01
798	-1.917211e+01	-8.226992e+00	-2.929456e+01
799	-1.869593e+01	-7.108448e+00	-2.930273e+01
800	-1.759856e+01	-7.029183e+00	-2.931699e+01
801	-1.607545e+01	-5.774593e+00	-2.961854e+01
802	-1.479710e+01	-7.417862e+00	-3.012885e+01
803	-1.331669e+01	-7.892508e+00	-2.922554e+01
804	-1.237177e+01	-6.633722e+00	-2.971345e+01
805	-1.355184e+01	-6.401079e+00	-2.844749e+01
806	-1.506251e+01	-7.145470e+00	-2.923936e+01
807	-1.338627e+01	-6.117848e+00	-3.029148e+01
808	-1.235960e+01	-5.401396e+00	-2.987325e+01
809	-1.117258e+01	-6.065953e+00	-3.099828e+01
810	-1.050889e+01	-6.780128e+00	-2.942171e+01
811	-1.029444e+01	-7.440119e+00	-2.890965e+01
812	-1.089838e+01	-6.775814e+00	-3.020153e+01
813	-1.072497e+01	-7.902505e+00	-3.115504e+01
814	-9.700878e+00	-7.287603e+00	-3.016023e+01
815	-1.030742e+01	-8.549562e+00	-2.994124e+01
816	-9.589085e+00	-1.009512e+01	-2.953750e+01
817	-1.038510e+01	-1.089371e+01	-2.955526e+01
818	-1.202204e+01	-1.193001e+01	-2.810382e+01
819	-1.298467e+01	-1.346588e+01	-2.793655e+01
820	-1.403900e+01	-1.364558e+01	-2.803766e+01
821	-1.274837e+01	-1.498350e+01	-2.827211e+01
822	-1.292066e+01	-1.638633e+01	-2.773326e+01
823	-1.356727e+01	-1.570421e+01	-2.618972e+01
824	-1.527827e+01	-1.435212e+01	-2.673303e+01
825	-1.379471e+01	-1.334979e+01	-2.723228e+01
826	-1.320638e+01	-1.484715e+01	-2.588444e+01
827	-1.474352e+01	-1.400056e+01	-2.517857e+01
828	-1.337665e+01	-1.265390e+01	-2.536565e+01
829	-1.486455e+01	-1.114326e+01	-2.552954e+01
830	-1.344616e+01	-1.199240e+01	-2.463592e+01
831	-1.189593e+01	-1.292101e+01	-2.355526e+01
832	-1.149940e+01	-1.258118e+01	-2.283129e+01
833	-1.313263e+01	-1.185380e+01	-2.450341e+01
834	-1.194789e+01	-1.084531e+01	-2.314223e+01
835	-1.036635e+01	-1.029711e+01	-2.240292e+01
836	-1.017989e+01	-9.216744e+00	-2.290096e+01
837	-9.785891e+00	-8.251849e+00	-2.239643e+01
838	-1.113993e+01	-8.693065e+00	-2.125361e+01
839	-1.166637e+01	-7.711739e+00	-2.151679e+01
840	-1.085896e+01	-7.609053e+00	-1.999370e+01
841	-1.019808e+01	-6.422316e+00	-2.057260e+01
842	-1.038864e+01	-7.360967e+00	-1.992368e+01
843	-1.129240e+01	-8.000809e+00	-1.983713e+01
844	-1.129803e+01	-9.083798e+00	-1.943604e+01
845	-1.082220e+01	-8.402822e+00	-1.907255e+01
846	-9.987314e+00	-7.331537e+00	-1.982507e+01
847	-8.719380e+00	-6.727206e+00	-1.840466e+01
848	-7.809350e+00	-5.091677e+00	-1.779318e+01
849	-9.529598e+00	-4.615225e+00	-1.951975e+01
850	-8.991769e+00	-5.035944e+00	-1.783858e+01
851	-7.718406e+00	-5.232782e+00	-1.714339e+01
852	-7.401999e+00	-4.186608e+00	-1.672198e+01
853	-8.360247e+00	-2.458433e+00	-1.659808e+01
854	-1.003441e+01	-1.723719e+00	-1.575559e+01
855	-9.832120e+00	-9.329621e-01	-1.635738e+01
856	-9.476654e+00	+5.502402e-01	-1.611573e+01
857	-7.983465e+00	+9.041913e-01	-1.582397e+01
858	-9.073079e+00	+5.938244e-01	-1.548996e+01
859	-7.915288e+00	-8.095035e-02	-1.532240e+01
860	-6.718113e+00	+1.302097e+00	-1.499198e+01
861	-5.108453e+00	-8.683023e-02	-1.334396e+01
862	-6.133010e+00	+7.294411e-01	-1.412475e+01
863	-4.414143e+00	+2.676348e-03	-1.408262e+01
864	-5.996060e+00	-1.551097e+00	-1.303567e+01
865	-5.151270e+00	-2.876526e+00	-1.274606e+01
866	-5.602544e+00	-2.435782e+00	-1.406675e+01
867	-4.164613e+00	-4.163248e+00	-1.415324e+01
868	-2.921169e+00	-4.906172e+00	-1.550399e+01
869	-2.118421e+00	-6.074165e+00	-1.620591e+01
870	-3.053763e+00	-4.427678e+00	-1.460883e+01
871	-1.679712e+00	-5.140182e+00	-1.596584e+01
872	-3.256617e-01	-4.303091e+00	-1.434424e+01
873	+1.309282e+00	-3.692751e+00	-1.281720e+01
874	+2.357556e+00	-2.803850e+00	-1.144152e+01
875	+3.093728e+00	-1.867337e+00	-1.133771e+01
876	+3.639389e+00	-2.671419e-01	-1.136779e+01
877	+4.295314e+00	-1.788622e+00	-1.255168e+01
878	+4.090483e+00	-3.038178e+00	-1.352620e+01
879	+3.008705e+00	-1.342163e+00	-1.521077e+01
880	+4.210864e+00	-2.518709e+00	-1.368775e+01
881	+2.690824e+00	-1.104236e+00	-1.212842e+01
882	+2.852229e+00	-4.855245e-01	-1.211000e+01
883	+3.501876e+00	+1.015000e+00	-1.190519e+01
884	+3.602498e+00	+1.087345e+00	-1.199670e+01
885	+2.146900e+00	+2.253709e+00	-1.066005e+01
886	+2.637747e+00	+3.011815e+00	-9.437388e+00
887	+3.765694e+00	+1.428053e+00	-8.362259e+00
888	+2.126749e+00	+2.411874e+00	-7.387940e+00
889	+3.593787e+00	+9.023398e-01	-6.217384e+00
890	+5.077669e+00	+1.663935e+00	-7.869488e+00
891	+6.010547e+00	+3.220654e+00	-7.211467e+00
892	+5.642678e+00	+2.603687e+00	-7.542856e+00
893	+4.267038e+00	+1.116654e+00	-6.852172e+00
894	+5.176092e+00	+1.104223e+00	-6.846105e+00
895	+6.879817e+00	+1.283176e+00	-7.621989e+00
896	+6.255218e+00	-2.605421e-01	-7.912457e+00
897	+6.029611e+00	+1.161606e+00	-9.340399e+00
898	+6.609174e+00	-4.947616e-01	-8.093002e+00
899	+5.242706e+00	-1.838997e+00	-9.798427e+00
900	+4.186666e+00	-7.010412e-01	-8.349261e+00
901	+3.771004e+00	-1.898925e+00	-7.728274e+00
902	+5.390870e+00	-3.098036e+00	-7.049567e+00
903	+4.335058e+00	-4.698410e+00	-8.618252e+00
904	+4.659080e+00	-3.906581e+00	-8.220584e+00
905	+5.139343e+00	-4.821928e+00	-9.864599e+00
906	+5.216784e+00	-5.821928e+00	-8.723962e+00
907	+5.527989e+00	-5.217403e+00	-9.523090e+00
908	+6.204312e+00	-5.389121e+00	-1.003225e+01
909	+7.904702e+00	-5.045300e+00	-1.003832e+01
910	+8.588563e+00	-6.743469e+00	-1.063500e+01
911	+7.889222e+00	-5.891963e+00	-9.685194e+00
912	+6.179200e+00	-5.325199e+00	-8.100390e+00
913	+7.769334e+00	-5.736769e+00	-9.139957e+00
914	+8.823135e+00	-5.169748e+00	-8.825841e+00
915	+1.043844e+01	-4.491648e+00	-9.412405e+00
916	+1.194001e+01	-3.484045e+00	-1.030158e+01
917	+1.337994e+01	-4.932637e+00	-1.160542e+01
918	+1.173347e+01	-6.577281e+00	-1.040519e+01
919	+1.198386e+01	-6.431607e+00	-9.580774e+00
920	+1.169997e+01	-4.706496e+00	-8.801053e+00
921	+1.039099e+01	-5.066292e+00	-8.046542e+00
922	+1.205384e+01	-6.597973e+00	-8.132982e+00
923	+1.229958e+01	-6.276375e+00	-7.665726e+00
924	+1.211224e+01	-6.803333e+00	-9.326982e+00
925	+1.351409e+01	-5.208547e+00	-7.627935e+00
926	+1.464864e+01	-6.348616e+00	-5.906266e+00
927	+1.489488e+01	-6.655141e+00	-4.637061e+00
928	+1.350202e+01	-8.335588e+00	-5.702280e+00
929	+1.425136e+01	-8.092100e+00	-4.326857e+00
930	+1.319908e+01	-7.496941e+00	-5.877297e+00
931	+1.188934e+01	-8.110539e+00	-5.437624e+00
932	+1.069017e+01	-8.240977e+00	-5.285491e+00
933	+1.009634e+01	-8.153036e+00	-5.182555e+00
934	+1.047262e+01	-9.721363e+00	-5.585131e+00
935	+1.178516e+01	-8.172931e+00	-5.922959e+00
936	+1.210099e+01	-8.569638e+00	-5.788387e+00
937	+1.176686e+01	-9.546967e+00	-6.086244e+00
938	+1.302250e+01	-7.942938e+00	-5.613377e+00
939	+1.273384e+01	-8.785504e+00	-6.238389e+00
940	+1.310538e+01	-8.294675e+00	-6.862023e+00
941	+1.289662e+01	-9.277453e+00	-7.167279e+00
942	+1.236362e+01	-1.000323e+01	-6.902881e+00
943	+1.294113e+01	-1.046446e+01	-8.170076e+00
944	+1.379158e+01	-1.219465e+01	-8.010654e+00
945	+1.453870e+01	-1.157411e+01	-7.953759e+00
946	+1.445492e+01	-1.186479e+01	-8.960919e+00
947	+1.388142e+01	-1.299299e+01	-9.168602e+00
948	+1.220932e+01	-1.361909e+01	-1.020257e+01
949	+1.288049e+01	-1.364512e+01	-1.041277e+01
950	+1.298201e+01	-1.266834e+01	-9.109601e+00
951	+1.279111e+01	-1.287568e+01	-1.051150e+01
952	+1.281003e+01	-1.391252e+01	-1.073912e+01
953	+1.155095e+01	-1.368962e+01	-9.465293e+00
954	+1.196453e+01	-1.395905e+01	-1.115166e+01
955	+1.084246e+01	-1.433339e+01	-1.068622e+01
956	+9.893530e+00	-1.387021e+01	-1.232688e+01
957	+9.353736e+00	-1.226266e+01	-1.168875e+01
958	+9.433777e+00	-1.396311e+01	-1.259817e+01
959	+9.294359e+00	-1.476995e+01	-1.089087e+01
960	+8.107760e+00	-1.334309e+01	-1.061686e+01
961	+9.081012e+00	-1.405789e+01	-1.174028e+01
962	+9.230046e+00	-1.550644e+01	-1.246813e+01
963	+7.847315e+00	-1.433962e+01	-1.385975e+01
964	+7.666849e+00	-1.284719e+01	-1.548759e+01
965	+7.427113e+00	-1.189171e+01	-1.642741e+01
966	+7.818960e+00	-1.328684e+01	-1.755897e+01
967	+8.962022e+00	-1.450384e+01	-1.823649e+01
968	+8.103393e+00	-1.283077e+01	-1.834949e+01
969	+7.881387e+00	-1.115630e+01	-1.683005e+01
970	+9.357094e+00	-1.188360e+01	-1.737102e+01
971	+8.460014e+00	-1.049368e+01	-1.654352e+01
972	+7.660500e+00	-1.083221e+01	-1.492159e+01
973	+7.773145e+00	-1.223793e+01	-1.417341e+01
974	+7.804256e+00	-1.379864e+01	-1.316487e+01
975	+8.711997e+00	-1.281371e+01	-1.482430e+01
976	+8.516677e+00	-1.140861e+01	-1.626275e+01
977	+6.877900e+00	-1.073302e+01	-1.655108e+01
978	+6.299845e+00	-1.149750e+01	-1.731550e+01
979	+7.999203e+00	-1.270945e+01	-1.714245e+01
980	+6.321329e+00	-1.242804e+01	-1.644662e+01
981	+5.458271e+00	-1.113876e+01	-1.517355e+01
982	+6.255869e+00	-1.082229e+01	-1.560158e+01
983	+4.596127e+00	-9.922840e+00	-1.599345e+01
984	+6.212191e+00	-1.139496e+01	-1.434170e+01
985	+6.954655e+00	-9.670003e+00	-1.501700e+01
986	+6.972708e+00	-8.109727e+00	-1.537698e+01
987	+8.607431e+00	-8.408847e+00	-1.604455e+01
988	+7.522868e+00	-9.051501e+00	-1.594889e+01
989	+6.928255e+00	-7.800150e+00	-1.712192e+01
990	+5.759635e+00	-7.030824e+00	-1.818204e+01
991	+4.936415e+00	-6.236031e+00	-1.745949e+01
992	+4.665712e+00	-5.125903e+00	-1.746623e+01
993	+5.737911e+00	-4.433545e+00	-1.731069e+01
994	+7.378521e+00	-3.312237e+00	-1.788050e+01
995	+6.647515e+00	-3.409387e+00	-1.629931e+01
996	+5.671965e+00	-4.020827e+00	-1.520317e+01
997	+5.978782e+00	-5.400074e+00	-1.693184e+01
998	+4.786746e+00	-4.983058e+00	-1.731709e+01
999	+6.030498e+00	-3.730816e+00	-1.777918e+01
1000	+7.630533e+00	-3.384422e+00	-1.864051e+01

