0 1  0  0  0
0 0.995  -0.1  1  0
0.1 0.980025  -0.199  0.995004  -0.0998334
0.2 0.955225  -0.296008  0.980067  -0.198669
0.3 0.920848  -0.39005  0.955336  -0.29552
0.4 0.877239  -0.480185  0.921061  -0.389418
0.5 0.824834  -0.565507  0.877583  -0.479426
0.6 0.764159  -0.645163  0.825336  -0.564642
0.7 0.695822  -0.718353  0.764842  -0.644218
0.8 0.620508  -0.784344  0.696707  -0.717356
0.9 0.538971  -0.842473  0.62161  -0.783327
1 0.452029  -0.892158  0.540302  -0.841471
1.1 0.360553  -0.9329  0.453596  -0.891207
1.2 0.26546  -0.96429  0.362358  -0.932039
1.3 0.167704  -0.986015  0.267499  -0.963558
1.4 0.0682636  -0.997855  0.169967  -0.98545
1.5 -0.0318633  -0.999692  0.0707372  -0.997495
1.6 -0.131673  -0.991508  -0.0291995  -0.999574
1.7 -0.230166  -0.973383  -0.128844  -0.991665
1.8 -0.326353  -0.945499  -0.227202  -0.973848
1.9 -0.419271  -0.908136  -0.32329  -0.9463
2 -0.507988  -0.861669  -0.416147  -0.909297
2.1 -0.591615  -0.806561  -0.504846  -0.863209
2.2 -0.669313  -0.743367  -0.588501  -0.808496
2.3 -0.740304  -0.672719  -0.666276  -0.745705
2.4 -0.803874  -0.595325  -0.737394  -0.675463
2.5 -0.859387  -0.511961  -0.801144  -0.598472
2.6 -0.906286  -0.423462  -0.856889  -0.515501
2.7 -0.944101  -0.330716  -0.904072  -0.42738
2.8 -0.972452  -0.234653  -0.942222  -0.334988
2.9 -0.991055  -0.136234  -0.970958  -0.239249
3 -0.999723  -0.0364476  -0.989992  -0.14112
3.1 -0.99837  0.063707  -0.999135  -0.0415807
3.2 -0.987007  0.163225  -0.998295  0.0583741
3.3 -0.965749  0.26111  -0.98748  0.157746
3.4 -0.93481  0.356379  -0.966798  0.255541
3.5 -0.894498  0.448078  -0.936457  0.350783
3.6 -0.845217  0.535288  -0.896758  0.44252
3.7 -0.787462  0.617133  -0.8481  0.529836
3.8 -0.721812  0.692794  -0.790968  0.611858
3.9 -0.648923  0.761511  -0.725932  0.687766
4 -0.569528  0.822596  -0.653644  0.756802
4.1 -0.484421  0.875435  -0.574824  0.818277
4.2 -0.394455  0.9195  -0.490261  0.871576
4.3 -0.300533  0.954348  -0.400799  0.916166
4.4 -0.203595  0.97963  -0.307333  0.951602
4.5 -0.104614  0.995091  -0.210796  0.97753
4.6 -0.00458191  1.00058  -0.112153  0.993691
4.7 0.0954987  0.996032  -0.0123887  0.999923
4.8 0.194624  0.981502  0.087499  0.996165
4.9 0.291802  0.957132  0.186512  0.982453
5 0.386056  0.923167  0.283662  0.958924
5.1 0.476442  0.879945  0.377978  0.925815
5.2 0.562055  0.827901  0.468517  0.883455
5.3 0.642034  0.767556  0.554374  0.832267
5.4 0.71558  0.699515  0.634693  0.772764
5.5 0.781953  0.62446  0.70867  0.70554
5.6 0.84049  0.543142  0.775566  0.631267
5.7 0.890601  0.456377  0.834713  0.550686
5.8 0.931786  0.365035  0.88552  0.464602
5.9 0.963631  0.270031  0.927478  0.373877
6 0.985816  0.172318  0.96017  0.279415
6.1 0.998118  0.072875  0.983268  0.182163
6.2 1.00042  -0.0273012  0.996542  0.0830894
6.3 0.992683  -0.127206  0.999859  -0.0168139
6.4 0.974999  -0.225838  0.993185  -0.116549
6.5 0.94754  -0.322209  0.976588  -0.21512
6.6 0.910582  -0.415352  0.950233  -0.311541
6.7 0.864494  -0.504334  0.914383  -0.40485
6.8 0.809738  -0.588261  0.869397  -0.494113
6.9 0.746863  -0.666294  0.815725  -0.57844
7 0.676499  -0.737649  0.753902  -0.656987
7.1 0.599352  -0.80161  0.684547  -0.728969
7.2 0.516194  -0.857537  0.608351  -0.793668
7.3 0.427859  -0.904869  0.526078  -0.850437
7.4 0.335233  -0.943131  0.438547  -0.898708
7.5 0.239244  -0.971938  0.346635  -0.938
7.6 0.140854  -0.991003  0.25126  -0.96792
7.7 0.0410493  -1.00013  0.153374  -0.988168
7.8 -0.0591693  -0.999238  0.0539554  -0.998543
7.9 -0.158797  -0.988325  -0.0460021  -0.998941
8 -0.256836  -0.967503  -0.1455  -0.989358
8.1 -0.352302  -0.936982  -0.243544  -0.96989
8.2 -0.444239  -0.897067  -0.339155  -0.940731
8.3 -0.531724  -0.848158  -0.431377  -0.902172
8.4 -0.613881  -0.790745  -0.519289  -0.854599
8.5 -0.689886  -0.725403  -0.602012  -0.798487
8.6 -0.758977  -0.652787  -0.67872  -0.734397
8.7 -0.820461  -0.573626  -0.748647  -0.662969
8.8 -0.873721  -0.488711  -0.811093  -0.584917
8.9 -0.918224  -0.398896  -0.865435  -0.501021
9 -0.953522  -0.305079  -0.91113  -0.412118
9.1 -0.979262  -0.208201  -0.947722  -0.319098
9.2 -0.995186  -0.109234  -0.974844  -0.22289
9.3 -1.00113  -0.0091691  -0.992225  -0.124454
9.4 -0.997045  0.0909901  -0.999693  -0.0247754
9.5 -0.982961  0.19024  -0.997172  0.0751511
9.6 -0.959022  0.287585  -0.984688  0.174327
9.7 -0.925468  0.382049  -0.962365  0.271761
9.8 -0.882636  0.472685  -0.930426  0.366479
9.9 -0.830954  0.558586  -0.889191  0.457536
10 -0.770941  0.638888  -0.839072  0.544021
10.1 -0.703198  0.712788  -0.780568  0.625071
10.2 -0.628403  0.779544  -0.714266  0.699875
10.3 -0.547306  0.838486  -0.640826  0.767686
10.4 -0.460721  0.889024  -0.560984  0.827826
10.5 -0.369515  0.930651  -0.475537  0.879696
10.6 -0.274603  0.96295  -0.385338  0.922775
10.7 -0.176935  0.985595  -0.291289  0.956635
10.8 -0.0774904  0.998361  -0.19433  0.980936
10.9 0.0227331  1.00112  -0.0954289  0.995436
11 0.122731  0.993839  0.0044257  0.99999
11.1 0.221501  0.976597  0.104236  0.994553
11.2 0.318054  0.949563  0.203005  0.979178
11.3 0.41142  0.91301  0.299745  0.954019
11.4 0.500664  0.867303  0.393491  0.919329
11.5 0.584891  0.8129  0.483305  0.875452
11.6 0.663256  0.750347  0.56829  0.822829
11.7 0.734975  0.680269  0.647596  0.761984
11.8 0.799327  0.603371  0.720432  0.693525
11.9 0.855667  0.520421  0.78607  0.618137
12 0.903431  0.432252  0.843854  0.536573
12.1 0.942139  0.339748  0.893206  0.449647
12.2 0.971403  0.243835  0.933634  0.358229
12.3 0.99093  0.145476  0.964733  0.263232
12.4 1.00052  0.0456555  0.986192  0.165604
12.5 1.00009  -0.0546251  0.997798  0.0663219
12.6 0.989623  -0.15436  0.999435  -0.033623
12.7 0.969238  -0.252551  0.991085  -0.133232
12.8 0.939137  -0.348212  0.972833  -0.23151
12.9 0.89962  -0.440385  0.94486  -0.327474
13 0.851084  -0.528145  0.907447  -0.420167
13.1 0.794014  -0.610612  0.860967  -0.508661
13.2 0.728982  -0.686961  0.805884  -0.592074
13.3 0.656641  -0.756424  0.742749  -0.66957
13.4 0.577716  -0.818306  0.672193  -0.740376
13.5 0.492997  -0.871986  0.594921  -0.803784
13.6 0.403333  -0.916926  0.511704  -0.859162
13.7 0.309624  -0.952675  0.423375  -0.905955
13.8 0.212808  -0.978874  0.330815  -0.943696
13.9 0.113857  -0.99526  0.23495  -0.972008
14 0.0137615  -1.00167  0.136737  -0.990607
14.1 -0.0864743  -0.998037  0.0371584  -0.999309
14.2 -0.185846  -0.9844  -0.0627917  -0.998027
14.3 -0.283356  -0.960893  -0.162114  -0.986772
14.4 -0.378029  -0.927753  -0.259817  -0.965658
14.5 -0.468914  -0.885311  -0.354924  -0.934895
14.6 -0.555101  -0.833993  -0.446485  -0.894791
14.7 -0.635724  -0.774313  -0.533584  -0.845747
14.8 -0.709977  -0.706869  -0.615352  -0.788252
14.9 -0.777114  -0.632337  -0.690972  -0.722881
15 -0.836462  -0.551464  -0.759688  -0.650288
15.1 -0.887426  -0.465061  -0.820813  -0.571197
15.2 -0.929495  -0.373993  -0.873737  -0.486399
15.3 -0.962247  -0.279173  -0.917931  -0.396741
15.4 -0.985353  -0.181553  -0.952953  -0.303118
15.5 -0.998582  -0.0821095  -0.978453  -0.206467
15.6 -1.0018  0.0181592  -0.994178  -0.107754
15.7 -0.994975  0.118248  -0.999968  -0.00796318
15.8 -0.978175  0.217155  -0.995768  0.0919069
15.9 -0.951569  0.313886  -0.981618  0.190859
16 -0.915422  0.407474  -0.957659  0.287903
16.1 -0.870098  0.496979  -0.924133  0.382071
16.2 -0.81605  0.581504  -0.881372  0.472422
16.3 -0.753819  0.660201  -0.829806  0.558052
16.4 -0.68403  0.732282  -0.769948  0.638107
16.5 -0.607381  0.797024  -0.702397  0.711785
16.6 -0.524642  0.853777  -0.627828  0.778352
16.7 -0.436641  0.901972  -0.546986  0.837142
16.8 -0.344261  0.941126  -0.460679  0.887567
16.9 -0.248427  0.970847  -0.369768  0.929124
17 -0.1501  0.990835  -0.275163  0.961397
17.1 -0.0502661  1.00089  -0.177809  0.984065
17.2 0.0500743  1.00091  -0.0786782  0.9969
17.3 0.149915  0.990901  0.0212388  0.999774
17.4 0.248256  0.970955  0.120944  0.992659
17.5 0.34411  0.941275  0.21944  0.975626
17.6 0.436517  0.902157  0.315744  0.948844
17.7 0.52455  0.853995  0.408893  0.912582
17.8 0.607327  0.79727  0.497956  0.867202
17.9 0.684017  0.732551  0.582044  0.813157
18 0.753852  0.660486  0.660317  0.750987
18.1 0.816131  0.581799  0.731991  0.681314
18.2 0.870231  0.497277  0.796352  0.604833
18.3 0.915607  0.407767  0.852757  0.522309
18.4 0.951806  0.314168  0.90064  0.434566
18.5 0.978464  0.217416  0.939525  0.342481
18.6 0.995313  0.118483  0.969022  0.246974
18.7 1.00218  0.018359  0.988837  0.148999
18.8 0.99901  -0.0819513  0.998772  0.0495356
18.9 0.985819  -0.181442  0.998728  -0.0504227
19 0.962746  -0.279117  0.988705  -0.149877
19.1 0.930021  -0.373996  0.968802  -0.247834
19.2 0.887971  -0.465128  0.93922  -0.343315
19.3 0.837018  -0.5516  0.900254  -0.435365
19.4 0.777673  -0.632544  0.852292  -0.523066
19.5 0.71053  -0.707148  0.795815  -0.60554
19.6 0.636263  -0.774665  0.731386  -0.681964
19.7 0.555615  -0.834418  0.659649  -0.751573
19.8 0.469395  -0.885808  0.581322  -0.813674
19.9 0.378467  -0.928318  0.497186  -0.867644
20 0.283743  -0.961523  0.408082  -0.912945
20.1 0.186172  -0.98509  0.314901  -0.949125
20.2 0.0867323  -0.998782  0.218573  -0.975821
20.3 -0.0135796  -1.00246  0.120062  -0.992766
20.4 -0.113758  -0.996091  0.0203508  -0.999793
20.5 -0.212798  -0.979735  -0.0795636  -0.99683
20.6 -0.309708  -0.953556  -0.178683  -0.983907
20.7 -0.403515  -0.917818  -0.276017  -0.961153
20.8 -0.493279  -0.872877  -0.370593  -0.928795
20.9 -0.5781  -0.819185  -0.461467  -0.887158
21 -0.657128  -0.757279  -0.547729  -0.836656
21.1 -0.72957  -0.68778  -0.628519  -0.777794
21.2 -0.794701  -0.611384  -0.703029  -0.711161
21.3 -0.851865  -0.528857  -0.770514  -0.637423
21.4 -0.900492  -0.441026  -0.830301  -0.557315
21.5 -0.940092  -0.348772  -0.881792  -0.471639
21.6 -0.970269  -0.253019  -0.924472  -0.38125
21.7 -0.990719  -0.154727  -0.957915  -0.287053
21.8 -1.00124  -0.0548811  -0.981787  -0.189987
21.9 -1.00172  0.0455171  -0.995849  -0.0910224
22 -0.99216  0.145462  -0.999961  0.00885131
22.1 -0.972653  0.24395  -0.994082  0.108637
22.2 -0.943395  0.339996  -0.97827  0.207336
22.3 -0.904678  0.432635  -0.952683  0.303965
22.4 -0.856891  0.52094  -0.917578  0.397556
22.5 -0.800513  0.604024  -0.873305  0.487175
22.6 -0.736108  0.681055  -0.820305  0.571926
22.7 -0.664322  0.751261  -0.75911  0.650962
22.8 -0.585874  0.813937  -0.69033  0.723495
22.9 -0.501551  0.868454  -0.614652  0.788798
23 -0.412198  0.914267  -0.532833  0.84622
23.1 -0.31871  0.950916  -0.44569  0.895187
23.2 -0.222025  0.978032  -0.354094  0.93521
23.3 -0.123112  0.995344  -0.25896  0.965888
23.4 -0.0229615  1.00268  -0.161238  0.986916
23.5 0.0774212  0.999962  -0.0619053  0.998082
23.6 0.17703  0.98722  0.0380459  0.999276
23.7 0.274867  0.964581  0.137617  0.990486
23.8 0.369951  0.932271  0.235813  0.971798
23.9 0.461328  0.890615  0.331653  0.943401
24 0.548083  0.840029  0.424179  0.905578
24.1 0.629345  0.78102  0.512467  0.858707
24.2 0.704301  0.714181  0.595634  0.803256
24.3 0.772197  0.64018  0.67285  0.739779
24.4 0.832354  0.559759  0.743344  0.66891
24.5 0.884168  0.473725  0.806409  0.591358
24.6 0.92712  0.382939  0.861418  0.507897
24.7 0.960778  0.288313  0.90782  0.419361
24.8 0.984806  0.190793  0.945151  0.326635
24.9 0.998961  0.0913587  0.973038  0.230646
25 1.0031  -0.00899421  0.991203  0.132352
25.1 0.997187  -0.109259  0.999464  0.0327354
25.2 0.981275  -0.208432  0.997739  -0.0672081
25.3 0.955526  -0.305517  0.986045  -0.16648
25.4 0.920196  -0.399542  0.964498  -0.264089
25.5 0.875641  -0.489564  0.933315  -0.359058
25.6 0.822307  -0.57468  0.892806  -0.450441
25.7 0.760727  -0.654038  0.843377  -0.537322
25.8 0.69152  -0.72684  0.785521  -0.618835
25.9 0.615378  -0.792358  0.719816  -0.694165
26 0.533065  -0.849934  0.646919  -0.762558
26.1 0.445407  -0.898991  0.567559  -0.823333
26.2 0.35328  -0.939036  0.482527  -0.875881
26.3 0.25761  -0.969669  0.392674  -0.919678
26.4 0.159355  -0.990582  0.298898  -0.954285
26.5 0.0595004  -1.00156  0.202135  -0.979358
26.6 -0.0409536  -1.00251  0.103353  -0.994645
26.7 -0.141  -0.993399  0.00353755  -0.999994
26.8 -0.239634  -0.974332  -0.0963129  -0.995351
26.9 -0.335869  -0.945497  -0.195201  -0.980763
27 -0.42874  -0.907183  -0.292139  -0.956376
27.1 -0.517314  -0.859773  -0.386158  -0.922433
27.2 -0.600705  -0.803742  -0.476318  -0.879273
27.3 -0.678076  -0.739653  -0.561719  -0.827328
27.4 -0.748651  -0.668147  -0.641508  -0.767116
27.5 -0.811722  -0.589941  -0.714887  -0.69924
27.6 -0.866658  -0.50582  -0.781123  -0.624377
27.7 -0.912906  -0.416625  -0.839554  -0.543276
27.8 -0.950004  -0.323251  -0.889597  -0.456746
27.9 -0.977579  -0.226634  -0.930751  -0.365653
28 -0.995355  -0.127743  -0.962606  -0.270906
28.1 -1.00315  -0.0275689  -0.984842  -0.173452
28.2 -1.00089  0.0728842  -0.997239  -0.0742654
28.3 -0.988601  0.172609  -0.999671  0.0256633
28.4 -0.966397  0.270606  -0.992114  0.125336
28.5 -0.934504  0.365893  -0.974645  0.223756
28.6 -0.893242  0.457514  -0.947438  0.31994
28.7 -0.843025  0.54455  -0.910764  0.412928
28.8 -0.784355  0.62613  -0.86499  0.501789
28.9 -0.71782  0.701435  -0.810573  0.585637
29 -0.644087  0.76971  -0.748058  0.663634
29.1 -0.563896  0.83027  -0.678068  0.735
29.2 -0.478049  0.882508  -0.601302  0.799021
29.3 -0.387408  0.925901  -0.518529  0.85506
29.4 -0.292881  0.960012  -0.430575  0.902555
29.5 -0.195416  0.9845  -0.338319  0.941031
29.6 -0.0959886  0.999119  -0.242683  0.970106
29.7 0.00440328  1.00372  -0.144621  0.989487
29.8 0.104753  0.998263  -0.0451149  0.998982
29.9 0.204056  0.982797  0.0548423  0.998495
30 0.301315  0.957477  0.154251  0.988032
30.1 0.395557  0.922558  0.252119  0.967696
30.2 0.485835  0.87839  0.347468  0.937692
30.3 0.571244  0.825414  0.439345  0.898318
30.4 0.65093  0.764163  0.526833  0.849969
30.5 0.724091  0.695249  0.609056  0.793127
30.6 0.789996  0.619364  0.685194  0.728361
30.7 0.847982  0.537267  0.754485  0.656317
30.8 0.897469  0.449783  0.816239  0.577715
30.9 0.93796  0.357787  0.869836  0.493341
31 0.969049  0.262202  0.914742  0.404038
31.1 0.990424  0.163986  0.950509  0.310697
31.2 1.00187  0.0641238  0.976778  0.214253
31.3 1.00327  -0.0363838  0.993288  0.115667
31.4 0.994618  -0.136529  0.999873  0.0159259
31.5 0.975992  -0.235308  0.996468  -0.0839745
31.6 0.947582  -0.331731  0.983106  -0.183036
31.7 0.909671  -0.424831  0.959922  -0.280268
31.8 0.862639  -0.513674  0.927146  -0.3747
31.9 0.806959  -0.597369  0.885107  -0.465388
32 0.743187  -0.675078  0.834223  -0.551427
32.1 0.671963  -0.746021  0.775005  -0.631955
32.2 0.594001  -0.809488  0.708043  -0.706169
32.3 0.510082  -0.86484  0.634006  -0.773328
32.4 0.421048  -0.911524  0.553635  -0.832759
32.5 0.32779  -0.949071  0.467732  -0.88387
32.6 0.231244  -0.977105  0.377155  -0.92615
32.7 0.132377  -0.995344  0.28281  -0.959176
32.8 0.0321812  -1.00361  0.18564  -0.982618
32.9 -0.0683402  -1.00181  0.0866142  -0.996242
33 -0.168179  -0.989962  -0.0132767  -0.999912
33.1 -0.266334  -0.968194  -0.113035  -0.993591
33.2 -0.361822  -0.93672  -0.211664  -0.977343
33.3 -0.453685  -0.895854  -0.308178  -0.951329
33.4 -0.541002  -0.846006  -0.401613  -0.91581
33.5 -0.622898  -0.787676  -0.491035  -0.87114
33.6 -0.698551  -0.721448  -0.57555  -0.817766
33.7 -0.767203  -0.647986  -0.654316  -0.756222
33.8 -0.828165  -0.568026  -0.726543  -0.687121
33.9 -0.880827  -0.482369  -0.791511  -0.611155
34 -0.92466  -0.391874  -0.84857  -0.529083
34.1 -0.959224  -0.297449  -0.897151  -0.441724
34.2 -0.984173  -0.200039  -0.936768  -0.349951
34.3 -0.999256  -0.100622  -0.967025  -0.254682
34.4 -1.00432  -0.000193134  -0.987619  -0.156869
34.5 -0.999319  0.10024  -0.998346  -0.0574875
34.6 -0.984299  0.199671  -0.999098  0.042468
34.7 -0.95941  0.297102  -0.989867  0.141999
34.8 -0.924903  0.391558  -0.970745  0.240112
34.9 -0.881123  0.48209  -0.941924  0.335825
35 -0.828508  0.567792  -0.903692  0.428183
35.1 -0.767586  0.647804  -0.856431  0.516262
35.2 -0.698968  0.721324  -0.800612  0.599183
35.3 -0.623341  0.787614  -0.736794  0.676118
35.4 -0.541463  0.84601  -0.665613  0.746297
35.5 -0.454154  0.895926  -0.587783  0.809019
35.6 -0.362291  0.936862  -0.504079  0.863657
35.7 -0.266793  0.968407  -0.415339  0.909667
35.8 -0.168619  0.990244  -0.322449  0.946587
35.9 -0.0687513  1.00215  -0.226337  0.974049
36 0.0318079  1.00402  -0.127964  0.991779
36.1 0.132051  0.995818  -0.0283117  0.999599
36.2 0.230972  0.977634  0.0716231  0.997432
36.3 0.327581  0.949648  0.170842  0.985298
36.4 0.420908  0.912142  0.268355  0.96332
36.5 0.510017  0.865491  0.363185  0.931717
36.6 0.594016  0.810161  0.454387  0.890804
36.7 0.672063  0.746709  0.541049  0.840991
36.8 0.743373  0.675769  0.622305  0.782775
36.9 0.807233  0.598053  0.697344  0.716737
37 0.863002  0.514339  0.765414  0.643538
37.1 0.910121  0.425468  0.825837  0.563909
37.2 0.948117  0.332328  0.878008  0.478646
37.3 0.97661  0.235855  0.921406  0.3886
37.4 0.995312  0.137014  0.955599  0.294672
37.5 1.00404  0.0367982  0.980243  0.197799
37.6 1.0027  -0.0637895  0.995092  0.0989497
37.7 0.991304  -0.16374  1  -0.000888157
37.8 0.969974  -0.262052  0.994915  -0.100717
37.9 0.938919  -0.357739  0.97989  -0.19954
38 0.89845  -0.449842  0.955074  -0.296369
38.1 0.848974  -0.537438  0.920715  -0.390236
38.2 0.790985  -0.619648  0.877156  -0.480205
38.3 0.725065  -0.695648  0.824834  -0.565375
38.4 0.651875  -0.764677  0.76427  -0.644897
38.5 0.572148  -0.826041  0.696069  -0.717975
38.6 0.486683  -0.879125  0.620914  -0.783879
38.7 0.396337  -0.923398  0.539555  -0.841951
38.8 0.302016  -0.958415  0.452804  -0.89161
38.9 0.204664  -0.983824  0.36153  -0.932361
39 0.105258  -0.999372  0.266643  -0.963795
39.1 0.00479495  -1.0049  0.169092  -0.9856
39.2 -0.0957191  -1.00036  0.0698512  -0.997557
39.3 -0.195276  -0.985782  -0.0300873  -0.999547
39.4 -0.292878  -0.961325  -0.129725  -0.99155
39.5 -0.387546  -0.927231  -0.228067  -0.973645
39.6 -0.478331  -0.88384  -0.32413  -0.946013
39.7 -0.564324  -0.831588  -0.416954  -0.908927
39.8 -0.644661  -0.770998  -0.505613  -0.862761
39.9 -0.718537  -0.702676  -0.589219  -0.807973
40 -0.785212  -0.627309  -0.666938  -0.745113
40.1 -0.844017  -0.545652  -0.737993  -0.674808
40.2 -0.894362  -0.458522  -0.801675  -0.59776
40.3 -0.935743  -0.366793  -0.857346  -0.51474
40.4 -0.967743  -0.271385  -0.904451  -0.426577
40.5 -0.990043  -0.173253  -0.942519  -0.334151
40.6 -1.00242  -0.0733827  -0.97117  -0.238387
40.7 -1.00474  0.027226  -0.990117  -0.140241
40.8 -0.996998  0.127564  -0.999172  -0.0406933
40.9 -0.979256  0.226626  -0.998243  0.0592608
41 -0.951698  0.323419  -0.987339  0.158623
41.1 -0.914597  0.416971  -0.966571  0.2564
41.2 -0.868327  0.506346  -0.936145  0.351615
41.3 -0.813351  0.590647  -0.896365  0.443317
41.4 -0.750219  0.669029  -0.847629  0.530589
41.5 -0.679565  0.740706  -0.790424  0.61256
41.6 -0.602097  0.804959  -0.725321  0.688411
41.7 -0.518591  0.861144  -0.652971  0.757383
41.8 -0.429883  0.908697  -0.574097  0.818787
41.9 -0.336864  0.947142  -0.489487  0.872011
42 -0.240466  0.976093  -0.399985  0.916522
42.1 -0.141654  0.995259  -0.306488  0.951875
42.2 -0.0414198  1.00445  -0.209928  0.977717
42.3 0.059232  1.00357  -0.11127  0.99379
42.4 0.159293  0.992626  -0.0115006  0.999934
42.5 0.257759  0.971734  0.0883837  0.996087
42.6 0.353643  0.9411  0.187385  0.982287
42.7 0.445985  0.90103  0.284514  0.958672
42.8 0.533858  0.851926  0.3788  0.925479
42.9 0.616382  0.794281  0.469301  0.883038
43 0.692728  0.728671  0.555113  0.831775
43.1 0.762131  0.655755  0.635379  0.7722
43.2 0.823896  0.576263  0.709296  0.704911
43.3 0.877403  0.490992  0.776126  0.630578
43.4 0.922115  0.400797  0.835202  0.549944
43.5 0.957584  0.306581  0.885932  0.463816
43.6 0.983454  0.20929  0.92781  0.373053
43.7 0.999466  0.109898  0.960418  0.278563
43.8 1.00546  0.00940208  0.98343  0.181289
43.9 1.00137  -0.0911908  0.996616  0.0822043
44 0.987246  -0.190872  0.999843  -0.0177019
44.1 0.963222  -0.288642  0.993081  -0.117431
44.2 0.929542  -0.383521  0.976396  -0.215987
44.3 0.886542  -0.474558  0.949956  -0.312385
44.4 0.834653  -0.560839  0.914023  -0.405662
44.5 0.774396  -0.6415  0.868958  -0.494885
44.6 0.706374  -0.715732  0.815211  -0.579164
44.7 0.631269  -0.782791  0.753318  -0.657656
44.8 0.549834  -0.842004  0.683899  -0.729577
44.9 0.462884  -0.892778  0.607646  -0.794208
45 0.371292  -0.934602  0.525322  -0.850904
45.1 0.275975  -0.967058  0.437749  -0.899097
45.2 0.17789  -0.98982  0.345802  -0.938307
45.3 0.0780181  -1.00266  0.2504  -0.968142
45.4 -0.022638  -1.00545  0.152496  -0.988304
45.5 -0.12307  -0.998158  0.0530685  -0.998591
45.6 -0.22227  -0.98086  -0.0468893  -0.9989
45.7 -0.319245  -0.953729  -0.146379  -0.989229
45.8 -0.413021  -0.917036  -0.244405  -0.969673
45.9 -0.50266  -0.871148  -0.33999  -0.940429
46 -0.587261  -0.816527  -0.432178  -0.901788
46.1 -0.665978  -0.753718  -0.520047  -0.854137
46.2 -0.73802  -0.683351  -0.602721  -0.797952
46.3 -0.802665  -0.606133  -0.679372  -0.733794
46.4 -0.859265  -0.522836  -0.749235  -0.662304
46.5 -0.907252  -0.434295  -0.811612  -0.584197
46.6 -0.946145  -0.341398  -0.86588  -0.500252
46.7 -0.975554  -0.245077  -0.911496  -0.411309
46.8 -0.995184  -0.146296  -0.948005  -0.318257
46.9 -1.00484  -0.046046  -0.975041  -0.222024
47 -1.00442  0.054668  -0.992335  -0.123573
47.1 -0.993929  0.154836  -0.999715  -0.0238875
47.2 -0.973476  0.253455  -0.997105  0.0760367
47.3 -0.943263  0.349536  -0.984533  0.175201
47.4 -0.903593  0.442114  -0.962123  0.272615
47.5 -0.854864  0.530263  -0.9301  0.367305
47.6 -0.797563  0.613098  -0.888784  0.458325
47.7 -0.732266  0.689789  -0.838588  0.544766
47.8 -0.659625  0.759566  -0.780013  0.625764
47.9 -0.580371  0.821731  -0.713644  0.700509
48 -0.495296  0.87566  -0.640144  0.768255
48.1 -0.405253  0.920811  -0.560249  0.828324
48.2 -0.311146  0.956732  -0.474755  0.880118
48.3 -0.213917  0.983063  -0.384518  0.923117
48.4 -0.114541  0.999539  -0.29044  0.956893
48.5 -0.0140144  1.006  -0.193459  0.981108
48.6 0.0866552  1.00237  -0.0945447  0.995521
48.7 0.186459  0.98869  0.00531384  0.999986
48.8 0.284395  0.965101  0.105119  0.99446
48.9 0.379483  0.931836  0.203874  0.978997
49 0.47077  0.889228  0.300593  0.953753
49.1 0.557339  0.837705  0.394307  0.918979
49.2 0.638322  0.777783  0.484082  0.875023
49.3 0.712909  0.710061  0.56902  0.822324
49.4 0.780351  0.63522  0.648273  0.761408
49.5 0.839971  0.554009  0.721048  0.692885
49.6 0.891172  0.467242  0.786619  0.617439
49.7 0.93344  0.375789  0.84433  0.535823
49.8 0.966352  0.280566  0.893605  0.448854
49.9 0.989577  0.182528  0.933951  0.3574
