0 0 4 0 0 0 0 6335441 0
0.01 0.000399169027 4.00036058 0.0798347816 0.0555769124 7.98318531 13.8272826 4.00036058 0.097274794
1.01 4.08191767 6.02499925 8.09303613 4.01073594 8.04218045 4.0053627 6.02500057 9.03234391
2.01 16.2062833 12.0561583 16.1656737 8.06887357 8.10204365 4.10909646 12.056179 18.0675324
3.02 36.6767641 22.320116 24.3802627 12.2737026 8.16340676 4.2154613 22.3202222 27.2954389
4.02 65.1492776 36.719836 32.5750439 16.5435608 8.2250752 4.32238699 36.7201709 36.535228
5.02 101.847565 55.4431573 40.8319657 20.9211793 8.28767305 4.43095551 55.4439759 45.8796814
6.02 146.834236 78.5986683 49.1519686 25.4082204 8.35122196 4.54120477 78.6003699 55.3307661
7.02 200.17285 106.296639 57.5360149 30.0063845 8.41574423 4.65317385 106.299801 64.8904933
8.02 261.927941 138.649058 65.9850896 34.7174119 8.48126284 4.76690301 138.654472 74.5609197
9.02 332.165041 175.769677 74.5002012 39.5430838 8.54780151 4.88243381 175.778384 84.3441489
10.02 410.9507 217.774048 83.0823821 44.4852236 8.6153847 4.99980909 217.787375 94.242333
11.02 498.352514 264.779568 91.7326897 49.5456981 8.68403764 5.11907305 264.799168 104.257674
12.02 594.439149 316.905526 100.452207 54.7264192 8.75378636 5.24027131 316.933412 114.392425
13.02 699.280367 374.273141 109.242043 60.0293452 8.82465775 5.36345095 374.311731 124.648892
14.02 812.947053 437.005619 118.103335 65.4564819 8.89667955 5.48866059 437.057773 135.029436
15.02 935.511243 505.228193 127.037247 71.0098849 8.9698804 5.61595044 505.297258 145.536476
16.02 1067.04615 579.068179 136.044975 76.6916608 9.04428991 5.74537234 579.15803 156.172488
17.02 1207.6262 658.655025 145.127741 82.5039687 9.11993865 5.87697989 658.770108 166.940007
18.01 1355.78466 743.236175 154.194829 88.3889073 9.19608261 6.00947869 743.381227 177.731945
19.01 1514.5909 834.653091 163.430689 94.4676152 9.27429245 6.14560226 834.834111 188.76896
20.01 1682.67233 932.217178 172.745437 100.683644 9.35383919 6.28408269 932.440601 199.945448
21.01 1860.10852 1036.06695 182.140429 107.039381 9.43475774 6.42498121 1036.33997 211.264206
22.01 2046.9804 1146.34332 191.617055 113.537276 9.51708423 6.56836114 1146.67395 222.728105
23.01 2243.37031 1263.18972 201.17674 120.179845 9.60085602 6.71428802 1263.58683 234.340086
24.01 2449.36205 1386.7521 210.820952 126.969669 9.68611178 6.86282972 1387.22547 246.10317
25.01 2665.04089 1517.17903 220.551192 133.909398 9.77289157 7.01405649 1517.73943 258.020455
26.01 2890.49363 1654.62177 230.369008 141.001753 9.86123685 7.16804111 1655.28098 270.095121
27.01 3125.80863 1799.23434 240.275985 148.249532 9.95119058 7.32485899 1800.00524 282.330432
28.01 3371.07587 1951.1736 250.273756 155.655608 10.0427973 7.4845883 1952.07019 294.729742
29.01 3626.38696 2110.59931 260.363997 163.222932 10.1361067 7.64731235 2111.63683 307.296496
30.01 3891.83526 2277.67422 270.548436 170.954544 10.2311659 7.81311467 2278.86916 320.034236
31.01 4167.51583 2452.5642 280.828847 178.853564 10.328023 7.98208166 2453.93438 332.946601
32.01 4453.52555 2635.43823 291.207055 186.923204 10.4267299 8.15430394 2637.00289 346.037329
33.01 4749.96316 2826.46858 301.684935 195.166767 10.52734 8.32987562 2828.24841 359.310265
34.01 5056.92929 3025.83087 312.26442 203.587651 10.6299092 8.50889445 3027.84812 372.769365
35.01 5374.52653 3233.70415 322.947497 212.189355 10.7344953 8.69146195 3235.98267 386.418696
36.01 5702.8595 3450.27105 333.736215 220.975481 10.8411584 8.87768369 3452.83637 400.262445
37.01 6042.03488 3675.71782 344.632682 229.949739 10.949961 9.06766941 3678.59726 414.304922
38.01 6392.1615 3910.23451 355.63907 239.115951 11.0609682 9.26153324 3913.45722 428.550565
39.01 6753.3504 4154.01502 366.757621 248.478057 11.1742535 9.459398 4157.61208 443.003947
40.01 7125.7149 4407.25727 377.990649 258.040121 11.2898863 9.66138672 4411.26177 457.669787
41.01 7509.37065 4670.16331 389.340536 267.80633 11.4079368 9.86762622 4674.61045 472.552943
42.01 7904.43574 4942.93942 400.80974 277.781004 11.5284817 10.0782508 4947.86658 487.658419
43.01 8311.03075 5225.79629 412.400795 287.968598 11.6516008 10.2934005 5231.24313 502.991381
44.02 8733.52057 5521.93339 424.234109 298.478878 11.7786485 10.5154437 5527.9478 518.714006
45.02 9163.66595 5825.70835 436.078085 309.108506 11.9071966 10.7401369 5832.32949 534.5205
46.02 9605.72007 6140.22614 448.052049 319.965358 12.0385859 10.9698183 6147.50113 550.571038
47.02 10059.8143 6465.7165 460.158893 331.054507 12.1729138 11.2046559 6473.69516 566.871497
48.02 10526.0831 6802.41433 472.401604 342.381195 12.3102726 11.444819 6811.14928 583.427937
49.02 11004.6639 7150.55987 484.783262 353.95084 12.4507658 11.6904889 7160.10665 600.246623
50.02 11495.697 7510.39886 497.307059 365.769043 12.5945015 11.9418556 7520.81601 617.334029
51.02 11999.3265 7882.18274 509.976292 377.841603 12.7415927 12.1991175 7893.53198 634.696853
52.02 12515.6992 8266.16885 522.794384 390.174523 12.8921732 12.4624941 8278.51515 652.342032
53.02 13044.966 8662.62064 535.764888 402.774031 13.0463607 12.7321987 8676.0324 670.27676
54.02 13587.281 9071.80792 548.891471 415.646565 13.2042795 13.0084555 9086.35703 688.50847
55.02 14142.8023 9494.007 562.177934 428.798799 13.3660662 13.2915041 9509.76908 707.044864
56.02 14711.6915 9929.50105 575.628216 442.237652 13.5318637 13.5815957 9946.55551 725.893921
57.02 15294.1147 10378.5802 589.246421 455.970313 13.7018568 13.8790208 10397.0105 745.063938
58.02 15890.2418 10841.5421 603.036815 470.004249 13.8761797 14.184039 10861.4356 764.563532
59.02 16500.2472 11318.6917 617.003809 484.347198 14.054994 14.4969382 11340.1403 784.401625
60.02 17124.3098 11810.3422 631.151982 499.007196 14.2384746 14.8180256 11833.4421 804.587476
61.02 17762.6131 12316.8146 645.486108 513.992605 14.4268496 15.1476591 12341.6667 825.130726
62.02 18415.3456 12838.4388 660.011189 529.312152 14.6203003 15.4861696 12865.1487 846.041443
63.02 19082.7009 13375.5533 674.732384 544.974881 14.8190108 15.8339001 13404.2318 867.330047
64.02 19764.8776 13928.506 689.655065 560.990203 15.0231978 16.1912299 13959.2689 889.007377
65.02 20462.08 14497.6545 704.784859 577.367951 15.2331681 16.5586235 14530.623 911.084764
66.02 21174.5183 15083.3662 720.127647 594.118382 15.4491043 16.9364567 15118.6671 933.574036
67.02 21902.4083 15686.019 735.689521 611.252158 15.6712564 17.3251725 15723.7851 956.487465
68.02 22645.9725 16306.002 751.476843 628.780411 15.8999396 17.7252821 16346.3719 979.83787
69.02 23405.4394 16943.7152 767.496312 646.714808 16.1354438 18.1372909 16986.8339 1003.6387
70.02 24181.0448 17599.571 783.754877 665.067493 16.3780408 18.5617043 17645.59 1027.90392
71.02 24973.0313 18273.9939 800.259801 683.851165 16.628087 18.9991161 18323.0715 1052.64817
72.02 25781.649 18967.4214 817.01873 703.079146 16.88594 19.4501392 19019.723 1077.88677
73.01 26598.8165 19673.0783 833.8681 722.566171 17.1492308 19.9106595 19728.7416 1103.37567
74.01 27441.306 20405.6815 851.156578 742.720369 17.4237061 20.3906907 20464.9201 1129.64643
75.01 28301.2227 21158.6816 868.72408 763.362524 17.707156 20.8863725 21221.6835 1156.46179
76.01 29178.8502 21932.5745 886.579786 784.508661 18.000002 21.3984588 21999.5363 1183.84017
77.01 30074.4815 22727.8726 904.733363 806.175629 18.3027831 21.9278332 22798.9992 1211.80097
78.01 30988.4196 23545.1053 923.194975 828.381138 18.6159517 22.4753306 23620.6108 1240.36457
79.01 31920.9777 24384.8205 941.975291 851.143796 18.9400826 23.0419246 24464.9283 1269.55237
80.01 32872.4802 25247.5851 961.085585 874.483223 19.2757598 23.6286298 25332.5283 1299.38694
81.01 33843.2628 26133.9861 980.537697 898.420062 19.6235948 24.2365205 26224.0078 1329.89202
82.01 34833.6737 27044.6317 1000.34415 922.97611 19.9842911 24.8667934 27139.9856 1361.09269
83.01 35844.0736 27980.1524 1020.51814 948.174359 20.3585358 25.5206707 28081.1034 1393.0154
84.01 36874.8371 28941.2025 1041.07365 974.039117 20.7471495 26.1995436 29048.027 1425.68809
85.01 37926.353 29928.4613 1062.02542 1000.59609 21.1509309 26.904831 30041.4474 1459.14034
86.01 38999.0253 30942.6345 1083.38912 1027.87251 21.5708259 27.6381434 31062.0831 1493.40346
87.01 40093.2741 31984.4558 1105.18133 1055.89724 22.0077796 28.4011486 32110.6807 1528.51063
88.01 41209.5366 33054.6886 1127.41966 1084.70091 22.4628832 29.1957166 33188.0175 1564.49709
89.01 42348.2683 34154.1281 1150.12282 1114.31608 22.9372644 30.0238225 34294.9029 1601.40027
90.01 43509.9438 35283.6028 1173.31073 1144.77739 23.4321903 30.8876516 35432.1804 1639.26
91.01 44695.0584 36443.9772 1197.00461 1176.12173 23.9490122 31.789556 36600.7302 1678.1187
92.01 45904.1292 37636.1537 1221.22712 1208.38849 24.4892156 32.7321113 37801.4713 1718.02166
93.01 47137.6969 38861.0756 1246.00244 1241.61973 25.0544261 33.7181337 39035.364 1759.01723
94.01 48396.327 40119.7296 1271.35646 1275.86046 25.6464101 34.7506928 40303.4133 1801.15718
95.01 49680.612 41413.1491 1297.31696 1311.15891 26.2671197 35.8331702 41606.6714 1844.49695
96.01 50991.173 42742.4172 1323.91372 1347.56686 26.9186917 36.9692731 42946.2417 1889.09607
97.01 52328.6621 44108.6711 1351.17878 1385.13999 27.6034814 38.1630874 44323.2823 1935.01858
98.01 53693.7648 45513.1056 1379.14667 1423.93828 28.3240945 39.4191295 45739.01 1982.33342
99.01 55087.2021 46956.9776 1407.85467 1464.02645 29.0834125 40.7423967 47194.7053 2031.11502
100.01 56509.7342 48441.6117 1437.34307 1505.47452 29.8846342 42.1384356 48691.7173 2081.44388
101.01 57962.1629 49968.4052 1467.65557 1548.35835 30.7313225 43.6134233 50231.4694 2133.40724
102.01 59445.3358 51538.8344 1498.83963 1592.76034 31.6274563 45.174257 51815.4654 2187.09985
103.01 60960.1499 53154.4617 1530.94691 1638.77021 32.5774912 46.8286612 53445.297 2242.62486
104.01 62507.5561 54816.9433 1564.03383 1686.48586 33.5864346 48.5853158 55122.6511 2300.09486
105.01 64088.5646 56528.0376 1598.16212 1736.01444 34.6599343 50.4540105 56849.3192 2359.63308
106.01 65704.25 58289.6155 1633.39953 1787.47352 35.8043838 52.4458268 58627.2069 2421.37473
107.01 67355.7581 60103.6712 1669.82063 1840.99251 37.0270492 54.573358 60458.3458 2485.46864
108.01 69044.3132 61972.3347 1707.50778 1896.71431 38.3362232 56.8509764 62344.9057 2552.07915
109.01 70771.226 63897.8866 1746.55222 1954.7972 39.7414136 59.2951592 64289.2096 2621.38832
110.01 72537.901 65882.7697 1786.57277 2014.58122 -0.110080656 -9.71906266 66293.7458 2692.65292
111.01 74324.4183 67892.4925 1786.46136 2004.86531 -0.112692477 -9.71287807 68323.8254 2685.31732
112.01 76110.8228 69892.5024 1786.34734 1995.15557 -0.115297986 -9.70672473 70344.6769 2677.99973
113.01 77897.1121 71882.8057 1786.23071 1985.45197 -0.117897604 -9.70060302 72356.306 2670.70023
114.01 79683.2834 73863.4084 1786.11149 1975.75448 -0.120491645 -9.69451314 74358.7183 2663.41886
115.01 81469.3342 75834.3167 1785.98968 1966.06306 -0.123080397 -9.68845529 76351.9195 2656.1557
116.01 83255.2619 77795.5365 1785.86528 1956.37768 -0.12566409 -9.68242959 78335.9151 2648.9108
117.01 85041.0639 79747.074 1785.7383 1946.69831 -0.128242905 -9.6764361 80310.7106 2641.68423
118.01 86826.7376 81688.9351 1785.60875 1937.02492 -0.130816974 -9.67047484 82276.3116 2634.47606
119.01 88612.2805 83621.1258 1785.47662 1927.35747 -0.133386407 -9.66454579 84232.7235 2627.28635
120.01 90397.69 85543.6521 1785.34192 1917.69593 -0.135951289 -9.65864891 86179.9519 2620.11516
121.01 92182.9635 87456.5197 1785.20467 1908.04028 -0.138511698 -9.65278414 88118.002 2612.96257
122.01 93968.0985 89359.7346 1785.06485 1898.39047 -0.1410677 -9.64695143 90046.8794 2605.82864
123.01 95753.0924 91253.3025 1784.92248 1888.74648 -0.143619353 -9.6411507 91966.5893 2598.71344
124.01 97537.9426 93137.2294 1784.77756 1879.10827 -0.146166714 -9.63538189 93877.1371 2591.61703
125.01 99322.6466 95011.521 1784.6301 1869.47582 -0.148709834 -9.6296449 95778.5281 2584.5395
126.01 101107.202 96876.183 1784.48009 1859.84909 -0.15124876 -9.62393967 97670.7677 2577.48091
127.01 102891.606 98731.2211 1784.32755 1850.22804 -0.153783538 -9.61826611 99553.8609 2570.44133
128.01 104675.856 100576.641 1784.17248 1840.61266 -0.15631421 -9.61262414 101427.813 2563.42084
129.01 106459.95 102412.448 1784.01487 1831.0029 -0.158840815 -9.60701366 103292.629 2556.4195
130.01 108243.885 104238.649 1783.85474 1821.39873 -0.161363394 -9.6014346 105148.315 2549.43741
131.01 110027.659 106055.248 1783.6921 1811.80013 -0.163881986 -9.59588686 106994.875 2542.47462
132.01 111811.268 107862.251 1783.52693 1802.20706 -0.166396627 -9.59037037 108832.314 2535.53123
133.01 113594.712 109659.664 1783.35925 1792.61949 -0.168907354 -9.58488502 110660.638 2528.6073
134.01 115377.986 111447.492 1783.18907 1783.03739 -0.171414204 -9.57943074 112479.852 2521.70291
135.01 117161.089 113225.74 1783.01638 1773.46072 -0.173917213 -9.57400744 114289.96 2514.81815
136.01 118944.018 114994.415 1782.84119 1763.88947 -0.176416415 -9.56861503 116090.968 2507.9531
137.01 120726.771 116753.521 1782.6635 1754.32359 -0.178911847 -9.56325343 117882.88 2501.10784
138.01 122509.344 118503.064 1782.48331 1744.76306 -0.181403542 -9.55792255 119665.701 2494.28244
139.01 124291.736 120243.049 1782.30064 1735.20784 -0.183891537 -9.55262231 121439.437 2487.477
140.01 126073.945 121973.481 1782.11548 1725.65791 -0.186375864 -9.54735262 123204.093 2480.6916
141.01 127855.967 123694.366 1781.92784 1716.11323 -0.188856559 -9.5421134 124959.672 2473.92632
142.01 129637.8 125405.709 1781.73772 1706.57378 -0.191333655 -9.53690457 126706.18 2467.18126
143.01 131419.441 127107.516 1781.54512 1697.03952 -0.193807187 -9.53172605 128443.621 2460.45649
144.01 133200.889 128799.79 1781.35006 1687.51042 -0.196277189 -9.52657775 130172.001 2453.75211
145.01 134982.14 130482.538 1781.15252 1677.98645 -0.198743693 -9.5214596 131891.324 2447.06821
146.01 136763.193 132155.765 1780.95252 1668.46759 -0.201206735 -9.51637151 133601.595 2440.40488
147.01 138544.045 133819.475 1780.75006 1658.9538 -0.203666346 -9.5113134 135302.818 2433.76221
148.01 140324.692 135473.674 1780.54514 1649.44506 -0.20612256 -9.50628519 136994.998 2427.14029
149.01 142105.134 137118.367 1780.33777 1639.94132 -0.208575411 -9.50128681 138678.14 2420.53922
150.01 143885.367 138753.558 1780.12794 1630.44257 -0.211024931 -9.49631818 140352.248 2413.95909
151.01 145665.389 140379.254 1779.91567 1620.94878 -0.213471153 -9.49137921 142017.327 2407.39999
152.01 147445.198 141995.458 1779.70095 1611.4599 -0.21591411 -9.48646984 143673.381 2400.86203
153.01 149224.79 143602.175 1779.48379 1601.97592 -0.218353834 -9.48158998 145320.415 2394.3453
154.01 151004.164 145199.411 1779.2642 1592.49681 -0.220790358 -9.47673956 146958.433 2387.84991
155.01 152783.318 146787.17 1779.04217 1583.02253 -0.223223715 -9.47191851 148587.44 2381.37594
156.01 154562.248 148365.458 1778.8177 1573.55306 -0.225653935 -9.46712675 150207.44 2374.9235
157.01 156340.952 149934.278 1778.59081 1564.08836 -0.228081051 -9.4623642 151818.437 2368.4927
158.01 158119.429 151493.636 1778.36149 1554.62842 -0.230505096 -9.4576308 153420.436 2362.08364
159.01 159897.675 153043.536 1778.12975 1545.17319 -0.232926101 -9.45292646 155013.442 2355.69641
160.02 161693.466 154599.341 1777.89324 1535.62817 -0.235368262 -9.44820451 156613.252 2349.26759
161.02 163471.242 156130.246 1777.65664 1526.18233 -0.237783251 -9.44355838 158188.193 2342.92459
162.02 165248.779 157651.707 1777.41762 1516.74113 -0.240195296 -9.43894111 159754.153 2336.60375
163.02 167026.076 159163.729 1777.1762 1507.30453 -0.242604427 -9.43435261 161311.136 2330.30517
164.02 168803.131 160666.317 1776.93237 1497.87251 -0.245010675 -9.42979282 162859.147 2324.02898
165.02 170579.94 162159.476 1776.68613 1488.44503 -0.247414071 -9.42526168 164398.189 2317.77527
166.02 172356.502 163643.209 1776.43749 1479.02207 -0.249814646 -9.42075911 165928.266 2311.54417
167.02 174132.814 165117.522 1776.18646 1469.60359 -0.252212432 -9.41628503 167449.384 2305.33578
168.02 175908.874 166582.418 1775.93302 1460.18958 -0.254607459 -9.4118394 168961.546 2299.15021
169.02 177684.679 168037.902 1775.67719 1450.77999 -0.256999756 -9.40742212 170464.755 2292.98759
170.02 179460.228 169483.979 1775.41898 1441.37481 -0.259389356 -9.40303315 171959.017 2286.84802
171.02 181235.517 170920.653 1775.15837 1431.974 -0.261776288 -9.39867241 173444.334 2280.73163
172.02 183010.544 172347.929 1774.89538 1422.57754 -0.264160582 -9.39433983 174920.712 2274.63853
173.02 184785.307 173765.81 1774.63 1413.1854 -0.266542269 -9.39003536 176388.153 2268.56885
174.02 186559.803 175174.301 1774.36224 1403.79755 -0.268921379 -9.38575892 177846.663 2262.52269
175.02 188334.03 176573.406 1774.09211 1394.41396 -0.271297941 -9.38151045 179296.244 2256.50019
176.02 190107.986 177963.13 1773.8196 1385.0346 -0.273671986 -9.37728988 180736.901 2250.50146
177.02 191881.669 179343.477 1773.54472 1375.65945 -0.276043543 -9.37309716 182168.637 2244.52663
178.02 193655.075 180714.45 1773.26747 1366.28848 -0.278412641 -9.36893221 183591.456 2238.57583
179.02 195428.203 182076.055 1772.98785 1356.92166 -0.280779311 -9.36479498 185005.363 2232.64917
180.02 197201.05 183428.295 1772.70586 1347.55897 -0.283143581 -9.3606854 186410.36 2226.74679
181.02 198973.614 184771.175 1772.42151 1338.20037 -0.285505482 -9.35660342 187806.452 2220.8688
182.02 200745.892 186104.697 1772.13481 1328.84583 -0.287865041 -9.35254896 189193.643 2215.01535
183.02 202517.883 187428.868 1771.84574 1319.49534 -0.290222289 -9.34852197 190571.935 2209.18656
184.02 204289.583 188743.689 1771.55431 1310.14886 -0.292577254 -9.3445224 191941.333 2203.38256
185.02 206060.99 190049.167 1771.26054 1300.80636 -0.294929965 -9.34055017 193301.84 2197.60349
186.02 207832.103 191345.303 1770.96441 1291.46783 -0.297280452 -9.33660523 194653.46 2191.84947
187.02 209602.918 192632.104 1770.66593 1282.13322 -0.299628742 -9.33268752 195996.197 2186.12064
188.02 211373.434 193909.571 1770.3651 1272.80252 -0.301974864 -9.32879699 197330.053 2180.41713
189.02 213143.648 195177.71 1770.06193 1263.4757 -0.304318848 -9.32493356 198655.034 2174.73909
190.02 214913.557 196436.524 1769.75642 1254.15272 -0.306660721 -9.3210972 199971.141 2169.08664
191.02 216683.16 197686.017 1769.44857 1244.83357 -0.309000511 -9.31728783 201278.379 2163.45993
192.02 218452.454 198926.192 1769.13837 1235.51821 -0.311338248 -9.31350541 202576.75 2157.85909
193.02 220221.436 200157.054 1768.82584 1226.20663 -0.313673958 -9.30974988 203866.26 2152.28427
194.02 221990.104 201378.607 1768.51098 1216.89878 -0.316007672 -9.30602117 205146.91 2146.7356
195.02 223758.457 202590.853 1768.19378 1207.59465 -0.318339415 -9.30231924 206418.704 2141.21323
196.02 225526.491 203793.797 1767.87426 1198.29421 -0.320669217 -9.29864404 207681.646 2135.7173
197.02 227294.205 204987.443 1767.5524 1188.99743 -0.322997104 -9.2949955 208935.739 2130.24796
198.02 229061.595 206171.793 1767.22822 1179.70428 -0.325323106 -9.29137357 210180.986 2124.80534
199.02 230828.66 207346.852 1766.90171 1170.41474 -0.327647249 -9.2877782 211417.391 2119.38961
200.02 232595.398 208512.624 1766.57287 1161.12879 -0.329969561 -9.28420934 212644.956 2114.00089
201.02 234361.805 209669.111 1766.24172 1151.84639 -0.33229007 -9.28066693 213863.685 2108.63935
202.02 236127.881 210816.318 1765.90825 1142.56751 -0.334608803 -9.27715093 215073.581 2103.30513
203.02 237893.621 211954.247 1765.57246 1133.29215 -0.336925787 -9.27366128 216274.648 2097.99838
204.02 239659.025 213082.903 1765.23435 1124.02025 -0.33924105 -9.27019792 217466.889 2092.71925
205.02 241424.089 214202.289 1764.89393 1114.75181 -0.341554618 -9.26676081 218650.305 2087.46789
206.02 243188.812 215312.408 1764.5512 1105.48679 -0.34386652 -9.26334991 219824.902 2082.24445
207.02 244953.191 216413.264 1764.20615 1096.22517 -0.346176782 -9.25996515 220990.682 2077.0491
208.02 246717.223 217504.86 1763.8588 1086.96692 -0.34848543 -9.25660648 222147.647 2071.88198
209.02 248480.908 218587.199 1763.50914 1077.71201 -0.350792493 -9.25327387 223295.801 2066.74325
210.02 250244.241 219660.285 1763.15717 1068.46043 -0.353097996 -9.24996726 224435.148 2061.63306
211.02 252007.221 220724.121 1762.80289 1059.21214 -0.355401967 -9.24668661 225565.689 2056.55158
212.02 253769.846 221778.71 1762.44632 1049.96711 -0.357704432 -9.24343185 226687.428 2051.49895
213.02 255532.113 222824.056 1762.08744 1040.72533 -0.360005418 -9.24020296 227800.367 2046.47535
214.02 257294.02 223860.162 1761.72626 1031.48676 -0.362304951 -9.23699988 228904.511 2041.48092
215.02 259055.565 224887.031 1761.36278 1022.25139 -0.364603058 -9.23382256 229999.861 2036.51584
216.02 260816.745 225904.666 1760.99701 1013.01917 -0.366899765 -9.23067096 231086.42 2031.58025
217.02 262577.558 226913.07 1760.62894 1003.7901 -0.369195099 -9.22754503 232164.192 2026.67433
218.02 264338.002 227912.247 1760.25857 994.564136 -0.371489086 -9.22444473 233233.179 2021.79823
219.02 266098.074 228902.199 1759.88592 985.341261 -0.373781751 -9.22137002 234293.383 2016.95212
220.02 267857.773 229882.93 1759.51096 976.121448 -0.376073122 -9.21832084 235344.809 2012.13616
221.02 269617.096 230854.443 1759.13372 966.904672 -0.378363224 -9.21529715 236387.457 2007.35052
222.02 271376.04 231816.741 1758.75419 957.690906 -0.380652084 -9.21229892 237421.332 2002.59536
223.02 273134.603 232769.826 1758.37237 948.480125 -0.382939727 -9.2093261 238446.435 1997.87086
224.02 274892.784 233713.702 1757.98827 939.272304 -0.385226179 -9.20637863 239462.77 1993.17717
225.02 276650.579 234648.372 1757.60188 930.067418 -0.387511466 -9.2034565 240470.339 1988.51446
226.02 278407.987 235573.838 1757.2132 920.865441 -0.389795614 -9.20055964 241469.145 1983.88291
227.02 280165.005 236490.103 1756.82224 911.666348 -0.392078648 -9.19768802 242459.19 1979.28268
228.02 281921.63 237397.171 1756.429 902.470114 -0.394360595 -9.1948416 243440.477 1974.71394
229.02 283677.862 238295.045 1756.03347 893.276713 -0.396641479 -9.19202034 244413.008 1970.17686
230.02 285433.697 239183.726 1755.63567 884.086121 -0.398921327 -9.18922419 245376.786 1965.67161
231.02 287189.132 240063.218 1755.23559 874.898312 -0.401200164 -9.18645312 246331.813 1961.19836
232.02 288944.167 240933.523 1754.83322 865.713262 -0.403478015 -9.18370708 247278.093 1956.75729
233.02 290698.798 241794.645 1754.42858 856.530944 -0.405754906 -9.18098605 248215.626 1952.34856
234.02 292453.023 242646.586 1754.02167 847.351335 -0.408030863 -9.17828997 249144.417 1947.97236
235.02 294206.841 243489.349 1753.61248 838.17441 -0.410305909 -9.17561882 250064.467 1943.62884
236.02 295960.248 244322.936 1753.20101 829.000143 -0.412580071 -9.17297254 250975.778 1939.31819
237.02 297713.242 245147.35 1752.78727 819.828509 -0.414853375 -9.17035112 251878.353 1935.04057
238.02 299465.821 245962.594 1752.37126 810.659484 -0.417125844 -9.1677545 252772.194 1930.79617
239.02 301217.984 246768.67 1751.95298 801.493044 -0.419397504 -9.16518265 253657.304 1926.58515
240.02 302969.727 247565.581 1751.53242 792.329162 -0.42166838 -9.16263553 254533.685 1922.40769
241.02 304721.048 248353.329 1751.10959 783.167815 -0.423938498 -9.16011311 255401.339 1918.26396
242.02 306471.945 249131.917 1750.6845 774.008978 -0.426207881 -9.15761536 256260.268 1914.15415
243.02 308222.416 249901.348 1750.25713 764.852626 -0.428476556 -9.15514223 257110.475 1910.07842
244.02 309972.459 250661.623 1749.8275 755.698734 -0.430744547 -9.1526937 257951.962 1906.03695
245.02 311722.07 251412.746 1749.3956 746.547279 -0.433011878 -9.15026972 258784.73 1902.02992
246.02 313471.249 252154.719 1748.96143 737.398235 -0.435278575 -9.14787027 259608.783 1898.05749
247.02 315219.992 252887.543 1748.525 728.251578 -0.437544662 -9.1454953 260424.121 1894.11985
248.02 316968.298 253611.223 1748.0863 719.107283 -0.439810164 -9.14314479 261230.748 1890.21718
249.02 318716.164 254325.759 1747.64533 709.965327 -0.442075105 -9.14081871 262028.666 1886.34964
250.02 320463.588 255031.154 1747.2021 700.825684 -0.444339511 -9.13851702 262817.875 1882.51742
251.02 322210.568 255727.411 1746.75661 691.688331 -0.446603406 -9.13623968 263598.379 1878.72068
252.02 323957.101 256414.531 1746.30885 682.553242 -0.448866814 -9.13398667 264370.18 1874.95961
253.02 325703.185 257092.518 1745.85883 673.420394 -0.45112976 -9.13175795 265133.279 1871.23437
254.02 327448.817 257761.373 1745.40654 664.289762 -0.453392268 -9.1295535 265887.679 1867.54515
255.02 329193.997 258421.098 1744.952 655.161323 -0.455654362 -9.12737328 266633.38 1863.89212
256.02 330938.721 259071.696 1744.49519 646.035051 -0.457916068 -9.12521726 267370.386 1860.27545
257.02 332682.987 259713.169 1744.03612 636.910923 -0.46017741 -9.12308541 268098.699 1856.69532
258.02 334426.792 260345.519 1743.57479 627.788915 -0.462438411 -9.12097771 268818.319 1853.1519
259.02 336170.135 260968.748 1743.1112 618.669001 -0.464699096 -9.11889411 269529.249 1849.64537
260.02 337913.014 261582.857 1742.64535 609.55116 -0.46695949 -9.1168346 270231.49 1846.17589
261.02 339655.425 262187.851 1742.17723 600.435365 -0.469219616 -9.11479915 270925.046 1842.74365
262.02 341397.368 262783.729 1741.70686 591.321594 -0.4714795 -9.11278772 271609.916 1839.3488
263.02 343138.838 263370.494 1741.23423 582.209822 -0.473739164 -9.11080029 272286.103 1835.99154
264.02 344879.835 263948.149 1740.75934 573.100025 -0.475998633 -9.10883683 272953.61 1832.67201
265.02 346620.356 264516.695 1740.28219 563.992179 -0.478257931 -9.10689731 273612.436 1829.39041
266.02 348360.399 265076.134 1739.80278 554.886261 -0.480517083 -9.10498171 274262.585 1826.14689
267.02 350099.961 265626.468 1739.32111 545.782246 -0.482776112 -9.10309 274904.057 1822.94163
268.02 351839.04 266167.699 1738.83718 536.68011 -0.485035042 -9.10122215 275536.855 1819.77479
269.02 353577.635 266699.829 1738.35099 527.579831 -0.487293898 -9.09937814 276160.98 1816.64654
270.02 355315.742 267222.86 1737.86255 518.481383 -0.489552703 -9.09755794 276776.434 1813.55705
271.02 357053.359 267736.793 1737.37184 509.384743 -0.491811481 -9.09576153 277383.218 1810.50649
272.02 358790.484 268241.63 1736.87888 500.289888 -0.494070257 -9.09398888 277981.334 1807.49501
273.02 360527.116 268737.373 1736.38366 491.196793 -0.496329053 -9.09223997 278570.783 1804.52279
274.02 362263.251 269224.024 1735.88618 482.105434 -0.498587895 -9.09051477 279151.566 1801.58998
275.02 363998.888 269701.584 1735.38644 473.015789 -0.500846805 -9.08881326 279723.686 1798.69676
276.02 365734.023 270170.056 1734.88444 463.927834 -0.503105809 -9.08713542 280287.144 1795.84327
277.02 367468.656 270629.441 1734.38018 454.841544 -0.505364928 -9.08548122 280841.941 1793.02968
278.02 369202.783 271079.74 1733.87366 445.756896 -0.507624188 -9.08385064 281388.079 1790.25615
279.02 370936.402 271520.955 1733.36489 436.673867 -0.509883612 -9.08224366 281925.559 1787.52284
280.02 372669.512 271953.088 1732.85385 427.592433 -0.512143224 -9.08066026 282454.382 1784.82989
281.02 374402.109 272376.14 1732.34055 418.51257 -0.514403047 -9.07910041 282974.549 1782.17748
282.02 376134.192 272790.114 1731.825 409.434255 -0.516663106 -9.07756409 283486.063 1779.56574
283.02 377865.758 273195.009 1731.30718 400.357465 -0.518923423 -9.07605129 283988.924 1776.99484
284.02 379596.806 273590.829 1730.78711 391.282175 -0.521184024 -9.07456197 284483.134 1774.46492
285.02 381327.332 273977.574 1730.26477 382.208363 -0.52344493 -9.07309613 284968.693 1771.97613
286.02 383057.335 274355.246 1729.74017 373.136004 -0.525706167 -9.07165374 285445.604 1769.52862
287.02 384786.811 274723.847 1729.21331 364.065076 -0.527967757 -9.07023477 285913.867 1767.12254
288.02 386515.76 275083.377 1728.68419 354.995555 -0.530229725 -9.06883922 286373.484 1764.75802
289.02 388244.179 275433.838 1728.15281 345.927417 -0.532492093 -9.06746707 286824.455 1762.43522
290.02 389972.065 275775.232 1727.61916 336.86064 -0.534754886 -9.06611828 287266.782 1760.15427
291.02 391699.417 276107.56 1727.08325 327.7952 -0.537018127 -9.06479285 287700.467 1757.91531
292.02 393426.231 276430.823 1726.54508 318.731073 -0.53928184 -9.06349076 288125.509 1755.71849
293.02 395152.506 276745.022 1726.00464 309.668236 -0.541546048 -9.06221199 288541.91 1753.56393
294.02 396878.24 277050.16 1725.46194 300.606666 -0.543810775 -9.06095653 288949.672 1751.45176
295.02 398603.429 277346.236 1724.91698 291.54634 -0.546076044 -9.05972434 289348.794 1749.38213
296.02 400328.073 277633.253 1724.36974 282.487234 -0.548341879 -9.05851543 289739.28 1747.35516
297.02 402052.168 277911.211 1723.82025 273.429326 -0.550608304 -9.05732977 290121.128 1745.37097
298.02 403775.712 278180.112 1723.26848 264.372591 -0.552875342 -9.05616735 290494.341 1743.4297
299.02 405498.704 278439.957 1722.71445 255.317006 -0.555143016 -9.05502814 290858.918 1741.53147
300.02 407221.141 278690.746 1722.15815 246.262549 -0.557411351 -9.05391215 291214.862 1739.67639
301.02 408943.02 278932.482 1721.59958 237.209196 -0.559680369 -9.05281934 291562.173 1737.86459
302.02 410664.339 279165.165 1721.03874 228.156924 -0.561950094 -9.05174971 291900.852 1736.09618
303.02 412385.096 279388.796 1720.47564 219.10571 -0.56422055 -9.05070324 292230.899 1734.37128
304.02 414105.29 279603.377 1719.91026 210.055531 -0.56649176 -9.04967992 292552.316 1732.68999
305.02 415824.916 279808.908 1719.34261 201.006363 -0.568763748 -9.04867973 292865.104 1731.05244
306.02 417543.974 280005.39 1718.77268 191.958183 -0.571036537 -9.04770266 293169.263 1729.45873
307.02 419262.461 280192.824 1718.20049 182.910969 -0.57331015 -9.0467487 293464.793 1727.90895
308.02 420980.374 280371.212 1717.62602 173.864697 -0.575584612 -9.04581783 293751.697 1726.40322
309.02 422697.712 280540.554 1717.04927 164.819344 -0.577859946 -9.04491005 294029.973 1724.94163
310.02 424414.472 280700.851 1716.47025 155.774887 -0.580136175 -9.04402534 294299.624 1723.52428
311.02 426130.652 280852.104 1715.88895 146.731303 -0.582413322 -9.04316368 294560.65 1722.15126
312.02 427846.249 280994.314 1715.30538 137.688569 -0.584691412 -9.04232507 294813.052 1720.82268
313.02 429561.262 281127.482 1714.71953 128.646662 -0.586970467 -9.0415095 295056.829 1719.53861
314.02 431275.687 281251.608 1714.13139 119.605559 -0.589250512 -9.04071695 295291.983 1718.29914
315.02 432989.524 281366.693 1713.54098 110.565236 -0.59153157 -9.03994741 295518.515 1717.10435
316.02 434702.769 281472.738 1712.94828 101.525671 -0.593813664 -9.03920089 295736.424 1715.95434
317.02 436415.42 281569.745 1712.35331 92.4868414 -0.596096818 -9.03847735 295945.712 1714.84916
318.02 438127.475 281657.712 1711.75604 83.4487232 -0.598381056 -9.0377768 296146.379 1713.78891
319.02 439838.931 281736.642 1711.1565 74.4112939 -0.6006664 -9.03709923 296338.426 1712.77366
320.02 441549.787 281806.535 1710.55466 65.3745304 -0.602952875 -9.03644462 296521.852 1711.80346
321.02 443260.04 281867.391 1709.95055 56.3384099 -0.605240505 -9.03581297 296696.659 1710.8784
322.02 444969.687 281919.212 1709.34414 47.3029092 -0.607529311 -9.03520427 296862.847 1709.99852
323.02 446678.727 281961.998 1708.73544 38.2680056 -0.60981932 -9.03461852 297020.416 1709.1639
324.02 448387.157 281995.748 1708.12445 29.233676 -0.612110553 -9.0340557 297169.367 1708.37459
325.02 450094.975 282020.465 1707.51117 20.1998976 -0.614403035 -9.03351581 297309.7 1707.63065
326.02 451802.179 282036.148 1706.8956 11.1666474 -0.616696789 -9.03299883 297441.416 1706.93213
327.02 453508.766 282042.799 1706.27773 2.1339024 -0.618991838 -9.03250478 297564.514 1706.27907
328.02 455214.733 282040.416 1705.65757 -6.89836018 -0.621288207 -9.03203363 297678.995 1705.67152
329.02 456920.08 282029.002 1705.03511 -15.9301633 -0.62358592 -9.03158538 297784.86 1705.10953
330.02 458624.803 282008.556 1704.41035 -24.9615298 -0.625884999 -9.03116003 297882.109 1704.59313
331.02 460328.9 281979.079 1703.78329 -33.9924827 -0.628185468 -9.03075756 297970.741 1704.12236
332.02 462032.369 281940.571 1703.15393 -43.0230448 -0.630487352 -9.03037799 298050.758 1703.69725
333.02 463735.207 281893.033 1702.52227 -52.0532389 -0.632790673 -9.0300213 298122.158 1703.31783
334.02 465437.413 281836.465 1701.88831 -61.0830881 -0.635095457 -9.02968748 298184.944 1702.98413
335.02 467138.983 281770.867 1701.25204 -70.1126151 -0.637401725 -9.02937653 298239.114 1702.69618
336.02 468839.916 281696.24 1700.61346 -79.1418428 -0.639709503 -9.02908846 298284.669 1702.45398
337.02 470540.209 281612.583 1699.97257 -88.1707941 -0.642018814 -9.02882325 298321.609 1702.25757
338.02 472239.86 281519.898 1699.32937 -97.1994918 -0.644329682 -9.0285809 298349.933 1702.10695
339.02 473938.867 281418.184 1698.68386 -106.227959 -0.64664213 -9.02836142 298369.643 1702.00213
340.02 475637.227 281307.442 1698.03604 -115.256218 -0.648956183 -9.02816479 298380.739 1701.94312
341.02 477334.938 281187.672 1697.3859 -124.284292 -0.651271864 -9.02799101 298383.219 1701.92993
342.02 479031.998 281058.874 1696.73345 -133.312205 -0.653589198 -9.02784009 298377.084 1701.96256
343.02 480728.404 280921.048 1696.07868 -142.339977 -0.655908207 -9.02771202 298362.335 1702.041
344.02 482424.155 280774.194 1695.42159 -151.367634 -0.658228917 -9.0276068 298338.971 1702.16524
345.02 484119.247 280618.313 1694.76217 -160.395197 -0.660551351 -9.02752444 298306.991 1702.33529
346.02 485813.678 280453.404 1694.10044 -169.422689 -0.662875533 -9.02746492 298266.397 1702.55113
347.02 487507.447 280279.467 1693.43638 -178.450133 -0.665201488 -9.02742825 298217.188 1702.81273
348.02 489200.55 280096.503 1692.76999 -187.477553 -0.667529238 -9.02741443 298159.363 1703.1201
349.02 490892.986 279904.512 1692.10127 -196.50497 -0.669858809 -9.02742345 298092.923 1703.47319
350.02 492584.752 279703.493 1691.43022 -205.532407 -0.672190224 -9.02745533 298017.868 1703.87199
351.02 494275.846 279493.447 1690.75684 -214.559889 -0.674523508 -9.02751006 297934.197 1704.31647
352.02 495966.265 279274.374 1690.08113 -223.587437 -0.676858685 -9.02758765 297841.91 1704.80661
353.02 497656.007 279046.272 1689.40308 -232.615074 -0.679195778 -9.02768809 297741.006 1705.34235
354.02 499345.07 278809.143 1688.72269 -241.642823 -0.681534813 -9.02781138 297631.486 1705.92367
355.02 501033.452 278562.987 1688.03996 -250.670707 -0.683875813 -9.02795753 297513.35 1706.55053
356.02 502721.15 278307.802 1687.35489 -259.698748 -0.686218802 -9.02812655 297386.596 1707.22288
357.02 504408.161 278043.589 1686.66748 -268.726971 -0.688563806 -9.02831842 297251.225 1707.94068
358.02 506094.484 277770.348 1685.97772 -277.755397 -0.690910848 -9.02853317 297107.237 1708.70387
359.02 507780.116 277488.078 1685.28561 -286.784049 -0.693259952 -9.02877079 296954.63 1709.51241
360.02 509465.054 277196.78 1684.59115 -295.812951 -0.695611144 -9.02903128 296793.405 1710.36623
361.02 511149.297 276896.452 1683.89434 -304.842125 -0.697964448 -9.02931465 296623.561 1711.26528
362.02 512832.842 276587.095 1683.19517 -313.871594 -0.700319887 -9.02962091 296445.098 1712.2095
363.02 514515.687 276268.709 1682.49365 -322.901381 -0.702677487 -9.02995005 296258.015 1713.19881
364.02 516197.829 275941.292 1681.78977 -331.931509 -0.705037272 -9.03030209 296062.312 1714.23317
365.02 517879.265 275604.846 1681.08353 -340.962 -0.707399267 -9.03067703 295857.988 1715.31248
366.02 519559.995 275259.368 1680.37492 -349.992878 -0.709763497 -9.03107487 295645.043 1716.43668
367.02 521240.014 274904.86 1679.66395 -359.024165 -0.712129985 -9.03149562 295423.476 1717.6057
368.02 522919.322 274541.32 1678.95061 -368.055885 -0.714498758 -9.03193929 295193.287 1718.81945
369.02 524597.915 274168.748 1678.23491 -377.088061 -0.716869839 -9.03240589 294954.475 1720.07785
370.02 526275.791 273787.144 1677.51683 -386.120714 -0.719243253 -9.03289542 294707.04 1721.38081
371.02 527952.948 273396.506 1676.79637 -395.153869 -0.721619026 -9.03340789 294450.98 1722.72826
372.02 529629.383 272996.836 1676.07354 -404.187548 -0.723997182 -9.0339433 294186.296 1724.12009
373.02 531305.094 272588.131 1675.34833 -413.221775 -0.726377746 -9.03450167 293912.986 1725.55622
374.02 532980.079 272170.392 1674.62073 -422.256571 -0.728760742 -9.035083 293631.05 1727.03654
375.02 534654.335 271743.618 1673.89076 -431.29196 -0.731146197 -9.03568731 293340.487 1728.56097
376.02 536327.859 271307.808 1673.15839 -440.327965 -0.733534135 -9.03631459 293041.297 1730.1294
377.02 538000.651 270862.962 1672.42364 -449.36461 -0.735924582 -9.03696487 292733.478 1731.74172
378.02 539672.706 270409.078 1671.6865 -458.401916 -0.738317561 -9.03763814 292417.03 1733.39784
379.02 541344.023 269946.158 1670.94696 -467.439907 -0.7407131 -9.03833443 292091.952 1735.09763
380.02 543014.599 269474.198 1670.20502 -476.478607 -0.743111222 -9.03905374 291758.243 1736.841
381.02 544684.432 268993.2 1669.46069 -485.518037 -0.745511953 -9.03979608 291415.903 1738.62783
382.02 546353.52 268503.162 1668.71395 -494.558222 -0.747915319 -9.04056146 291064.93 1740.45801
383.02 548021.859 268004.083 1667.96481 -503.599183 -0.750321344 -9.04134989 290705.324 1742.33141
384.02 549689.448 267495.963 1667.21326 -512.640945 -0.752730055 -9.04216139 290337.084 1744.24791
385.02 551356.285 266978.801 1666.4593 -521.68353 -0.755141477 -9.04299596 289960.208 1746.2074
386.02 553022.366 266452.596 1665.70292 -530.726962 -0.757555635 -9.04385363 289574.696 1748.20975
387.02 554687.69 265917.347 1664.94414 -539.771262 -0.759972556 -9.04473439 289180.547 1750.25484
388.02 556352.254 265373.053 1664.18293 -548.816456 -0.762392264 -9.04563828 288777.76 1752.34253
389.02 558016.055 264819.714 1663.4193 -557.862565 -0.764814785 -9.04656529 288366.334 1754.47269
390.02 559679.091 264257.328 1662.65325 -566.909613 -0.767240146 -9.04751544 287946.267 1756.6452
391.02 561341.361 263685.894 1661.88477 -575.957623 -0.769668372 -9.04848874 287517.559 1758.85991
392.02 563002.86 263105.412 1661.11386 -585.006618 -0.772099489 -9.04948522 287080.209 1761.1167
393.02 564663.588 262515.881 1660.34052 -594.056621 -0.774533522 -9.05050488 286634.215 1763.41541
394.02 566323.54 261917.299 1659.56475 -603.107656 -0.776970499 -9.05154774 286179.577 1765.75593
395.02 567982.716 261309.665 1658.78653 -612.159746 -0.779410444 -9.05261381 285716.293 1768.13809
396.02 569641.113 260692.979 1658.00588 -621.212913 -0.781853385 -9.05370312 285244.362 1770.56177
397.02 571298.727 260067.239 1657.22278 -630.267182 -0.784299347 -9.05481567 284763.782 1773.02681
398.02 572955.557 259432.444 1656.43723 -639.322575 -0.786748356 -9.05595148 284274.554 1775.53306
399.02 574611.601 258788.593 1655.64923 -648.379115 -0.789200439 -9.05711057 283776.674 1778.08038
400.02 576266.855 258135.685 1654.85878 -657.436827 -0.791655623 -9.05829296 283270.143 1780.66863
401.02 577921.318 257473.719 1654.06587 -666.495733 -0.794113933 -9.05949866 282754.959 1783.29764
402.02 579574.986 256802.694 1653.2705 -675.555856 -0.796575396 -9.06072769 282231.12 1785.96726
403.02 581227.858 256122.607 1652.47267 -684.617221 -0.799040039 -9.06198007 281698.625 1788.67735
404.02 582879.93 255433.459 1651.67237 -693.67985 -0.801507889 -9.06325582 281157.473 1791.42774
405.02 584531.202 254735.247 1650.8696 -702.743766 -0.803978971 -9.06455495 280607.662 1794.21828
406.02 586181.669 254027.971 1650.06436 -711.808993 -0.806453313 -9.06587748 280049.191 1797.04881
407.02 587831.33 253311.629 1649.25664 -720.875555 -0.808930942 -9.06722344 279482.059 1799.91918
408.02 589480.181 252586.219 1648.44645 -729.943475 -0.811411885 -9.06859284 278906.264 1802.82921
409.02 591128.222 251851.741 1647.63377 -739.012777 -0.813896168 -9.0699857 278321.805 1805.77876
410.02 592775.448 251108.193 1646.8186 -748.083483 -0.816383819 -9.07140205 277728.68 1808.76765
411.02 594421.858 250355.574 1646.00095 -757.155617 -0.818874864 -9.0728419 277126.888 1811.79573
412.02 596067.449 249593.881 1645.1808 -766.229203 -0.821369332 -9.07430527 276516.426 1814.86282
413.02 597712.219 248823.115 1644.35816 -775.304265 -0.823867248 -9.07579219 275897.295 1817.96877
414.02 599356.165 248043.272 1643.53302 -784.380826 -0.826368642 -9.07730268 275269.491 1821.11341
415.02 600999.284 247254.353 1642.70537 -793.458909 -0.828873539 -9.07883676 274633.014 1824.29657
416.02 602641.575 246456.354 1641.87522 -802.538538 -0.831381967 -9.08039445 273987.861 1827.51808
417.02 604283.034 245649.275 1641.04256 -811.619737 -0.833893955 -9.08197577 273334.031 1830.77778
418.02 605923.659 244833.114 1640.20738 -820.702529 -0.836409529 -9.08358075 272671.523 1834.07549
419.02 607563.448 244007.869 1639.36969 -829.786938 -0.838928718 -9.08520941 272000.335 1837.41104
420.02 609202.397 243173.54 1638.52947 -838.872989 -0.841451549 -9.08686178 271320.464 1840.78427
421.02 610840.506 242330.123 1637.68673 -847.960703 -0.84397805 -9.08853787 270631.91 1844.195
422.02 612477.77 241477.618 1636.84146 -857.050106 -0.846508249 -9.09023772 269934.671 1847.64306
423.02 614114.188 240616.022 1635.99366 -866.141221 -0.849042174 -9.09196134 269228.744 1851.12827
424.02 615749.756 239745.335 1635.14333 -875.234071 -0.851579854 -9.09370877 268514.128 1854.65047
425.02 617384.474 238865.553 1634.29045 -884.328682 -0.854121315 -9.09548002 267790.821 1858.20949
426.02 619018.336 237976.677 1633.43503 -893.425075 -0.856666588 -9.09727513 267058.821 1861.80514
427.02 620651.343 237078.703 1632.57707 -902.523276 -0.8592157 -9.09909412 266318.127 1865.43725
428.02 622283.49 236171.63 1631.71655 -911.623308 -0.861768679 -9.10093701 265568.736 1869.10566
429.02 623914.775 235255.455 1630.85348 -920.725195 -0.864325554 -9.10280384 264810.646 1872.81017
430.02 625545.196 234330.178 1629.98785 -929.828961 -0.866886355 -9.10469463 264043.856 1876.55063
431.02 627174.75 233395.797 1629.11965 -938.93463 -0.869451108 -9.10660941 263268.364 1880.32685
432.02 628803.434 232452.309 1628.24889 -948.042226 -0.872019844 -9.1085482 262484.167 1884.13867
433.02 630431.247 231499.712 1627.37556 -957.151774 -0.874592592 -9.11051104 261691.264 1887.98589
434.02 632058.185 230538.004 1626.49965 -966.263296 -0.877169379 -9.11249795 260889.653 1891.86836
435.02 633684.245 229567.184 1625.62117 -975.376818 -0.879750236 -9.11450896 260079.33 1895.78588
436.02 635309.426 228587.25 1624.7401 -984.492363 -0.882335192 -9.1165441 259260.296 1899.7383
437.02 636933.725 227598.199 1623.85644 -993.609955 -0.884924275 -9.11860341 258432.546 1903.72542
438.02 638557.138 226600.029 1622.9702 -1002.72962 -0.887517516 -9.1206869 257596.08 1907.74709
439.02 640179.664 225592.739 1622.08136 -1011.85138 -0.890114943 -9.12279462 256750.895 1911.80311
440.02 641801.3 224576.326 1621.18991 -1020.97526 -0.892716586 -9.12492659 255896.988 1915.89332
441.02 643422.043 223550.788 1620.29587 -1030.10128 -0.895322475 -9.12708284 255034.359 1920.01754
442.02 645041.891 222516.123 1619.39922 -1039.22948 -0.89793264 -9.12926341 254163.003 1924.1756
443.02 646660.841 221472.328 1618.49995 -1048.35986 -0.900547111 -9.13146833 253282.92 1928.36731
444.02 648278.89 220419.402 1617.59807 -1057.49246 -0.903165917 -9.13369762 252394.106 1932.59251
445.02 649896.036 219357.343 1616.69356 -1066.62731 -0.905789088 -9.13595133 251496.561 1936.85103
446.02 651512.276 218286.147 1615.78644 -1075.76442 -0.908416655 -9.13822948 250590.28 1941.14268
447.02 653127.608 217205.813 1614.87668 -1084.90382 -0.911048648 -9.14053211 249675.262 1945.46729
448.02 654742.029 216116.338 1613.96428 -1094.04554 -0.913685098 -9.14285925 248751.505 1949.8247
449.02 656355.536 215017.721 1613.04925 -1103.1896 -0.916326034 -9.14521094 247819.006 1954.21472
450.02 657968.126 213909.958 1612.13158 -1112.33602 -0.918971488 -9.14758721 246877.763 1958.63719
451.02 659579.798 212793.048 1611.21125 -1121.48483 -0.92162149 -9.14998809 245927.773 1963.09193
452.02 661190.548 211666.988 1610.28828 -1130.63605 -0.924276071 -9.15241363 244969.034 1967.57877
453.02 662800.373 210531.775 1609.36265 -1139.78971 -0.926935262 -9.15486385 244001.543 1972.09754
454.02 664409.272 209387.408 1608.43435 -1148.94583 -0.929599094 -9.1573388 243025.298 1976.64807
455.02 666017.241 208233.883 1607.50339 -1158.10445 -0.932267597 -9.15983851 242040.297 1981.23019
456.02 667624.278 207071.198 1606.56976 -1167.26557 -0.934940804 -9.16236301 241046.536 1985.84373
457.02 669230.38 205899.351 1605.63346 -1176.42923 -0.937618746 -9.16491234 240044.013 1990.48852
458.02 670835.544 204718.339 1604.69447 -1185.59545 -0.940301453 -9.16748655 239032.726 1995.16439
459.02 672439.768 203528.159 1603.7528 -1194.76426 -0.942988958 -9.17008566 238012.672 1999.87117
460.02 674043.049 202328.809 1602.80844 -1203.93569 -0.945681293 -9.17270973 236983.848 2004.6087
461.02 675645.384 201120.287 1601.86138 -1213.10975 -0.948378489 -9.17535878 235946.252 2009.3768
462.02 677246.771 199902.589 1600.91163 -1222.28647 -0.951080578 -9.17803285 234899.881 2014.17532
463.02 678847.206 198675.713 1599.95916 -1231.46587 -0.953787592 -9.18073199 233844.732 2019.00409
464.02 680446.688 197439.656 1599.00399 -1240.64799 -0.956499563 -9.18345623 232780.803 2023.86294
465.02 682045.213 196194.416 1598.04611 -1249.83285 -0.959216524 -9.18620562 231708.09 2028.75171
466.02 683642.779 194939.99 1597.08551 -1259.02047 -0.961938507 -9.1889802 230626.591 2033.67024
467.02 685239.383 193676.374 1596.12218 -1268.21087 -0.964665545 -9.19178 229536.303 2038.61836
468.02 686835.023 192403.567 1595.15612 -1277.40409 -0.96739767 -9.19460507 228437.223 2043.59591
469.02 688429.695 191121.565 1594.18732 -1286.60015 -0.970134915 -9.19745545 227329.349 2048.60274
470.02 690023.397 189830.366 1593.21579 -1295.79907 -0.972877314 -9.20033118 226212.677 2053.63867
471.02 691616.125 188529.966 1592.24151 -1305.00088 -0.975624898 -9.20323231 225087.205 2058.70355
472.02 693207.879 187220.363 1591.26449 -1314.2056 -0.978377701 -9.20615888 223952.929 2063.79723
473.02 694798.654 185901.554 1590.2847 -1323.41326 -0.981135757 -9.20911093 222809.847 2068.91955
474.02 696388.447 184573.536 1589.30216 -1332.62389 -0.983899099 -9.21208851 221657.955 2074.07034
475.02 697977.257 183236.305 1588.31685 -1341.83751 -0.986667761 -9.21509166 220497.251 2079.24946
476.02 699565.08 181889.859 1587.32876 -1351.05414 -0.989441776 -9.21812042 219327.732 2084.45674
477.02 701151.914 180534.196 1586.33791 -1360.27382 -0.992221178 -9.22117485 218149.394 2089.69204
478.02 702737.755 179169.311 1585.34426 -1369.49656 -0.995006001 -9.22425498 216962.235 2094.95519
479.02 704322.601 177795.202 1584.34784 -1378.7224 -0.997796279 -9.22736087 215766.251 2100.24606
480.02 705906.45 176411.865 1583.34861 -1387.95135 -1.00059205 -9.23049255 214561.439 2105.56448
481.02 707489.297 175019.298 1582.34659 -1397.18345 -1.00339334 -9.23365008 213347.797 2110.91031
482.02 709071.142 173617.497 1581.34177 -1406.41873 -1.00620019 -9.23683351 212125.32 2116.2834
483.02 710651.98 172206.459 1580.33414 -1415.65719 -1.00901263 -9.24004287 210894.005 2121.68359
484.02 712231.809 170786.182 1579.32369 -1424.89888 -1.0118307 -9.24327823 209653.85 2127.11075
485.02 713810.626 169356.66 1578.31042 -1434.14382 -1.01465444 -9.24653962 208404.851 2132.56472
486.02 715388.429 167917.893 1577.29432 -1443.39204 -1.01748387 -9.2498271 207147.005 2138.04536
487.02 716965.214 166469.875 1576.27539 -1452.64355 -1.02031903 -9.25314072 205880.309 2143.55252
488.02 718540.979 165012.605 1575.25362 -1461.8984 -1.02315997 -9.25648052 204604.758 2149.08606
489.02 720115.72 163546.077 1574.22901 -1471.15659 -1.0260067 -9.25984656 203320.351 2154.64584
490.02 721689.436 162070.29 1573.20155 -1480.41816 -1.02885928 -9.26323889 202027.082 2160.23171
491.02 723262.123 160585.24 1572.17123 -1489.68314 -1.03171774 -9.26665756 200724.95 2165.84354
492.02 724833.777 159090.923 1571.13805 -1498.95156 -1.0345821 -9.27010262 199413.951 2171.48119
493.02 726404.398 157587.336 1570.10201 -1508.22343 -1.03745241 -9.27357412 198094.08 2177.14451
494.02 727973.981 156074.475 1569.06309 -1517.49878 -1.04032871 -9.27707212 196765.335 2182.83337
495.02 729542.523 154552.337 1568.02129 -1526.77765 -1.04321103 -9.28059666 195427.712 2188.54764
496.02 731110.022 153020.918 1566.97661 -1536.06006 -1.0460994 -9.28414781 194081.208 2194.28717
497.02 732676.475 151480.216 1565.92903 -1545.34603 -1.04899387 -9.28772561 192725.818 2200.05184
498.02 734241.879 149930.225 1564.87856 -1554.63559 -1.05189447 -9.29133013 191361.54 2205.8415
499.02 735806.231 148370.943 1563.82518 -1563.92877 -1.05480124 -9.29496141 189988.37 2211.65603
500.02 737369.529 146802.366 1562.7689 -1573.22559 -1.05771422 -9.29861951 188606.303 2217.4953
501.02 738931.768 145224.491 1561.7097 -1582.52609 -1.06063343 -9.30230448 187215.338 2223.35917
502.02 740492.947 143637.313 1560.64757 -1591.83029 -1.06355893 -9.30601639 185815.468 2229.24752
503.02 742053.062 142040.829 1559.58252 -1601.13821 -1.06649074 -9.30975529 184406.692 2235.16021
504.02 743612.111 140435.035 1558.51453 -1610.44988 -1.06942892 -9.31352123 182989.006 2241.09713
505.02 745170.09 138819.928 1557.4436 -1619.76533 -1.07237348 -9.31731428 181562.404 2247.05814
506.02 746726.997 137195.503 1556.36972 -1629.08459 -1.07532448 -9.32113449 180126.884 2253.04312
507.02 748282.829 135561.758 1555.29289 -1638.40769 -1.07828195 -9.32498192 178682.443 2259.05195
508.02 749837.582 133918.687 1554.2131 -1647.73464 -1.08124593 -9.32885663 177229.075 2265.0845
509.02 751391.254 132266.287 1553.13033 -1657.06549 -1.08421646 -9.33275868 175766.777 2271.14065
510.02 752943.842 130604.554 1552.0446 -1666.40025 -1.08719357 -9.33668813 174295.545 2277.22029
511.02 754495.342 128933.485 1550.95589 -1675.73895 -1.09017731 -9.34064504 172815.376 2283.32328
512.02 756045.753 127253.075 1549.86418 -1685.08163 -1.09316772 -9.34462947 171326.265 2289.44951
513.02 757595.07 125563.321 1548.76949 -1694.4283 -1.09616483 -9.34864149 169828.208 2295.59887
514.02 759143.291 123864.217 1547.67179 -1703.779 -1.09916869 -9.35268114 168321.202 2301.77124
515.02 760690.412 122155.761 1546.57109 -1713.13375 -1.10217933 -9.35674851 166805.242 2307.96651
516.02 762236.432 120437.948 1545.46737 -1722.49259 -1.1051968 -9.36084364 165280.324 2314.18455
517.02 763781.346 118710.775 1544.36063 -1731.85553 -1.10822114 -9.3649666 163746.444 2320.42525
518.02 765325.152 116974.236 1543.25087 -1741.22261 -1.11125237 -9.36911747 162203.598 2326.68851
519.02 766867.847 115228.328 1542.13806 -1750.59386 -1.11429056 -9.37329629 160651.782 2332.97421
520.02 768409.427 113473.047 1541.02222 -1759.9693 -1.11733573 -9.37750314 159090.992 2339.28224
521.02 769949.89 111708.388 1539.90333 -1769.34896 -1.12038794 -9.38173808 157521.223 2345.6125
522.02 771489.233 109934.347 1538.78138 -1778.73287 -1.12344721 -9.38600118 155942.472 2351.96487
523.02 773027.452 108150.921 1537.65637 -1788.12106 -1.12651359 -9.39029251 154354.733 2358.33925
524.02 774564.544 106358.104 1536.52829 -1797.51355 -1.12958712 -9.39461212 152758.003 2364.73554
525.02 776100.507 104555.892 1535.39713 -1806.91038 -1.13266785 -9.3989601 151152.277 2371.15362
526.02 777635.338 102744.282 1534.26289 -1816.31157 -1.13575582 -9.4033365 149537.552 2377.59339
527.02 779169.032 100923.268 1533.12556 -1825.71715 -1.13885106 -9.4077414 147913.822 2384.05476
528.02 780701.588 99092.846 1531.98512 -1835.12715 -1.14195363 -9.41217486 146281.083 2390.53761
529.02 782233.001 97253.012 1530.84159 -1844.5416 -1.14506356 -9.41663695 144639.331 2397.04186
530.02 783763.27 95403.7613 1529.69493 -1853.96052 -1.14818089 -9.42112775 142988.562 2403.56739
531.02 785292.39 93545.0894 1528.54516 -1863.38395 -1.15130568 -9.42564733 141328.77 2410.11412
532.02 786820.359 91676.9919 1527.39226 -1872.81192 -1.15443796 -9.43019575 139659.952 2416.68194
533.02 788347.174 89799.4641 1526.23622 -1882.24444 -1.15757777 -9.43477308 137982.103 2423.27075
534.02 789872.831 87912.5014 1525.07704 -1891.68156 -1.16072517 -9.43937941 136295.218 2429.88047
535.02 791397.327 86016.0994 1523.9147 -1901.1233 -1.16388018 -9.4440148 134599.293 2436.511
536.02 792920.659 84110.2533 1522.74921 -1910.5697 -1.16704287 -9.44867933 132894.323 2443.16224
537.02 794442.824 82194.9584 1521.58055 -1920.02077 -1.17021327 -9.45337307 131180.304 2449.8341
538.02 795963.819 80270.2102 1520.40872 -1929.47655 -1.17339143 -9.45809609 129457.23 2456.52649
539.02 797483.64 78336.0038 1519.2337 -1938.93706 -1.17657738 -9.46284847 127725.098 2463.23933
540.02 799002.285 76392.3345 1518.0555 -1948.40235 -1.17977119 -9.46763029 125983.901 2469.97251
541.02 800519.75 74439.1975 1516.87409 -1957.87243 -1.18297288 -9.47244161 124233.637 2476.72596
542.02 802036.032 72476.588 1515.68948 -1967.34734 -1.18618252 -9.47728253 122474.299 2483.49958
543.02 803551.128 70504.5012 1514.50166 -1976.8271 -1.18940014 -9.48215311 120705.884 2490.29329
544.02 805065.035 68522.9322 1513.31062 -1986.31175 -1.19262578 -9.48705344 118928.385 2497.107
545.02 806577.748 66531.876 1512.11634 -1995.80132 -1.1958595 -9.49198359 117141.799 2503.94064
546.02 808089.266 64531.3279 1510.91883 -2005.29583 -1.19910134 -9.49694364 115346.12 2510.79411
547.02 809599.585 62521.2827 1509.71807 -2014.79531 -1.20235135 -9.50193367 113541.344 2517.66734
548.02 811108.701 60501.7356 1508.51406 -2024.2998 -1.20560958 -9.50695376 111727.465 2524.56023
549.02 812616.612 58472.6814 1507.30678 -2033.80933 -1.20887606 -9.512004 109904.478 2531.47272
550.02 814123.314 56434.1152 1506.09624 -2043.32392 -1.21215086 -9.51708446 108072.38 2538.40472
551.02 815628.803 54386.0319 1504.88241 -2052.84361 -1.215434 -9.52219523 106231.163 2545.35616
552.02 817133.078 52328.4263 1503.6653 -2062.36843 -1.21872555 -9.52733639 104380.824 2552.32695
553.02 818636.133 50261.2933 1502.44489 -2071.8984 -1.22202555 -9.53250803 102521.357 2559.31703
554.02 820137.966 48184.6278 1501.22118 -2081.43356 -1.22533404 -9.53771024 100652.758 2566.3263
555.02 821638.574 46098.4245 1499.99416 -2090.97393 -1.22865106 -9.54294311 98775.0202 2573.35471
556.02 823137.953 44002.6782 1498.76381 -2100.51956 -1.23197667 -9.54820672 96888.1393 2580.40217
557.02 824636.101 41897.3836 1497.53013 -2110.07046 -1.23531091 -9.55350117 94992.11 2587.46862
558.02 826133.013 39782.5355 1496.29312 -2119.62668 -1.23865381 -9.55882656 93086.927 2594.55398
559.02 827628.686 37658.1284 1495.05276 -2129.18823 -1.24200543 -9.564183 91172.585 2601.65818
560.02 829123.117 35524.1572 1493.80904 -2138.75516 -1.24536578 -9.56957057 89249.0787 2608.78115
561.02 830616.303 33380.6163 1492.56195 -2148.32749 -1.24873492 -9.57498941 87316.4027 2615.92282
562.02 832108.24 31227.5004 1491.3115 -2157.90526 -1.25211286 -9.58043963 85374.5518 2623.08313
563.02 833598.925 29064.804 1490.05766 -2167.48849 -1.25549964 -9.58592136 83423.5204 2630.262
564.02 835088.354 26892.5216 1488.80043 -2177.07722 -1.25889526 -9.59143475 81463.3031 2637.45937
565.02 836576.524 24710.6477 1487.5398 -2186.67148 -1.26229974 -9.59697995 79493.8945 2644.67518
566.02 838063.432 22519.1768 1486.27576 -2196.2713 -1.26571306 -9.60255716 77515.2891 2651.90936
567.02 839549.075 20318.1032 1485.0083 -2205.87672 -1.26913517 -9.60816662 75527.4813 2659.16185
568.02 841033.448 18107.4215 1483.73742 -2215.48776 -1.272566 -9.61380863 73530.4657 2666.43259
569.02 842516.548 15887.1258 1482.4631 -2225.10446 -1.27600542 -9.61948355 71524.2365 2673.72151
570.02 843998.373 13657.2106 1481.18533 -2234.72685 -1.27945327 -9.62519183 69508.7881 2681.02855
571.02 845478.918 11417.6702 1479.90412 -2244.35497 -1.28290934 -9.63093397 67484.115 2688.35367
572.02 846958.18 9168.49877 1478.61944 -2253.98885 -1.28637333 -9.63671062 65450.2115 2695.69679
573.02 848436.156 6909.69057 1477.3313 -2263.62852 -1.28984487 -9.6425226 63407.0717 2703.05787
574.02 849912.841 4641.23979 1476.03968 -2273.27402 -1.29332341 -9.64837096 61354.69 2710.43685
575.02 851388.234 2363.14057 1474.74458 -2282.92539 -1.29680828 -9.65425696 59293.0605 2717.83368
576.02 852862.329 75.3870373 1473.44599 -2292.58267 -1.30029865 -9.66018217 57222.1775 2725.24831
577.02 854335.125 -2222.02674 1472.14391 -2302.24589 -1.30379343 -9.66614859 55142.035 2732.6807
578.02 855806.616 -4529.10673 1470.83833 -2311.9151 -1.30729122 -9.67215872 53052.6272 2740.1308
579.02 857276.8 -6845.85895 1469.52926 -2321.59034 -1.31078996 -9.67821616 50953.9482 2747.59858
580.02 858745.673 -9172.28944 1468.21668 -2331.27167 -1.31428657 -9.68432621 48845.9918 2755.08399
581.02 860213.232 -11508.4043 1466.90062 -2340.95913 -1.31777621 -9.69049707 46728.7522 2762.58703
582.02 861679.474 -13854.2098 1465.58107 -2350.65281 -1.32125151 -9.69674119 44602.2231 2770.10767
583.02 863144.393 -16209.712 1464.25805 -2360.35277 -1.32470104 -9.70307776 42466.3985 2777.64592
584.02 864607.989 -18574.9175 1462.93161 -2370.05913 -1.32810786 -9.70953529 40321.2721 2785.20182
585.02 866070.255 -20949.8325 1461.60179 -2379.77203 -1.33144716 -9.71615568 38166.8374 2792.77545
586.02 867531.191 -23334.4638 1460.26869 -2389.49167 -1.33468196 -9.72300154 36003.088 2800.36696
587.02 868990.792 -25728.8182 1458.93244 -2399.21832 -1.33773906 -9.73019629 33830.0172 2807.97657
588.02 870449.055 -28132.9029 1457.59326 -2408.9524 -1.34053096 -9.73788936 31647.6178 2815.60469
589.02 871905.977 -30546.7256 1456.25146 -2418.6945 -1.34293733 -9.74628768 29455.8825 2823.25192
590.02 873361.557 -32970.2948 1454.90751 -2428.44546 -1.34478138 -9.75569632 27254.8029 2830.91915
591.02 874815.792 -35403.6199 1453.5621 -2438.2065 -1.34581535 -9.76654541 25044.3702 2838.60771
592.02 876268.681 -37846.7118 1452.21618 -2447.97935 -1.34570923 -9.77941196 22824.5737 2846.31951
593.02 877720.225 -40299.5833 1450.87114 -2457.7664 -1.344044 -9.79503485 20595.4014 2854.05724
594.02 879170.424 -42762.2503 1449.5288 -2467.57092 -1.3402966 -9.81434424 18356.8383 2861.82459
595.02 880619.284 -45234.7324 1448.19171 -2477.3974 -1.3336121 -9.83885574 16108.8662 2869.62665
596.02 882066.811 -47717.0547 1446.86372 -2487.25266 -1.32202963 -9.872015 13851.4616 2877.47119
597.02 883513.016 -50209.2509 1445.55076 -2497.14716 -1.30329774 -9.9178361 11584.5935 2885.37016
598.02 884957.92 -52711.3666 1444.26017 -2507.09402 -1.27717749 -9.97691645 9308.21981 2893.33853
599.02 886401.547 -55223.4607 1442.99895 -2517.1059 -1.24463195 -10.047766 7022.28654 2901.39072
600.02 887843.93 -57745.6039 1441.77338 -2527.19441 -1.20588377 -10.1301611 4726.72876 2909.53983
601.02 889285.108 -60277.8793 1440.59065 -2537.37288 -1.15860454 -10.2283644 2421.47056 2917.80098
602.02 890725.129 -62820.3869 1439.46324 -2547.66425 -1.09483889 -10.3566777 106.420289 2926.20019
602.06 890797.101 -62947.7831 1439.40862 -2548.18232 -1.09147699 -10.3634326 -9.59126335 2926.62439
