0 0 4 0 0 0 0 6335441 0
0.01 0.000273047696 4.00041939 0.0546102069 0.0673393248 5.46082037 15.0034807 4.00041939 0.0866998233
1.01 2.79219613 6.62640651 5.53596271 5.20311976 5.50117531 5.19025548 6.62640713 7.59732442
2.01 11.0857505 14.4439055 11.0579718 10.4506412 5.54212382 5.30281717 14.4439152 15.2149479
3.02 25.0883834 27.7238848 16.6770809 15.8657794 5.58409809 5.41823648 27.7239345 23.018427
4.02 44.5647281 46.3186261 22.2826399 21.3430444 5.62628098 5.53426693 46.3187829 30.8551712
5.02 69.6678317 70.4489524 27.9307048 26.937247 5.6690994 5.6520826 70.4493354 38.8038599
6.02 100.44052 100.232701 33.6219184 32.6501931 5.71256811 5.77172462 100.233497 46.8664967
7.02 136.926271 135.789535 39.3569389 38.4837308 5.75670238 5.89323536 135.791015 55.0451286
8.02 179.169225 177.240989 45.1364398 44.4397508 5.80151793 6.01665852 177.243523 63.3418476
9.02 227.214207 224.710509 50.9611106 50.5201886 5.84703095 6.14203917 224.714583 71.7587921
10.02 281.106738 278.323499 56.8316573 56.727025 5.89325818 6.26942379 278.329735 80.2981484
11.02 340.893054 338.207368 62.7488027 63.0622885 5.94021685 6.39886031 338.216538 88.9621519
12.02 406.620123 404.491577 68.7132875 69.528056 5.98792477 6.53039823 404.504625 97.7530892
13.02 478.335661 477.30769 74.72587 76.1264549 6.0364003 6.6640886 477.325746 106.673299
14.02 556.088154 556.789423 80.7873277 82.8596644 6.0856624 6.79998415 556.813826 115.725176
15.02 639.926874 643.072699 86.8984569 89.7299172 6.13573067 6.93813933 643.105014 124.911168
16.02 729.901897 736.2957 93.0600742 96.7395015 6.18662531 7.07861038 736.337741 134.233783
17.02 826.06413 836.598927 99.2730164 103.890763 6.23836723 7.22145541 836.652774 143.695589
18.01 927.410258 943.013759 105.475229 111.11243 6.29044753 7.36526941 943.081628 153.202468
19.01 1036.03986 1057.83408 111.792883 118.552842 6.34394046 7.51301927 1057.91878 162.949149
20.01 1151.01401 1180.16913 118.164494 126.142303 6.39834741 7.66332876 1180.27366 172.843074
21.01 1272.38714 1310.16923 124.590988 133.883407 6.45369221 7.81626424 1310.29698 182.887072
22.01 1400.2146 1447.98737 131.073316 141.778816 6.50999955 7.97189437 1448.14207 193.084041
23.01 1534.55271 1593.77921 137.612453 149.831258 6.56729495 8.13029019 1593.96501 203.436951
24.01 1675.45877 1747.70317 144.2094 158.043539 6.62560483 8.29152525 1747.92465 213.948852
25.01 1822.99112 1909.92052 150.865186 166.418535 6.68495653 8.45567571 1910.18272 224.622869
26.01 1977.20911 2080.59546 157.580868 174.959202 6.74537955 8.62282176 2080.90389 235.46221
27.01 2138.17318 2259.89516 164.357532 183.668578 6.80690394 8.79304592 2260.25585 246.470171
28.01 2305.94487 2447.98989 171.196295 192.549784 6.86955896 8.96643166 2448.40939 257.650132
29.01 2480.58685 2645.05308 178.098302 201.606025 6.93337621 9.14306692 2645.5385 269.005566
30.01 2662.16295 2851.26139 185.064734 210.840598 6.99838848 9.3230429 2851.82046 280.540039
31.01 2850.7382 3066.79484 192.096802 220.25689 7.06462978 9.50645424 3067.4359 292.257214
32.01 3046.37885 3291.8369 199.195752 229.858388 7.13213538 9.69339916 3292.56894 304.160856
33.01 3249.15243 3526.57455 206.362869 239.648676 7.20094192 9.8839796 3527.40726 316.254837
34.01 3459.12775 3771.19841 213.599472 249.631444 7.27108742 10.0783015 3772.14219 328.543136
35.01 3676.37499 4025.90286 220.90692 259.810488 7.34261179 10.2764752 4026.96886 341.029848
36.01 3900.96567 4290.88612 228.286616 270.189722 7.41556019 10.4786201 4292.08629 353.719189
37.01 4132.97278 4566.35038 235.740002 280.773175 7.48997175 10.6848509 4567.69749 366.615499
38.01 4372.47074 4852.50192 243.268565 291.564994 7.56589096 10.8952914 4854.00962 379.723242
39.01 4619.53548 5149.55124 250.873836 302.569456 7.6433641 11.1100704 5151.23406 393.047017
40.01 4874.2445 5457.71318 258.557393 313.790967 7.72243934 11.329322 5459.5866 406.59156
41.01 5136.6769 5777.20704 266.320864 325.234069 7.80316681 11.5531858 5779.28751 420.361752
42.01 5406.91343 6108.25674 274.165927 336.90345 7.88560074 11.7818099 6110.56176 434.362625
43.01 5685.03653 6451.09098 282.09432 348.803949 7.96979856 12.0153494 6453.63909 448.599376
44.02 5974.03192 6809.55336 290.188403 361.063136 8.05668278 12.2563703 6812.36696 463.223378
45.02 6268.26368 7176.78633 298.289761 373.44345 8.14459272 12.5002663 7179.88372 477.950617
46.02 6570.64107 7556.52247 306.480013 386.070404 8.23444133 12.7495706 7559.9257 492.930375
47.02 6881.25399 7949.01118 314.761129 398.949497 8.32629323 13.0044631 7952.74354 508.168544
48.02 7200.1943 8354.50741 323.135151 412.086417 8.42022536 13.2651439 8358.59351 523.671215
49.02 7527.55596 8773.27192 331.604194 425.48705 8.51630192 13.5318015 8777.73773 539.444688
50.02 7863.43509 9205.57144 340.170438 439.157476 8.61459553 13.8046402 9210.44433 555.495469
51.02 8207.92999 9651.67889 348.836139 453.103984 8.71518352 14.0838752 9656.98773 571.830283
52.02 8561.1413 10111.8736 357.603633 467.333086 8.81815128 14.3697377 10117.6488 588.456091
53.02 8923.172 10586.4415 366.475352 481.85154 8.92359493 14.6624787 10592.715 605.38012
54.02 9294.12758 11075.6755 375.453808 496.666339 9.03159066 14.9623293 11082.4808 622.609842
55.02 9674.11606 11579.8754 384.541602 511.784726 9.14223186 15.2695493 11587.248 640.152989
56.02 10063.2481 12099.3486 393.741428 527.214208 9.25562258 15.5844195 12107.3256 658.017578
57.02 10461.6372 12634.4101 403.056104 542.962601 9.37188789 15.907256 12643.0305 676.211955
58.02 10869.3996 13185.3828 412.488545 559.038005 9.49111291 16.2383292 13194.6875 694.744767
59.02 11286.6545 13752.5979 422.04177 575.448818 9.6134117 16.5779559 13762.6298 713.62497
60.02 11713.5244 14336.3952 431.718918 592.203771 9.7389277 16.9265015 14347.1992 732.861877
61.02 12150.1348 14937.1232 441.523281 609.311972 9.8677857 17.2843154 14948.7466 752.465207
62.02 12596.6145 15555.14 451.458255 626.782861 10.0001036 17.6517467 15567.6321 772.445021
63.02 13053.096 16190.8131 461.527373 644.626254 10.1360341 18.0292023 16204.2256 792.811783
64.02 13519.7152 16844.5201 471.73434 662.852408 10.2757443 18.4171208 16858.9072 813.576427
65.02 13996.6119 17516.649 482.083 681.471985 10.4193671 18.815904 17532.0674 834.750313
66.02 14483.9298 18207.5989 492.577349 700.496083 10.5670792 19.226027 18224.1078 856.345262
67.02 14981.8166 18917.7799 503.221583 719.936311 10.7190724 19.6479999 18935.4414 878.373641
68.02 15490.4244 19647.6142 514.020061 739.804759 10.875512 20.0823089 19666.4931 900.848325
69.02 16009.9096 20397.5364 524.977335 760.114046 11.0366127 20.5295252 20417.7003 923.782748
70.02 16540.4336 21167.9937 536.09818 780.877384 11.2025851 20.9902301 21189.5135 947.190977
71.02 17082.1622 21959.4471 547.38757 802.108557 11.3736387 21.4650206 21982.3967 971.087683
72.02 17635.2666 22772.3715 558.850719 823.822004 11.5500405 21.954595 22796.8283 995.488232
73.01 18194.219 23598.7977 570.375763 845.80822 11.7301694 22.4544836 23624.8259 1020.15688
74.01 18770.4918 24455.9219 582.201197 868.527058 11.9179448 22.9755415 24483.6213 1045.60867
75.01 19358.685 25336.0283 594.217516 891.775555 12.1118618 23.5135868 25365.4868 1071.61472
76.01 19958.9926 26239.6553 606.431009 915.571111 12.3122203 24.0694537 26270.9647 1098.19353
77.01 20571.615 27167.359 618.848293 939.932016 12.5193591 24.6440603 27200.615 1125.36457
78.01 21196.7594 28119.7142 631.476313 964.87748 12.7336128 25.2383459 28155.0169 1153.14825
79.01 21834.6403 29097.3155 644.322382 990.427716 12.9553711 25.8533642 29134.7692 1181.56608
80.01 22485.4794 30100.7783 657.394198 1016.604 13.1850179 26.490192 30140.4918 1210.64066
81.01 23149.5066 31130.7397 670.699874 1043.42874 13.4229973 27.1500335 31172.8265 1240.39585
82.01 23826.96 32187.8598 684.247967 1070.92559 13.6697566 27.8341367 32232.4386 1270.85676
83.01 24518.0864 33272.8232 698.047512 1099.1195 13.9258014 28.5438809 33320.0175 1302.04993
84.01 25223.142 34386.3399 712.108058 1128.03685 14.1916571 29.2807217 34436.2789 1334.00338
85.01 25942.3928 35529.1473 726.439711 1157.70553 14.4679024 30.0462472 35581.9654 1366.74678
86.01 26676.1153 36702.0113 741.053168 1188.15509 14.7551563 30.8421625 36757.849 1400.31151
87.01 27424.5969 37905.7282 755.959777 1219.41684 15.054087 31.6703097 37964.7322 1434.73085
88.01 28188.1366 39141.1267 771.171582 1251.52403 15.3654252 32.5326946 39203.4499 1470.04014
89.01 28967.046 40409.0698 786.701383 1284.51198 15.6899533 33.4314761 40474.8717 1506.2769
90.01 29761.6499 41710.4568 802.562803 1318.41827 16.0285288 34.3690116 41779.9041 1543.48106
91.01 30572.287 43046.2258 818.770356 1353.28294 16.3820832 35.3478638 43119.4924 1581.69517
92.01 31399.3112 44417.3563 835.339531 1389.14871 16.7516298 36.3708228 44494.6238 1620.96462
93.01 32243.0921 45824.8721 852.286879 1426.06124 17.1382782 37.4409407 45906.3301 1661.33789
94.01 33104.0169 47269.844 869.63011 1464.06934 17.5432427 38.5615575 47355.6907 1702.86686
95.01 33982.4906 48753.3934 887.388209 1503.22536 17.9678535 39.7363336 48843.8356 1745.60715
96.01 34878.9383 50276.696 905.581557 1543.58548 18.413574 40.9692948 50371.9501 1789.61842
97.01 35793.8061 51840.9858 924.232073 1585.21011 18.8820169 42.2648765 51941.2778 1834.96485
98.01 36727.5627 53447.5594 943.363373 1628.16433 19.3749632 43.6279772 53553.1257 1881.71558
99.01 37680.7016 55097.781 963.000948 1672.51837 19.8943843 45.0640191 55208.8689 1929.94521
100.01 38653.7425 56793.0879 983.172371 1718.3482 20.4424692 46.5790225 56909.9563 1979.73444
101.01 39647.2342 58534.9967 1003.90753 1765.73613 21.0216553 48.1796895 58657.9162 2031.17069
102.01 40661.7563 60325.1093 1025.23888 1814.77157 21.6346637 49.8735036 60454.3638 2084.34896
103.01 41697.9224 62165.1213 1047.20177 1865.55187 22.2845428 51.6688462 62301.008 2139.37265
104.01 42756.3832 64056.8299 1069.8348 1918.18326 22.9747182 53.5751366 64199.6606 2196.35459
105.01 43837.8294 66002.1435 1093.18017 1972.782 23.7090532 55.6029967 66152.2451 2255.4183
106.01 44942.9964 68003.0921 1117.28425 2029.47567 24.4919212 57.7644503 68160.808 2316.69929
107.01 46072.6678 70061.8398 1142.19804 2088.40468 25.3282923 60.0731617 70227.5305 2380.34671
108.01 47227.6811 72180.6981 1167.97788 2149.72407 26.2238392 62.5447255 72354.7428 2446.52527
109.01 48408.9329 74362.1418 1194.68617 2213.6056 27.1850656 65.1970203 74544.9393 2515.41743
110.01 49617.3841 76608.8216 1222.06219 2279.33317 -0.0749420447 -9.68759936 76800.7921 2586.27062
111.01 50839.4085 78883.3121 1221.98635 2269.6491 -0.0767074417 -9.68068928 79084.7836 2577.70395
112.01 52061.3562 81148.1221 1221.90874 2259.97192 -0.0784689464 -9.67381419 81359.3201 2569.15045
113.01 53283.2254 83403.2582 1221.82938 2250.3016 -0.0802266707 -9.66697413 83624.4083 2560.61014
114.01 54505.0143 85648.7275 1221.74826 2240.6381 -0.0819806994 -9.66016909 85880.0547 2552.08305
115.01 55726.7213 87884.5367 1221.66538 2230.98138 -0.0837310985 -9.65339902 88126.2659 2543.56919
116.01 56948.3445 90110.6925 1221.58076 2221.33142 -0.0854779285 -9.64666387 90363.0485 2535.06861
117.01 58169.8823 92327.2018 1221.49439 2211.68818 -0.0872212456 -9.63996358 92590.4088 2526.58132
118.01 59391.3327 94534.0711 1221.40628 2202.05162 -0.0889610942 -9.63329806 94808.3535 2518.10735
119.01 60612.6942 96731.3072 1221.31644 2192.4217 -0.0906975144 -9.62666722 97016.8888 2509.64674
120.01 61833.965 98918.9167 1221.22486 2182.7984 -0.0924305434 -9.62007096 99216.0211 2501.19951
121.01 63055.1434 101096.906 1221.13154 2173.18168 -0.0941602153 -9.61350918 101405.757 2492.76571
122.01 64276.2275 103265.282 1221.0365 2163.5715 -0.0958865624 -9.60698177 103586.102 2484.34534
123.01 65497.2158 105424.051 1220.93974 2153.96784 -0.0976096155 -9.60048864 105757.064 2475.93846
124.01 66718.1064 107573.22 1220.84125 2144.37064 -0.0993294042 -9.59402968 107918.648 2467.5451
125.01 67938.8977 109712.795 1220.74104 2134.77989 -0.101045957 -9.58760477 110070.86 2459.16528
126.01 69159.588 111842.782 1220.63912 2125.19555 -0.102759302 -9.58121382 112213.707 2450.79905
127.01 70380.1754 113963.188 1220.53549 2115.61758 -0.104469466 -9.5748567 114347.194 2442.44645
128.01 71600.6584 116074.019 1220.43015 2106.04595 -0.106176477 -9.56853333 116471.329 2434.1075
129.01 72821.0351 118175.282 1220.32311 2096.48063 -0.107880361 -9.56224358 118586.117 2425.78225
130.01 74041.304 120266.983 1220.21436 2086.92158 -0.109581144 -9.55598735 120691.563 2417.47074
131.01 75261.4633 122349.127 1220.10391 2077.36877 -0.111278853 -9.54976455 122787.675 2409.173
132.01 76481.5113 124421.722 1219.99177 2067.82216 -0.112973513 -9.54357505 124874.458 2400.88909
133.01 77701.4463 126484.774 1219.87793 2058.28173 -0.114665151 -9.53741876 126951.918 2392.61904
134.01 78921.2666 128538.288 1219.7624 2048.74744 -0.116353792 -9.53129557 129020.061 2384.36289
135.01 80140.9705 130582.271 1219.64519 2039.21925 -0.118039461 -9.52520539 131078.892 2376.12069
136.01 81360.5564 132616.728 1219.52629 2029.69714 -0.119722184 -9.5191481 133128.418 2367.89249
137.01 82580.0225 134641.667 1219.40571 2020.18107 -0.121401987 -9.51312361 135168.645 2359.67833
138.01 83799.3673 136657.092 1219.28346 2010.671 -0.123078894 -9.50713182 137199.578 2351.47826
139.01 85018.5889 138663.011 1219.15952 2001.16691 -0.12475293 -9.50117262 139221.224 2343.29233
140.01 86237.6858 140659.428 1219.03392 1991.66876 -0.126424121 -9.49524591 141233.587 2335.12059
141.01 87456.6562 142646.35 1218.90664 1982.17653 -0.128092491 -9.4893516 143236.673 2326.96308
142.01 88675.4985 144623.783 1218.7777 1972.69017 -0.129758064 -9.4834896 145230.489 2318.81987
143.01 89894.211 146591.733 1218.64709 1963.20965 -0.131420866 -9.47765979 147215.039 2310.691
144.01 91112.7921 148550.204 1218.51483 1953.73495 -0.13308092 -9.47186209 149190.33 2302.57652
145.01 92331.2401 150499.205 1218.3809 1944.26603 -0.134738252 -9.46609639 151156.367 2294.4765
146.01 93549.5534 152438.738 1218.24532 1934.80286 -0.136392884 -9.46036261 153113.155 2286.39099
147.01 94767.7302 154368.812 1218.10808 1925.34541 -0.138044842 -9.45466065 155060.701 2278.32005
148.01 95985.769 156289.431 1217.9692 1915.89365 -0.139694149 -9.44899041 156999.009 2270.26373
149.01 97203.668 158200.601 1217.82866 1906.44753 -0.141340829 -9.4433518 158928.084 2262.2221
150.01 98421.4258 160102.328 1217.68648 1897.00704 -0.142984906 -9.43774473 160847.934 2254.19522
151.01 99639.0405 161994.617 1217.54266 1887.57215 -0.144626404 -9.43216911 162758.562 2246.18315
152.01 100856.511 163877.474 1217.3972 1878.14281 -0.146265345 -9.42662484 164659.974 2238.18595
153.01 102073.834 165750.905 1217.2501 1868.719 -0.147901754 -9.42111184 166552.176 2230.20369
154.01 103291.01 167614.914 1217.10136 1859.30068 -0.149535653 -9.41563001 168435.172 2222.23643
155.01 104508.036 169469.508 1216.95099 1849.88784 -0.151167067 -9.41017926 170308.968 2214.28425
156.01 105724.912 171314.692 1216.799 1840.48042 -0.152796017 -9.40475951 172173.57 2206.3472
157.01 106941.634 173150.471 1216.64537 1831.07841 -0.154422527 -9.39937066 174028.982 2198.42537
158.01 108158.202 174976.85 1216.49012 1821.68178 -0.15604662 -9.39401263 175875.21 2190.51882
159.01 109374.614 176793.836 1216.33325 1812.29049 -0.157668319 -9.38868534 177712.259 2182.62763
160.02 110603.03 178619.462 1216.17316 1802.81067 -0.159303828 -9.38333588 179558.366 2174.67319
161.02 111819.123 180417.581 1216.01303 1793.43002 -0.160920783 -9.3780701 181376.979 2166.81308
162.02 113035.055 182206.323 1215.85129 1784.05463 -0.162535411 -9.37283479 183186.429 2158.96856
163.02 114250.825 183985.692 1215.68793 1774.68445 -0.164147735 -9.36762987 184986.72 2151.1397
164.02 115466.43 185755.694 1215.52296 1765.31946 -0.165757778 -9.36245526 186777.858 2143.32659
165.02 116681.87 187516.333 1215.35638 1755.95963 -0.167365561 -9.35731087 188559.846 2135.52929
166.02 117897.143 189267.615 1215.1882 1746.60493 -0.168971107 -9.35219662 190332.69 2127.7479
167.02 119112.246 191009.545 1215.01841 1737.25533 -0.170574438 -9.34711242 192096.395 2119.9825
168.02 120327.179 192742.127 1214.84702 1727.9108 -0.172175575 -9.34205821 193850.966 2112.23318
169.02 121541.94 194465.368 1214.67402 1718.5713 -0.17377454 -9.33703389 195596.408 2104.50001
170.02 122756.526 196179.272 1214.49944 1709.23682 -0.175371355 -9.33203938 197332.725 2096.7831
171.02 123970.938 197883.843 1214.32325 1699.90731 -0.176966042 -9.32707461 199059.923 2089.08253
172.02 125185.172 199579.088 1214.14547 1690.58276 -0.178558623 -9.32213949 200778.005 2081.3984
173.02 126399.228 201265.01 1213.9661 1681.26312 -0.180149118 -9.31723396 202486.978 2073.73079
174.02 127613.104 202941.616 1213.78514 1671.94838 -0.181737549 -9.31235792 204186.844 2066.0798
175.02 128826.798 204608.909 1213.6026 1662.6385 -0.183323938 -9.3075113 205877.61 2058.44554
176.02 130040.309 206266.894 1213.41846 1653.33344 -0.184908305 -9.30269403 207559.28 2050.82809
177.02 131253.634 207915.577 1213.23275 1644.03319 -0.186490672 -9.29790603 209231.858 2043.22756
178.02 132466.774 209554.962 1213.04545 1634.73772 -0.18807106 -9.29314722 210895.35 2035.64404
179.02 133679.725 211185.054 1212.85658 1625.44698 -0.189649489 -9.28841753 212549.759 2028.07765
180.02 134892.486 212805.858 1212.66612 1616.16097 -0.191225981 -9.28371688 214195.089 2020.52849
181.02 136105.057 214417.378 1212.47409 1606.87963 -0.192800556 -9.2790452 215831.347 2012.99667
182.02 137317.434 216019.619 1212.28049 1597.60296 -0.194373235 -9.27440242 217458.536 2005.48229
183.02 138529.617 217612.585 1212.08532 1588.33091 -0.195944038 -9.26978846 219076.66 1997.98546
184.02 139741.604 219196.282 1211.88857 1579.06347 -0.197512987 -9.26520325 220685.724 1990.5063
185.02 140953.394 220770.714 1211.69026 1569.80059 -0.199080101 -9.26064671 222285.733 1983.04492
186.02 142164.984 222335.885 1211.49038 1560.54225 -0.200645402 -9.25611879 223876.69 1975.60144
187.02 143376.374 223891.8 1211.28894 1551.28843 -0.202208908 -9.2516194 225458.601 1968.17598
188.02 144587.561 225438.463 1211.08593 1542.03909 -0.203770641 -9.24714848 227031.469 1960.76865
189.02 145798.545 226975.879 1210.88136 1532.79421 -0.205330621 -9.24270595 228595.298 1953.37958
190.02 147009.324 228504.053 1210.67524 1523.55376 -0.206888867 -9.23829175 230150.094 1946.00889
191.02 148219.895 230022.988 1210.46756 1514.31771 -0.2084454 -9.23390581 231695.86 1938.65671
192.02 149430.258 231532.69 1210.25832 1505.08603 -0.21000024 -9.22954806 233232.6 1931.32316
193.02 150640.411 233033.162 1210.04753 1495.85869 -0.211553406 -9.22521843 234760.318 1924.00838
194.02 151850.353 234524.409 1209.83518 1486.63567 -0.213104918 -9.22091686 236279.019 1916.71249
195.02 153060.081 236006.435 1209.62129 1477.41693 -0.214654796 -9.21664328 237788.708 1909.43564
196.02 154269.595 237479.244 1209.40584 1468.20246 -0.21620306 -9.21239762 239289.387 1902.17795
197.02 155478.892 238942.841 1209.18885 1458.99221 -0.217749729 -9.20817981 240781.06 1894.93956
198.02 156687.972 240397.23 1208.97031 1449.78617 -0.219294823 -9.2039898 242263.733 1887.72063
199.02 157896.832 241842.415 1208.75023 1440.58431 -0.22083836 -9.19982751 243737.409 1880.52127
200.02 159105.472 243278.4 1208.5286 1431.38659 -0.222380361 -9.19569289 245202.092 1873.34166
201.02 160313.889 244705.189 1208.30544 1422.193 -0.223920845 -9.19158587 246657.786 1866.18192
202.02 161522.082 246122.787 1208.08073 1413.00349 -0.225459831 -9.18750639 248104.495 1859.04221
203.02 162730.05 247531.198 1207.85449 1403.81805 -0.226997338 -9.18345438 249542.222 1851.92268
204.02 163937.791 248930.425 1207.62671 1394.63666 -0.228533384 -9.17942978 250970.973 1844.82348
205.02 165145.303 250320.472 1207.39739 1385.45927 -0.230067991 -9.17543253 252390.749 1837.74477
206.02 166352.585 251701.344 1207.16654 1376.28586 -0.231601175 -9.17146257 253801.556 1830.68671
207.02 167559.635 253073.045 1206.93416 1367.11641 -0.233132956 -9.16751984 255203.397 1823.64946
208.02 168766.453 254435.579 1206.70024 1357.95089 -0.234663354 -9.16360428 256596.276 1816.63318
209.02 169973.035 255788.948 1206.4648 1348.78927 -0.236192385 -9.15971583 257980.197 1809.63803
210.02 171179.382 257133.158 1206.22783 1339.63153 -0.237720071 -9.15585442 259355.163 1802.6642
211.02 172385.491 258468.213 1205.98933 1330.47763 -0.239246428 -9.15202001 260721.178 1795.71183
212.02 173591.36 259794.115 1205.74931 1321.32755 -0.240771476 -9.14821253 262078.246 1788.78112
213.02 174796.989 261110.869 1205.50776 1312.18127 -0.242295234 -9.14443193 263426.37 1781.87223
214.02 176002.375 262418.479 1205.26469 1303.03876 -0.243817719 -9.14067814 264765.554 1774.98534
215.02 177207.518 263716.948 1205.02009 1293.89998 -0.24533895 -9.13695111 266095.802 1768.12064
216.02 178412.415 265006.28 1204.77398 1284.76492 -0.246858945 -9.13325079 267417.116 1761.2783
217.02 179617.065 266286.479 1204.52634 1275.63355 -0.248377723 -9.12957712 268729.502 1754.45851
218.02 180821.467 267557.548 1204.27719 1266.50583 -0.249895303 -9.12593004 270032.961 1747.66146
219.02 182025.619 268819.492 1204.02652 1257.38175 -0.251411701 -9.1223095 271327.498 1740.88734
220.02 183229.519 270072.313 1203.77434 1248.26128 -0.252926937 -9.11871544 272613.116 1734.13635
221.02 184433.167 271316.015 1203.52064 1239.14438 -0.254441028 -9.11514781 273889.819 1727.40867
222.02 185636.56 272550.603 1203.26543 1230.03104 -0.255953993 -9.11160656 275157.61 1720.70452
223.02 186839.697 273776.079 1203.0087 1220.92123 -0.257465849 -9.10809163 276416.491 1714.02409
224.02 188042.577 274992.447 1202.75047 1211.81492 -0.258976615 -9.10460297 277666.468 1707.36759
225.02 189245.198 276199.71 1202.49072 1202.71208 -0.260486307 -9.10114053 278907.542 1700.73522
226.02 190447.558 277397.872 1202.22946 1193.6127 -0.261994945 -9.09770425 280139.718 1694.1272
227.02 191649.656 278586.936 1201.9667 1184.51674 -0.263502546 -9.09429409 281362.999 1687.54373
228.02 192851.491 279766.906 1201.70243 1175.42417 -0.265009128 -9.09090999 282577.387 1680.98504
229.02 194053.061 280937.786 1201.43665 1166.33497 -0.266514707 -9.08755191 283782.886 1674.45134
230.02 195254.364 282099.578 1201.16937 1157.24912 -0.268019303 -9.08421979 284979.499 1667.94286
231.02 196455.399 283252.285 1200.90058 1148.16659 -0.269522932 -9.08091358 286167.23 1661.45982
232.02 197656.164 284395.912 1200.63029 1139.08735 -0.271025612 -9.07763324 287346.081 1655.00245
233.02 198856.659 285530.461 1200.3585 1130.01138 -0.272527361 -9.07437871 288516.056 1648.57098
234.02 200056.881 286655.936 1200.08521 1120.93865 -0.274028195 -9.07114995 289677.158 1642.16564
235.02 201256.829 287772.339 1199.81042 1111.86914 -0.275528133 -9.0679469 290829.389 1635.78667
236.02 202456.501 288879.675 1199.53412 1102.80281 -0.277027192 -9.06476953 291972.754 1629.43431
237.02 203655.897 289977.946 1199.25633 1093.73965 -0.278525388 -9.06161779 293107.254 1623.1088
238.02 204855.013 291067.155 1198.97704 1084.67963 -0.28002274 -9.05849162 294232.894 1616.8104
239.02 206053.85 292147.306 1198.69626 1075.62273 -0.281519264 -9.05539099 295349.675 1610.53934
240.02 207252.405 293218.402 1198.41397 1066.5689 -0.283014979 -9.05231584 296457.601 1604.29588
241.02 208450.678 294280.445 1198.1302 1057.51815 -0.284509899 -9.04926613 297556.675 1598.08029
242.02 209648.665 295333.439 1197.84493 1048.47042 -0.286004044 -9.04624181 298646.899 1591.8928
243.02 210846.367 296377.387 1197.55816 1039.42571 -0.28749743 -9.04324285 299728.277 1585.7337
244.02 212043.781 297412.292 1197.2699 1030.38399 -0.288990074 -9.0402692 300800.811 1579.60324
245.02 213240.906 298438.156 1196.98015 1021.34523 -0.290481992 -9.03732081 301864.505 1573.50168
246.02 214437.741 299454.983 1196.68891 1012.3094 -0.291973203 -9.03439763 302919.361 1567.42932
247.02 215634.284 300462.776 1196.39617 1003.27648 -0.293463722 -9.03149964 303965.381 1561.3864
248.02 216830.533 301461.537 1196.10195 994.246449 -0.294953567 -9.02862678 305002.569 1555.37323
249.02 218026.487 302451.27 1195.80624 985.219277 -0.296442754 -9.02577901 306030.927 1549.39007
250.02 219222.145 303431.976 1195.50904 976.194939 -0.297931301 -9.0229563 307050.458 1543.43721
251.02 220417.505 304403.66 1195.21035 967.173412 -0.299419223 -9.02015859 308061.165 1537.51494
252.02 221612.565 305366.324 1194.91017 958.15467 -0.300906539 -9.01738585 309063.05 1531.62354
253.02 222807.324 306319.971 1194.6085 949.138687 -0.302393263 -9.01463804 310056.116 1525.76332
254.02 224001.782 307264.602 1194.30535 940.12544 -0.303879414 -9.01191512 311040.366 1519.93458
255.02 225195.935 308200.222 1194.00071 931.114903 -0.305365007 -9.00921705 312015.802 1514.1376
256.02 226389.782 309126.833 1193.69459 922.107051 -0.306850059 -9.00654378 312982.426 1508.3727
257.02 227583.323 310044.437 1193.38698 913.10186 -0.308334587 -9.00389529 313940.242 1502.64018
258.02 228776.556 310953.038 1193.07789 904.099305 -0.309818608 -9.00127153 314889.251 1496.94035
259.02 229969.479 311852.637 1192.76732 895.099361 -0.311302137 -8.99867246 315829.457 1491.27353
260.02 231162.09 312743.237 1192.45526 886.102004 -0.312785191 -8.99609805 316760.861 1485.64003
261.02 232354.389 313624.842 1192.14172 877.107208 -0.314267786 -8.99354825 317683.466 1480.04018
262.02 233546.373 314497.453 1191.82669 868.11495 -0.31574994 -8.99102304 318597.275 1474.47429
263.02 234738.042 315361.072 1191.51019 859.125204 -0.317231668 -8.98852237 319502.29 1468.9427
264.02 235929.393 316215.704 1191.1922 850.137947 -0.318712986 -8.98604621 320398.513 1463.44572
265.02 237120.425 317061.349 1190.87273 841.153153 -0.320193911 -8.98359453 321285.946 1457.98371
266.02 238311.138 317898.011 1190.55178 832.170798 -0.32167446 -8.98116728 322164.593 1452.55698
267.02 239501.529 318725.692 1190.22935 823.190858 -0.323154647 -8.97876443 323034.454 1447.16589
268.02 240691.596 319544.393 1189.90545 814.213309 -0.324634491 -8.97638596 323895.533 1441.81076
269.02 241881.339 320354.119 1189.58006 805.238126 -0.326114006 -8.97403181 324747.832 1436.49196
270.02 243070.756 321154.87 1189.25319 796.265284 -0.327593209 -8.97170197 325591.353 1431.20982
271.02 244259.845 321946.65 1188.92484 787.29476 -0.329072116 -8.96939639 326426.098 1425.9647
272.02 245448.605 322729.461 1188.59501 778.326529 -0.330550743 -8.96711505 327252.07 1420.75694
273.02 246637.034 323503.304 1188.26371 769.360567 -0.332029106 -8.9648579 328069.269 1415.58692
274.02 247825.132 324268.183 1187.93093 760.39685 -0.333507221 -8.96262492 328877.7 1410.45498
275.02 249012.896 325024.099 1187.59667 751.435354 -0.334985105 -8.96041608 329677.363 1405.36149
276.02 250200.325 325771.054 1187.26093 742.476054 -0.336462773 -8.95823135 330468.261 1400.30682
277.02 251387.417 326509.051 1186.92371 733.518927 -0.337940241 -8.95607068 331250.395 1395.29134
278.02 252574.172 327238.093 1186.58502 724.563948 -0.339417525 -8.95393406 332023.769 1390.3154
279.02 253760.587 327958.18 1186.24485 715.611093 -0.340894642 -8.95182145 332788.383 1385.3794
280.02 254946.661 328669.316 1185.9032 706.660339 -0.342371606 -8.94973282 333544.24 1380.48369
281.02 256132.393 329371.501 1185.56007 697.711661 -0.343848434 -8.94766814 334291.342 1375.62867
282.02 257317.78 330064.74 1185.21547 688.765035 -0.345325142 -8.94562738 335029.691 1370.81472
283.02 258502.823 330749.032 1184.86939 679.820439 -0.346801746 -8.94361052 335759.289 1366.04221
284.02 259687.519 331424.381 1184.52184 670.877847 -0.348278261 -8.94161752 336480.137 1361.31153
285.02 260871.866 332090.788 1184.17281 661.937235 -0.349754703 -8.93964835 337192.237 1356.62307
286.02 262055.864 332748.256 1183.8223 652.998581 -0.351231089 -8.937703 337895.592 1351.97721
287.02 263239.51 333396.786 1183.47032 644.06186 -0.352707433 -8.93578142 338590.203 1347.37436
288.02 264422.804 334036.381 1183.11686 635.127049 -0.354183751 -8.93388359 339276.072 1342.8149
289.02 265605.744 334667.041 1182.76192 626.194123 -0.35566006 -8.93200949 339953.2 1338.29923
290.02 266788.327 335288.769 1182.40551 617.263059 -0.357136375 -8.93015909 340621.59 1333.82775
291.02 267970.554 335901.568 1182.04762 608.333833 -0.358612712 -8.92833236 341281.244 1329.40085
292.02 269152.422 336505.438 1181.68825 599.406423 -0.360089086 -8.92652928 341932.161 1325.01894
293.02 270333.93 337100.381 1181.32741 590.480803 -0.361565513 -8.92474982 342574.346 1320.68241
294.02 271515.076 337686.4 1180.96509 581.55695 -0.363042008 -8.92299396 343207.799 1316.39167
295.02 272695.86 338263.496 1180.6013 572.634842 -0.364518588 -8.92126166 343832.521 1312.14713
296.02 273876.279 338831.67 1180.23602 563.714454 -0.365995268 -8.91955292 344448.515 1307.94918
297.02 275056.331 339390.925 1179.86927 554.795762 -0.367472063 -8.91786769 345055.782 1303.79824
298.02 276236.017 339941.262 1179.50105 545.878744 -0.36894899 -8.91620597 345654.324 1299.69471
299.02 277415.333 340482.683 1179.13135 536.963375 -0.370426063 -8.91456772 346244.142 1295.63899
300.02 278594.279 341015.19 1178.76017 528.049633 -0.371903298 -8.91295292 346825.238 1291.63151
301.02 279772.853 341538.783 1178.38751 519.137494 -0.373380712 -8.91136155 347397.612 1287.67265
302.02 280951.053 342053.465 1178.01338 510.226934 -0.374858318 -8.90979358 347961.268 1283.76284
303.02 282128.879 342559.237 1177.63776 501.31793 -0.376336134 -8.90824901 348516.205 1279.90249
304.02 283306.328 343056.101 1177.26068 492.410459 -0.377814174 -8.90672779 349062.426 1276.09199
305.02 284483.4 343544.059 1176.88211 483.504497 -0.379292454 -8.90522992 349599.932 1272.33175
306.02 285660.092 344023.111 1176.50206 474.600021 -0.380770989 -8.90375537 350128.725 1268.6222
307.02 286836.403 344493.259 1176.12054 465.697008 -0.382249795 -8.90230411 350648.805 1264.96372
308.02 288012.333 344954.505 1175.73753 456.795434 -0.383728888 -8.90087614 351160.174 1261.35673
309.02 289187.878 345406.851 1175.35305 447.895276 -0.385208282 -8.89947143 351662.834 1257.80164
310.02 290363.038 345850.296 1174.96708 438.996511 -0.386687994 -8.89808996 352156.785 1254.29884
311.02 291537.812 346284.844 1174.57964 430.099116 -0.388168039 -8.8967317 352642.029 1250.84875
312.02 292712.197 346710.495 1174.19072 421.203067 -0.389648431 -8.89539665 353118.567 1247.45175
313.02 293886.193 347127.251 1173.80032 412.308341 -0.391129188 -8.89408478 353586.401 1244.10825
314.02 295059.797 347535.112 1173.40843 403.414915 -0.392610323 -8.89279608 354045.531 1240.81866
315.02 296233.009 347934.081 1173.01507 394.522767 -0.394091853 -8.89153052 354495.959 1237.58335
316.02 297405.827 348324.158 1172.62022 385.631872 -0.395573794 -8.89028809 354937.686 1234.40274
317.02 298578.249 348705.345 1172.22389 376.742207 -0.397056159 -8.88906877 355370.714 1231.2772
318.02 299750.274 349077.643 1171.82608 367.853751 -0.398538965 -8.88787255 355795.042 1228.20712
319.02 300921.901 349441.053 1171.42678 358.966478 -0.400022228 -8.8866994 356210.673 1225.1929
320.02 302093.127 349795.576 1171.026 350.080367 -0.401505962 -8.88554932 356617.607 1222.2349
321.02 303263.952 350141.214 1170.62374 341.195395 -0.402990183 -8.88442228 357015.845 1219.33352
322.02 304434.374 350477.967 1170.21999 332.311537 -0.404474906 -8.88331827 357405.389 1216.48912
323.02 305604.392 350805.838 1169.81476 323.428772 -0.405960147 -8.88223728 357786.239 1213.70208
324.02 306774.003 351124.825 1169.40804 314.547077 -0.407445922 -8.88117929 358158.397 1210.97276
325.02 307943.207 351434.932 1168.99984 305.666427 -0.408932245 -8.88014428 358521.863 1208.30153
326.02 309112.002 351736.159 1168.59015 296.786801 -0.410419132 -8.87913224 358876.638 1205.68874
327.02 310280.387 352028.506 1168.17897 287.908175 -0.411906598 -8.87814315 359222.723 1203.13475
328.02 311448.36 352311.975 1167.7663 279.030526 -0.413394659 -8.87717701 359560.12 1200.6399
329.02 312615.919 352586.567 1167.35215 270.153832 -0.41488333 -8.8762338 359888.829 1198.20455
330.02 313783.064 352852.283 1166.93651 261.27807 -0.416372627 -8.87531351 360208.85 1195.82902
331.02 314949.792 353109.124 1166.51937 252.403216 -0.417862565 -8.87441612 360520.185 1193.51365
332.02 316116.102 353357.09 1166.10075 243.529248 -0.419353159 -8.87354162 360822.834 1191.25877
333.02 317281.993 353596.183 1165.68064 234.656142 -0.420844425 -8.87269 361116.799 1189.0647
334.02 318447.463 353826.403 1165.25903 225.783877 -0.422336378 -8.87186124 361402.079 1186.93175
335.02 319612.51 354047.751 1164.83593 216.912429 -0.423829033 -8.87105534 361678.677 1184.86023
336.02 320777.134 354260.228 1164.41134 208.041774 -0.425322406 -8.87027229 361946.591 1182.85044
337.02 321941.332 354463.834 1163.98526 199.171892 -0.426816513 -8.86951207 362205.824 1180.90268
338.02 323105.104 354658.572 1163.55768 190.302758 -0.428311368 -8.86877468 362456.375 1179.01723
339.02 324268.447 354844.44 1163.12861 181.434349 -0.429806988 -8.8680601 362698.246 1177.19437
340.02 325431.361 355021.441 1162.69804 172.566644 -0.431303387 -8.86736832 362931.437 1175.43438
341.02 326593.843 355189.574 1162.26597 163.699619 -0.432800581 -8.86669934 363155.948 1173.73751
342.02 327755.892 355348.84 1161.83241 154.833251 -0.434298585 -8.86605314 363371.781 1172.10404
343.02 328917.507 355499.24 1161.39734 145.967518 -0.435797415 -8.86542972 363578.935 1170.5342
344.02 330078.686 355640.775 1160.96078 137.102396 -0.437297087 -8.86482907 363777.412 1169.02823
345.02 331239.428 355773.445 1160.52272 128.237864 -0.438797615 -8.86425118 363967.211 1167.58637
346.02 332399.731 355897.251 1160.08315 119.373897 -0.440299015 -8.86369604 364148.334 1166.20884
347.02 333559.594 356012.193 1159.64209 110.510475 -0.441801303 -8.86316364 364320.78 1164.89585
348.02 334719.015 356118.272 1159.19952 101.647573 -0.443304494 -8.86265399 364484.55 1163.64761
349.02 335877.993 356215.489 1158.75545 92.7851692 -0.444808604 -8.86216706 364639.645 1162.46431
350.02 337036.525 356303.843 1158.30987 83.9232408 -0.446313648 -8.86170285 364786.065 1161.34615
351.02 338194.612 356383.335 1157.86279 75.061765 -0.447819641 -8.86126137 364923.811 1160.29329
352.02 339352.25 356453.967 1157.4142 66.2007191 -0.4493266 -8.86084259 365052.882 1159.3059
353.02 340509.44 356515.737 1156.96411 57.3400803 -0.450834539 -8.86044652 365173.279 1158.38415
354.02 341666.178 356568.647 1156.51251 48.4798261 -0.452343474 -8.86007316 365285.002 1157.52817
355.02 342822.464 356612.697 1156.05939 39.6199337 -0.453853421 -8.85972248 365388.053 1156.73811
356.02 343978.296 356647.887 1155.60477 30.7603804 -0.455364396 -8.8593945 365482.429 1156.01409
357.02 345133.673 356674.218 1155.14863 21.9011435 -0.456876413 -8.85908921 365568.134 1155.35623
358.02 346288.593 356691.689 1154.69098 13.0422003 -0.458389488 -8.8588066 365645.165 1154.76464
359.02 347443.055 356700.302 1154.23182 4.18352813 -0.459903637 -8.85854667 365713.524 1154.2394
360.02 348597.056 356700.056 1153.77115 -4.67489565 -0.461418876 -8.85830941 365773.211 1153.78062
361.02 349750.597 356690.952 1153.30895 -13.5330937 -0.46293522 -8.85809483 365824.225 1153.38835
362.02 350903.674 356672.99 1152.84525 -22.3910888 -0.464452685 -8.85790292 365866.568 1153.06267
363.02 352056.286 356646.17 1152.38002 -31.2489035 -0.465971287 -8.85773368 365900.239 1152.80363
364.02 353208.433 356610.492 1151.91327 -40.1065606 -0.46749104 -8.8575871 365925.238 1152.61126
365.02 354360.113 356565.957 1151.44501 -48.9640826 -0.469011961 -8.85746318 365941.565 1152.48561
366.02 355511.323 356512.564 1150.97522 -57.8214922 -0.470534066 -8.85736193 365949.22 1152.42669
367.02 356662.062 356450.314 1150.50391 -66.6788122 -0.47205737 -8.85728334 365948.204 1152.43451
368.02 357812.33 356379.207 1150.03107 -75.5360651 -0.473581889 -8.85722741 365938.516 1152.50907
369.02 358962.124 356299.242 1149.55671 -84.3932737 -0.475107638 -8.85719414 365920.157 1152.65036
370.02 360111.443 356210.42 1149.08083 -93.2504605 -0.476634634 -8.85718353 365893.125 1152.85836
371.02 361260.285 356112.741 1148.60341 -102.107648 -0.478162892 -8.85719558 365857.422 1153.13302
372.02 362408.649 356006.205 1148.12447 -110.96486 -0.479692429 -8.85723029 365813.047 1153.47431
373.02 363556.534 355890.811 1147.644 -119.822117 -0.481223259 -8.85728766 365760 1153.88218
374.02 364703.937 355766.561 1147.16199 -128.679444 -0.482755398 -8.8573677 365698.281 1154.35654
375.02 365850.857 355633.452 1146.67845 -137.536862 -0.484288863 -8.8574704 365627.889 1154.89734
376.02 366997.293 355491.487 1146.19338 -146.394395 -0.48582367 -8.85759576 365548.825 1155.50447
377.02 368143.243 355340.664 1145.70678 -155.252064 -0.487359834 -8.85774379 365461.088 1156.17785
378.02 369288.706 355180.983 1145.21863 -164.109893 -0.48889737 -8.85791449 365364.679 1156.91736
379.02 370433.68 355012.444 1144.72895 -172.967904 -0.490436297 -8.85810787 365259.596 1157.72288
380.02 371578.164 354835.047 1144.23773 -181.82612 -0.491976628 -8.85832392 365145.84 1158.59428
381.02 372722.155 354648.791 1143.74496 -190.684564 -0.49351838 -8.85856265 365023.41 1159.53143
382.02 373865.653 354453.678 1143.25066 -199.543258 -0.495061569 -8.85882406 364892.306 1160.53418
383.02 375008.656 354249.705 1142.75481 -208.402225 -0.496606212 -8.85910816 364752.527 1161.60236
384.02 376151.162 354036.873 1142.25742 -217.261488 -0.498152323 -8.85941495 364604.074 1162.73581
385.02 377293.17 353815.182 1141.75847 -226.121069 -0.49969992 -8.85974444 364446.946 1163.93434
386.02 378434.679 353584.631 1141.25798 -234.980991 -0.501249018 -8.86009663 364281.142 1165.19777
387.02 379575.686 353345.22 1140.75594 -243.841277 -0.502799634 -8.86047152 364106.662 1166.52591
388.02 380716.19 353096.948 1140.25235 -252.70195 -0.504351783 -8.86086913 363923.506 1167.91854
389.02 381856.19 352839.816 1139.74721 -261.563031 -0.505905482 -8.86128945 363731.673 1169.37544
390.02 382995.684 352573.822 1139.24051 -270.424545 -0.507460747 -8.86173249 363531.163 1170.8964
391.02 384134.67 352298.966 1138.73226 -279.286513 -0.509017594 -8.86219827 363321.975 1172.48118
392.02 385273.148 352015.249 1138.22244 -288.148958 -0.51057604 -8.86268678 363104.108 1174.12953
393.02 386411.115 351722.668 1137.71107 -297.011904 -0.512136101 -8.86319804 362877.563 1175.84121
394.02 387548.569 351421.225 1137.19814 -305.875372 -0.513697792 -8.86373205 362642.337 1177.61596
395.02 388685.51 351110.917 1136.68364 -314.739387 -0.515261131 -8.86428882 362398.432 1179.45351
396.02 389821.936 350791.746 1136.16759 -323.603969 -0.516826134 -8.86486836 362145.846 1181.35359
397.02 390957.845 350463.709 1135.64996 -332.469143 -0.518392817 -8.86547067 361884.579 1183.31592
398.02 392093.236 350126.807 1135.13077 -341.33493 -0.519961197 -8.86609577 361614.629 1185.3402
399.02 393228.106 349781.039 1134.61001 -350.201355 -0.52153129 -8.86674366 361335.997 1187.42615
400.02 394362.455 349426.404 1134.08767 -359.068438 -0.523103113 -8.86741436 361048.681 1189.57345
401.02 395496.281 349062.902 1133.56377 -367.936205 -0.524676681 -8.86810787 360752.681 1191.7818
402.02 396629.582 348690.532 1133.03829 -376.804676 -0.526252013 -8.8688242 360447.996 1194.05089
403.02 397762.357 348309.292 1132.51123 -385.673875 -0.527829123 -8.86956337 360134.626 1196.38039
404.02 398894.604 347919.184 1131.9826 -394.543825 -0.52940803 -8.87032538 359812.568 1198.76997
405.02 400026.322 347520.205 1131.45238 -403.414549 -0.530988749 -8.87111025 359481.824 1201.2193
406.02 401157.508 347112.354 1130.92059 -412.286069 -0.532571298 -8.87191798 359142.391 1203.72803
407.02 402288.162 346695.632 1130.38721 -421.158409 -0.534155692 -8.8727486 358794.269 1206.29584
408.02 403418.282 346270.037 1129.85224 -430.031591 -0.535741949 -8.8736021 358437.457 1208.92236
409.02 404547.866 345835.569 1129.31569 -438.905638 -0.537330086 -8.87447851 358071.954 1211.60724
410.02 405676.913 345392.226 1128.77755 -447.780573 -0.538920119 -8.87537783 357697.759 1214.35012
411.02 406805.421 344940.007 1128.23782 -456.65642 -0.540512066 -8.87630008 357314.871 1217.15063
412.02 407933.388 344478.913 1127.6965 -465.5332 -0.542105943 -8.87724528 356923.29 1220.00842
413.02 409060.813 344008.941 1127.15358 -474.410937 -0.543701766 -8.87821343 356523.013 1222.9231
414.02 410187.695 343530.09 1126.60906 -483.289654 -0.545299554 -8.87920455 356114.041 1225.89431
415.02 411314.031 343042.361 1126.06294 -492.169374 -0.546899323 -8.88021866 355696.372 1228.92166
416.02 412439.82 342545.751 1125.51523 -501.050119 -0.548501091 -8.88125576 355270.005 1232.00477
417.02 413565.061 342040.26 1124.96591 -509.931914 -0.550104873 -8.88231588 354834.939 1235.14325
418.02 414689.751 341525.887 1124.41499 -518.81478 -0.551710688 -8.88339903 354391.173 1238.33672
419.02 415813.89 341002.63 1123.86245 -527.698742 -0.553318552 -8.88450523 353938.706 1241.58479
420.02 416937.476 340470.489 1123.30832 -536.583821 -0.554928484 -8.88563448 353477.535 1244.88705
421.02 418060.506 339929.462 1122.75256 -545.470041 -0.556540499 -8.88678681 353007.662 1248.24312
422.02 419182.98 339379.549 1122.1952 -554.357425 -0.558154616 -8.88796224 352529.083 1251.6526
423.02 420304.896 338820.747 1121.63622 -563.245997 -0.559770851 -8.88916078 352041.799 1255.11508
424.02 421426.252 338253.056 1121.07563 -572.135779 -0.561389223 -8.89038245 351545.806 1258.63017
425.02 422547.047 337676.475 1120.51341 -581.026794 -0.563009748 -8.89162726 351041.106 1262.19746
426.02 423667.279 337091.002 1119.94957 -589.919066 -0.564632444 -8.89289524 350527.695 1265.81656
427.02 424786.946 336496.637 1119.38411 -598.812618 -0.566257329 -8.8941864 350005.573 1269.48704
428.02 425906.046 335893.377 1118.81703 -607.707473 -0.56788442 -8.89550076 349474.739 1273.20851
429.02 427024.579 335281.221 1118.24831 -616.603654 -0.569513734 -8.89683834 348935.19 1276.98056
430.02 428142.542 334660.169 1117.67797 -625.501184 -0.57114529 -8.89819916 348386.926 1280.80278
431.02 429259.934 334030.218 1117.10599 -634.400087 -0.572779105 -8.89958324 347829.946 1284.67477
432.02 430376.754 333391.368 1116.53237 -643.300386 -0.574415197 -8.9009906 347264.247 1288.59611
433.02 431492.999 332743.617 1115.95712 -652.202105 -0.576053583 -8.90242126 346689.828 1292.56639
434.02 432608.667 332086.964 1115.38023 -661.105266 -0.577694282 -8.90387523 346106.689 1296.58522
435.02 433723.759 331421.406 1114.8017 -670.009892 -0.579337311 -8.90535256 345514.826 1300.65218
436.02 434838.27 330746.943 1114.22152 -678.916008 -0.580982689 -8.90685324 344914.24 1304.76686
437.02 435952.201 330063.574 1113.6397 -687.823637 -0.582630432 -8.90837731 344304.927 1308.92885
438.02 437065.549 329371.295 1113.05623 -696.732801 -0.58428056 -8.90992478 343686.888 1313.13776
439.02 438178.313 328670.107 1112.47111 -705.643525 -0.585933091 -8.91149569 343060.119 1317.39316
440.02 439290.491 327960.008 1111.88433 -714.555832 -0.587588042 -8.91309004 342424.62 1321.69467
441.02 440402.081 327240.995 1111.2959 -723.469745 -0.589245431 -8.91470787 341780.389 1326.04187
442.02 441513.082 326513.068 1110.7058 -732.385288 -0.590905278 -8.9163492 341127.424 1330.43436
443.02 442623.492 325776.224 1110.11405 -741.302485 -0.5925676 -8.91801406 340465.723 1334.87175
444.02 443733.31 325030.462 1109.52064 -750.221358 -0.594232415 -8.91970245 339795.286 1339.35362
445.02 444842.533 324275.781 1108.92555 -759.141931 -0.595899743 -8.92141442 339116.109 1343.87959
446.02 445951.16 323512.178 1108.3288 -768.064229 -0.597569601 -8.92314999 338428.191 1348.44925
447.02 447059.19 322739.652 1107.73038 -776.988274 -0.599242008 -8.92490918 337731.531 1353.06222
448.02 448166.62 321958.201 1107.13028 -785.914091 -0.600916983 -8.92669201 337026.127 1357.71809
449.02 449273.45 321167.823 1106.52851 -794.841702 -0.602594543 -8.92849852 336311.976 1362.41648
450.02 450379.677 320368.517 1105.92506 -803.771132 -0.604274709 -8.93032872 335589.078 1367.157
451.02 451485.299 319560.28 1105.31993 -812.702404 -0.605957499 -8.93218265 334857.429 1371.93926
452.02 452590.316 318743.111 1104.71311 -821.635543 -0.60764293 -8.93406033 334117.029 1376.76288
453.02 453694.725 317917.008 1104.10461 -830.570571 -0.609331024 -8.9359618 333367.875 1381.62747
454.02 454798.525 317081.97 1103.49441 -839.507512 -0.611021797 -8.93788707 332609.966 1386.53265
455.02 455901.713 316237.993 1102.88253 -848.446391 -0.612715269 -8.93983617 331843.299 1391.47805
456.02 457004.289 315385.076 1102.26895 -857.387232 -0.61441146 -8.94180915 331067.872 1396.46328
457.02 458106.251 314523.218 1101.65367 -866.330057 -0.616110388 -8.94380601 330283.684 1401.48799
458.02 459207.596 313652.415 1101.03669 -875.274892 -0.617812073 -8.94582679 329490.732 1406.55179
459.02 460308.324 312772.667 1100.41801 -884.22176 -0.619516533 -8.94787153 328689.014 1411.65432
460.02 461408.431 311883.971 1099.79762 -893.170684 -0.621223788 -8.94994025 327878.529 1416.79522
461.02 462507.918 310986.325 1099.17553 -902.12169 -0.622933857 -8.95203298 327059.273 1421.97412
462.02 463606.782 310079.727 1098.55172 -911.0748 -0.62464676 -8.95414975 326231.246 1427.19066
463.02 464705.021 309164.175 1097.9262 -920.03004 -0.626362517 -8.9562906 325394.444 1432.44449
464.02 465802.634 308239.666 1097.29896 -928.987433 -0.628081146 -8.95845555 324548.866 1437.73525
465.02 466899.618 307306.199 1096.67 -937.947003 -0.629802667 -8.96064463 323694.51 1443.0626
466.02 467995.973 306363.772 1096.03932 -946.908774 -0.631527101 -8.96285789 322831.372 1448.42619
467.02 469091.696 305412.381 1095.40691 -955.872771 -0.633254466 -8.96509535 321959.452 1453.82566
468.02 470186.786 304452.025 1094.77278 -964.839018 -0.634984783 -8.96735704 321078.746 1459.26069
469.02 471281.241 303482.702 1094.13691 -973.807539 -0.636718071 -8.96964299 320189.253 1464.73093
470.02 472375.06 302504.409 1093.4993 -982.778358 -0.63845435 -8.97195325 319290.97 1470.23605
471.02 473468.239 301517.145 1092.85996 -991.7515 -0.640193641 -8.97428784 318383.894 1475.77571
472.02 474560.779 300520.906 1092.21888 -1000.72699 -0.641935963 -8.9766468 317468.024 1481.34958
473.02 475652.677 299515.69 1091.57606 -1009.70485 -0.643681337 -8.97903016 316543.357 1486.95735
474.02 476743.931 298501.495 1090.93148 -1018.6851 -0.645429783 -8.98143797 315609.89 1492.59869
475.02 477834.539 297478.319 1090.28516 -1027.66778 -0.647181321 -8.98387024 314667.621 1498.27327
476.02 478924.5 296446.159 1089.63708 -1036.6529 -0.648935971 -8.98632703 313716.548 1503.98079
477.02 480013.813 295405.012 1088.98725 -1045.64049 -0.650693754 -8.98880836 312756.668 1509.72093
478.02 481102.474 294354.877 1088.33566 -1054.63058 -0.652454691 -8.99131427 311787.979 1515.49337
479.02 482190.483 293295.75 1087.68231 -1063.62318 -0.654218801 -8.99384481 310810.478 1521.29782
480.02 483277.838 292227.63 1087.02719 -1072.61833 -0.655986106 -8.9964 309824.162 1527.13397
481.02 484364.537 291150.513 1086.3703 -1081.61604 -0.657756627 -8.99897989 308829.029 1533.00153
482.02 485450.578 290064.397 1085.71164 -1090.61635 -0.659530384 -9.00158451 307825.077 1538.90018
483.02 486535.96 288969.279 1085.0512 -1099.61927 -0.661307398 -9.0042139 306812.302 1544.82965
484.02 487620.68 287865.157 1084.38898 -1108.62483 -0.66308769 -9.0068681 305790.702 1550.78964
485.02 488704.737 286752.029 1083.72499 -1117.63307 -0.664871281 -9.00954715 304760.275 1556.77986
486.02 489788.129 285629.89 1083.05921 -1126.64399 -0.666658193 -9.0122511 303721.017 1562.80003
487.02 490870.855 284498.74 1082.39163 -1135.65763 -0.668448446 -9.01497997 302672.926 1568.84987
488.02 491952.912 283358.574 1081.72227 -1144.67401 -0.670242061 -9.01773381 301616 1574.9291
489.02 493034.299 282209.391 1081.05111 -1153.69316 -0.672039061 -9.02051266 300550.234 1581.03745
490.02 494115.014 281051.187 1080.37816 -1162.7151 -0.673839467 -9.02331657 299475.627 1587.17465
491.02 495195.055 279883.96 1079.7034 -1171.73986 -0.675643299 -9.02614557 298392.176 1593.34043
492.02 496274.42 278707.706 1079.02683 -1180.76746 -0.67745058 -9.02899971 297299.878 1599.53453
493.02 497353.108 277522.424 1078.34846 -1189.79793 -0.679261332 -9.03187903 296198.73 1605.75668
494.02 498431.116 276328.109 1077.66827 -1198.83128 -0.681075576 -9.03478357 295088.729 1612.00662
495.02 499508.444 275124.76 1076.98627 -1207.86756 -0.682893333 -9.03771337 293969.872 1618.28411
496.02 500585.088 273912.373 1076.30245 -1216.90678 -0.684714627 -9.04066848 292842.156 1624.58889
497.02 501661.048 272690.946 1075.6168 -1225.94896 -0.686539479 -9.04364895 291705.578 1630.92071
498.02 502736.321 271460.474 1074.92933 -1234.99414 -0.688367912 -9.04665482 290560.136 1637.27933
499.02 503810.906 270220.956 1074.24003 -1244.04234 -0.690199946 -9.04968613 289405.826 1643.6645
500.02 504884.801 268972.389 1073.54889 -1253.09359 -0.692035605 -9.05274293 288242.645 1650.07599
501.02 505958.003 267714.768 1072.85592 -1262.1479 -0.693874912 -9.05582526 287070.59 1656.51355
502.02 507030.512 266448.092 1072.16111 -1271.20531 -0.695717888 -9.05893317 285889.658 1662.97696
503.02 508102.325 265172.357 1071.46445 -1280.26584 -0.697564556 -9.06206672 284699.845 1669.46598
504.02 509173.44 263887.559 1070.76594 -1289.32951 -0.69941494 -9.06522593 283501.15 1675.9804
505.02 510243.856 262593.696 1070.06558 -1298.39636 -0.70126906 -9.06841087 282293.567 1682.51997
506.02 511313.571 261290.765 1069.36336 -1307.46641 -0.703126942 -9.07162158 281077.096 1689.08449
507.02 512382.582 259978.763 1068.65929 -1316.53968 -0.704988607 -9.07485811 279851.731 1695.67373
508.02 513450.889 258657.685 1067.95335 -1325.6162 -0.706854078 -9.0781205 278617.47 1702.28748
509.02 514518.488 257327.529 1067.24554 -1334.69599 -0.708723379 -9.08140882 277374.309 1708.92552
510.02 515585.379 255988.292 1066.53586 -1343.77909 -0.710596533 -9.0847231 276122.246 1715.58765
511.02 516651.559 254639.97 1065.82431 -1352.86551 -0.712473563 -9.08806339 274861.276 1722.27366
512.02 517717.027 253282.56 1065.11087 -1361.95529 -0.714354493 -9.09142976 273591.397 1728.98334
513.02 518781.78 251916.058 1064.39556 -1371.04845 -0.716239346 -9.09482224 272312.605 1735.7165
514.02 519845.818 250540.462 1063.67836 -1380.14501 -0.718128146 -9.09824089 271024.897 1742.47293
515.02 520909.137 249155.767 1062.95926 -1389.24501 -0.720020917 -9.10168577 269728.269 1749.25244
516.02 521971.735 247761.97 1062.23828 -1398.34846 -0.721917682 -9.10515692 268422.718 1756.05483
517.02 523033.612 246359.069 1061.51539 -1407.4554 -0.723818466 -9.10865439 267108.24 1762.87992
518.02 524094.766 244947.058 1060.7906 -1416.56585 -0.725723292 -9.11217825 265784.832 1769.72752
519.02 525155.193 243525.936 1060.0639 -1425.67984 -0.727632185 -9.11572854 264452.491 1776.59744
520.02 526214.893 242095.698 1059.3353 -1434.79739 -0.729545168 -9.11930532 263111.212 1783.4895
521.02 527273.863 240656.34 1058.60477 -1443.91853 -0.731462267 -9.12290864 261760.992 1790.40352
522.02 528332.102 239207.859 1057.87233 -1453.04329 -0.733383506 -9.12653856 260401.827 1797.33933
523.02 529389.607 237750.252 1057.13797 -1462.17169 -0.735308909 -9.13019514 259033.715 1804.29674
524.02 530446.377 236283.515 1056.40167 -1471.30376 -0.737238501 -9.13387842 257656.65 1811.27558
525.02 531502.41 234807.643 1055.66345 -1480.43953 -0.739172306 -9.13758847 256270.63 1818.2757
526.02 532557.703 233322.634 1054.92329 -1489.57902 -0.741110351 -9.14132535 254875.651 1825.29691
527.02 533612.256 231828.484 1054.18119 -1498.72226 -0.743052659 -9.1450891 253471.709 1832.33905
528.02 534666.065 230325.189 1053.43714 -1507.86928 -0.744999256 -9.1488798 252058.8 1839.40196
529.02 535719.129 228812.744 1052.69115 -1517.02011 -0.746950168 -9.15269749 250636.921 1846.48549
530.02 536771.447 227291.147 1051.9432 -1526.17476 -0.748905418 -9.15654223 249206.067 1853.58946
531.02 537823.015 225760.393 1051.1933 -1535.33328 -0.750865034 -9.1604141 247766.235 1860.71374
532.02 538873.833 224220.479 1050.44143 -1544.49568 -0.752829041 -9.16431313 246317.421 1867.85816
533.02 539923.897 222671.401 1049.6876 -1553.66199 -0.754797463 -9.16823941 244859.62 1875.02257
534.02 540973.207 221113.154 1048.9318 -1562.83224 -0.756770328 -9.17219297 243392.83 1882.20683
535.02 542021.76 219545.735 1048.17402 -1572.00646 -0.758747661 -9.1761739 241917.046 1889.41078
536.02 543069.554 217969.14 1047.41426 -1581.18468 -0.760729488 -9.18018224 240432.264 1896.63429
537.02 544116.588 216383.364 1046.65252 -1590.36692 -0.762715836 -9.18421807 238938.48 1903.87721
538.02 545162.859 214788.405 1045.88879 -1599.55321 -0.76470673 -9.18828144 237435.69 1911.1394
539.02 546208.365 213184.257 1045.12306 -1608.74357 -0.766702197 -9.19237242 235923.889 1918.42073
540.02 547253.104 211570.916 1044.35534 -1617.93804 -0.768702264 -9.19649107 234403.075 1925.72106
541.02 548297.075 209948.379 1043.58562 -1627.13665 -0.770706957 -9.20063746 232873.243 1933.04025
542.02 549340.275 208316.641 1042.81388 -1636.33941 -0.772716303 -9.20481164 231334.388 1940.37818
543.02 550382.702 206675.699 1042.04014 -1645.54636 -0.77473033 -9.20901369 229786.506 1947.73471
544.02 551424.354 205025.547 1041.26438 -1654.75753 -0.776749063 -9.21324367 228229.594 1955.10972
545.02 552465.23 203366.182 1040.4866 -1663.97294 -0.778772531 -9.21750165 226663.646 1962.50308
546.02 553505.327 201697.6 1039.7068 -1673.19263 -0.780800761 -9.2217877 225088.659 1969.91467
547.02 554544.643 200019.796 1038.92496 -1682.41661 -0.78283378 -9.22610187 223504.629 1977.34436
548.02 555583.176 198332.765 1038.14109 -1691.64493 -0.784871616 -9.23044425 221911.55 1984.79205
549.02 556620.925 196636.504 1037.35517 -1700.8776 -0.786914296 -9.23481489 220309.42 1992.2576
550.02 557657.886 194931.009 1036.56721 -1710.11466 -0.788961848 -9.23921387 218698.232 1999.74091
551.02 558694.058 193216.274 1035.77721 -1719.35613 -0.791014301 -9.24364126 217077.984 2007.24187
552.02 559729.44 191492.295 1034.98514 -1728.60204 -0.793071682 -9.24809712 215448.67 2014.76034
553.02 560764.028 189759.068 1034.19102 -1737.85242 -0.79513402 -9.25258153 213810.287 2022.29624
554.02 561797.821 188016.589 1033.39483 -1747.1073 -0.797201343 -9.25709456 212162.828 2029.84945
555.02 562830.817 186264.852 1032.59657 -1756.36671 -0.799273679 -9.26163627 210506.291 2037.41986
556.02 563863.013 184503.854 1031.79624 -1765.63067 -0.801351058 -9.26620675 208840.671 2045.00737
557.02 564894.409 182733.589 1030.99383 -1774.89922 -0.803433509 -9.27080606 207165.962 2052.61188
558.02 565925 180954.054 1030.18933 -1784.17239 -0.805521059 -9.27543428 205482.161 2060.23328
559.02 566954.787 179165.243 1029.38274 -1793.45019 -0.807613739 -9.28009148 203789.262 2067.87147
560.02 567983.765 177367.152 1028.57406 -1802.73267 -0.809711577 -9.28477774 202087.262 2075.52636
561.02 569011.934 175559.776 1027.76328 -1812.01985 -0.811814603 -9.28949312 200376.155 2083.19785
562.02 570039.291 173743.11 1026.95039 -1821.31176 -0.813922847 -9.29423771 198655.937 2090.88585
563.02 571065.834 171917.151 1026.13539 -1830.60843 -0.816036337 -9.29901158 196926.602 2098.59026
564.02 572091.561 170081.892 1025.31827 -1839.90989 -0.818155105 -9.30381481 195188.147 2106.31098
565.02 573116.47 168237.329 1024.49903 -1849.21617 -0.82027918 -9.30864748 193440.566 2114.04794
566.02 574140.558 166383.458 1023.67767 -1858.52729 -0.822408592 -9.31350966 191683.854 2121.80104
567.02 575163.825 164520.273 1022.85417 -1867.8433 -0.824543372 -9.31840143 189918.008 2129.5702
568.02 576186.266 162647.77 1022.02854 -1877.1642 -0.82668355 -9.32332287 188143.021 2137.35532
569.02 577207.881 160765.943 1021.20076 -1886.49005 -0.828829156 -9.32827406 186358.889 2145.15633
570.02 578228.667 158874.788 1020.37083 -1895.82086 -0.830980222 -9.33325507 184565.607 2152.97315
571.02 579248.622 156974.3 1019.53875 -1905.15667 -0.833136778 -9.338266 182763.17 2160.80568
572.02 580267.744 155064.473 1018.70451 -1914.4975 -0.835298856 -9.34330692 180951.572 2168.65386
573.02 581286.03 153145.303 1017.86811 -1923.8434 -0.837466486 -9.34837792 179130.81 2176.51761
574.02 582303.479 151216.785 1017.02954 -1933.19437 -0.839639701 -9.35347906 177300.878 2184.39684
575.02 583320.088 149278.913 1016.18879 -1942.55047 -0.841818531 -9.35861045 175461.77 2192.29149
576.02 584335.856 147331.682 1015.34585 -1951.91171 -0.844003009 -9.36377216 173613.482 2200.20147
577.02 585350.779 145375.087 1014.50073 -1961.27812 -0.846193166 -9.36896428 171756.008 2208.12672
578.02 586364.857 143409.124 1013.65342 -1970.64975 -0.848389034 -9.37418688 169889.344 2216.06717
579.02 587378.086 141433.786 1012.80391 -1980.02661 -0.850590647 -9.37944006 168013.484 2224.02274
580.02 588390.464 139449.069 1011.95219 -1989.40874 -0.852798035 -9.38472391 166128.423 2231.99337
581.02 589401.989 137454.967 1011.09827 -1998.79618 -0.855011233 -9.3900385 164234.155 2239.97899
582.02 590412.66 135451.475 1010.24213 -2008.18894 -0.857230272 -9.39538393 162330.675 2247.97953
583.02 591422.473 133438.587 1009.38376 -2017.58706 -0.859455185 -9.40076029 160417.979 2255.99493
584.02 592431.426 131416.299 1008.52317 -2026.99058 -0.861686006 -9.40616766 158496.06 2264.02513
585.02 593439.518 129384.604 1007.66034 -2036.39952 -0.863922768 -9.41160613 156564.913 2272.07006
586.02 594446.746 127343.498 1006.79528 -2045.81391 -0.866165505 -9.41707579 154624.533 2280.12966
587.02 595453.108 125292.975 1005.92796 -2055.23379 -0.868414249 -9.42257674 152674.914 2288.20388
588.02 596458.602 123233.029 1005.0584 -2064.65918 -0.870669036 -9.42810906 150716.051 2296.29265
589.02 597463.224 121163.654 1004.18658 -2074.09013 -0.872929898 -9.43367284 148747.938 2304.39592
590.02 598466.974 119084.846 1003.31249 -2083.52665 -0.875196871 -9.43926818 146770.57 2312.51362
591.02 599469.848 116996.599 1002.43614 -2092.96879 -0.877469988 -9.44489518 144783.942 2320.64572
592.02 600471.845 114898.907 1001.55751 -2102.41656 -0.879749284 -9.45055392 142788.046 2328.79214
593.02 601472.963 112791.764 1000.67659 -2111.87002 -0.882034795 -9.45624449 140782.879 2336.95285
594.02 602473.198 110675.165 999.793388 -2121.32918 -0.884326554 -9.46196701 138768.434 2345.12778
595.02 603472.549 108549.104 998.90789 -2130.79408 -0.886624597 -9.46772155 136744.705 2353.31689
596.02 604471.013 106413.575 998.020091 -2140.26475 -0.88892896 -9.47350822 134711.687 2361.52012
597.02 605468.588 104268.573 997.129984 -2149.74122 -0.891239677 -9.47932711 132669.374 2369.73744
598.02 606465.272 102114.091 996.237563 -2159.22353 -0.893556785 -9.48517833 130617.761 2377.96878
599.02 607461.062 99950.1235 995.342822 -2168.71171 -0.89588032 -9.49106196 128556.841 2386.21411
600.02 608455.957 97776.6652 994.445754 -2178.20578 -0.898210318 -9.49697812 126486.608 2394.47338
601.02 609449.953 95593.71 993.546353 -2187.70579 -0.900546815 -9.50292689 124407.057 2402.74655
602.02 610443.049 93401.2517 992.644611 -2197.21177 -0.902889847 -9.50890839 122318.181 2411.03357
603.02 611435.242 91199.2844 991.740524 -2206.72374 -0.905239451 -9.5149227 120219.976 2419.3344
604.02 612426.529 88987.8022 990.834083 -2216.24174 -0.907595665 -9.52096994 118112.434 2427.649
605.02 613416.909 86766.7989 989.925283 -2225.76581 -0.909958525 -9.52705021 115995.549 2435.97732
606.02 614406.379 84536.2685 989.014117 -2235.29598 -0.912328068 -9.53316361 113869.317 2444.31934
607.02 615394.936 82296.2049 988.100577 -2244.83227 -0.914704332 -9.53931025 111733.73 2452.67501
608.02 616382.579 80046.6019 987.184658 -2254.37473 -0.917087354 -9.54549022 109588.782 2461.04429
609.02 617369.305 77787.4534 986.266353 -2263.92339 -0.919477171 -9.55170365 107434.468 2469.42714
610.02 618355.111 75518.7531 985.345654 -2273.47827 -0.921873821 -9.55795063 105270.78 2477.82355
611.02 619339.995 73240.4947 984.422555 -2283.03943 -0.924277341 -9.56423129 103097.714 2486.23345
612.02 620323.955 70952.6721 983.497049 -2292.60687 -0.926687766 -9.57054572 100915.262 2494.65684
613.02 621306.989 68655.2789 982.569129 -2302.18066 -0.929105134 -9.57689406 98723.4185 2503.09366
614.02 622289.093 66348.3087 981.638788 -2311.7608 -0.931529477 -9.58327641 96522.1769 2511.54389
615.02 623270.266 64031.7552 980.706019 -2321.34735 -0.933960832 -9.58969291 94311.531 2520.0075
616.02 624250.504 61705.6119 979.770815 -2330.94033 -0.936399228 -9.59614368 92091.4743 2528.48446
617.02 625229.806 59369.8723 978.833169 -2340.53978 -0.938844693 -9.60262886 89862.0005 2536.97474
618.02 626208.17 57024.5301 977.893074 -2350.14573 -0.941297251 -9.60914862 87623.1029 2545.4783
619.02 627185.592 54669.5787 976.950523 -2359.75821 -0.943756925 -9.6157031 85374.7753 2553.99514
620.02 628162.07 52305.0115 976.005509 -2369.37728 -0.946223729 -9.62229249 83117.011 2562.52521
621.02 629137.602 49930.822 975.058024 -2379.00294 -0.948697672 -9.62891698 80849.8034 2571.06849
622.02 630112.185 47547.0034 974.108061 -2388.63525 -0.951178744 -9.63557682 78573.1461 2579.62495
623.02 631085.817 45153.5492 973.155614 -2398.27424 -0.953666921 -9.6422723 76287.0322 2588.19458
624.02 632058.496 42750.4527 972.200675 -2407.91995 -0.95616214 -9.64900379 73991.4553 2596.77735
625.02 633030.218 40337.7071 971.243238 -2417.5724 -0.958664224 -9.65577198 71686.4085 2605.37324
626.02 634000.981 37915.3056 970.283295 -2427.23164 -0.961173054 -9.66257741 69371.8852 2613.98223
627.02 634970.783 35483.2415 969.320839 -2436.8977 -0.963688436 -9.66942081 67047.8785 2622.6043
628.02 635939.622 33041.5079 968.355865 -2446.57063 -0.966210089 -9.67630317 64714.3817 2631.23943
629.02 636907.494 30590.098 967.388366 -2456.25046 -0.968737619 -9.68322576 62371.3879 2639.88761
630.02 637874.398 28129.0047 966.418338 -2465.93723 -0.971270506 -9.69019021 60018.8902 2648.54882
631.02 638840.33 25658.2212 965.445774 -2475.63099 -0.973807663 -9.69719962 57656.8817 2657.22306
632.02 639805.289 23177.7404 964.47067 -2485.33179 -0.976348361 -9.70425625 55285.3554 2665.91031
633.02 640769.271 20687.5552 963.493025 -2495.03967 -0.978891432 -9.71136351 52904.3043 2674.61058
634.02 641732.274 18187.6587 962.512836 -2504.75468 -0.981435059 -9.71852659 50513.7213 2683.32386
635.02 642694.295 15678.0435 961.530105 -2514.47688 -0.983976454 -9.72575329 48113.5992 2692.05017
636.02 643655.333 13158.7025 960.544836 -2524.20636 -0.986508987 -9.73306168 45703.931 2700.78954
637.02 644615.384 10629.6283 959.557042 -2533.94319 -0.989024266 -9.74047482 43284.7093 2709.54199
638.02 645574.446 8090.8136 958.566746 -2543.6875 -0.991510019 -9.74802649 40855.9268 2718.30762
639.02 646532.517 5542.25077 957.573987 -2553.43945 -0.993946752 -9.75577041 38417.5759 2727.08654
640.02 647489.594 2983.93207 956.578833 -2563.19929 -0.996304523 -9.76378929 35969.6489 2735.87896
641.02 648445.674 415.849434 955.581393 -2572.96738 -0.998505362 -9.77229674 33512.1379 2744.68522
642.02 649400.756 -2162.00564 954.581852 -2582.74428 -1.0004829 -9.7814791 31045.0345 2753.50586
643.02 650354.837 -4749.64234 953.58049 -2592.53083 -1.00212563 -9.79164892 28568.3295 2762.34173
644.02 651307.916 -7347.07092 952.577739 -2602.32828 -1.00326967 -9.80326777 26082.013 2771.19412
645.02 652259.992 -9954.30316 951.574254 -2612.13853 -1.00355385 -9.81734756 23586.0732 2780.06497
646.02 653211.065 -12571.3532 950.571019 -2621.96439 -1.00267284 -9.8347654 21080.4965 2788.95724
647.02 654161.135 -15198.2384 949.569409 -2631.8098 -1.0002356 -9.85665237 18565.2658 2797.87506
648.02 655110.205 -17834.9811 948.571363 -2641.68033 -0.995579059 -9.88491842 16040.3596 2806.82429
649.02 656058.28 -20481.6104 947.579989 -2651.58489 -0.986614183 -9.9254993 13505.7497 2815.81432
650.02 657005.369 -23138.1669 946.600206 -2661.53759 -0.972074771 -9.98213012 10961.3969 2824.86005
651.02 657951.486 -25804.7073 945.637882 -2671.55542 -0.95196708 -10.0550207 8407.24674 2833.97942
652.02 658896.652 -28481.3047 944.698361 -2681.65411 -0.926842817 -10.1428338 5843.22882 2843.18901
653.02 659840.892 -31168.0477 943.786871 -2691.84931 -0.895516212 -10.2491593 3269.25808 2852.50528
654.02 660784.238 -33865.0429 942.911225 -2702.16427 -0.853613401 -10.3867889 685.231976 2861.95271
654.28 661038.793 -34595.0065 942.68263 -2704.97481 -0.840635415 -10.4289451 -14.1954122 2864.53125
