0 0 4 0 0 0 0 6335441 0
0.01 0.000564510252 4.00023371 0.112903431 0.0302024454 11.2899289 11.2899289 4.00023371 0.116873318
1.01 5.77270337 4.72761327 11.4452816 1.4384656 11.3733611 1.4492523 4.7276159 11.535322
2.01 22.9191461 6.90518978 22.8617161 2.93080431 11.4580216 1.53394146 6.90523124 23.0488107
3.02 51.8687799 10.6628332 34.4789019 4.52469252 11.5448042 1.62077265 10.6630456 34.774524
4.02 92.1350007 16.0128397 46.0680776 6.18986964 11.6320195 1.70805581 16.0135096 46.4820638
5.02 144.034229 23.0718927 57.7451369 7.94300838 11.7205501 1.79667426 23.07353 58.2888687
6.02 207.655012 31.928627 69.5114106 9.78545974 11.8104266 1.88665896 31.9320301 70.1968049
7.02 283.087242 42.6730435 81.3682607 11.7186062 11.9016807 1.97804181 42.6793681 82.2077829
8.02 370.42219 55.3965422 93.3170812 13.7438625 11.9943449 2.07085571 55.4073711 94.3237584
9.02 469.752537 70.1919542 105.359299 15.862677 12.0884528 2.16513459 70.2093693 106.546734
10.02 581.172408 87.1535761 117.496377 18.0765324 12.1840391 2.26091344 87.1802322 118.87876
11.02 704.777408 106.377205 129.729809 20.386947 12.2811395 2.35822838 106.416405 131.321937
12.02 840.664656 127.960174 142.06113 22.7954758 12.3797911 2.45711667 128.015948 143.878416
13.02 988.932821 152.001392 154.49191 25.3037116 12.4800318 2.55761679 152.078574 156.550401
14.02 1149.68217 178.601377 167.023758 27.9132865 12.581901 2.65976847 178.705689 169.340153
15.02 1323.01458 207.862301 179.658323 30.6258729 12.6854394 2.76361274 208.000438 182.249985
16.02 1509.03361 239.888031 192.397295 33.4431847 12.790689 2.86919198 240.067742 195.282272
17.02 1707.84455 274.784165 205.242408 36.3669793 12.8976931 2.97655001 275.014347 208.439448
18.01 1917.3731 312.264247 218.065369 39.3681955 13.0053995 3.0846311 312.554372 221.590523
19.01 2141.96008 353.193739 231.127034 42.5092962 13.1160301 3.19566513 353.555808 235.003715
20.01 2379.66436 397.320175 244.300292 45.7624054 13.2285539 3.30861796 397.767062 248.549453
21.01 2630.5985 444.756533 257.58706 49.1294673 13.3430205 3.42353967 445.302633 262.230429
22.01 2894.87698 495.617759 270.989307 52.6124771 13.4594813 3.54048208 496.279091 276.049411
23.01 3172.61628 550.020819 284.509055 56.2134827 13.5779892 3.65949882 550.81513 290.009237
24.01 3463.93494 608.084756 298.148378 59.9345865 13.6985995 3.78064542 609.031628 304.112824
25.01 3768.9536 669.930744 311.909407 63.7779477 13.8213688 3.9039794 671.051701 318.363165
26.01 4087.79505 735.682142 325.794332 67.7457837 13.9463563 4.02956036 737.000767 332.763337
27.01 4420.58431 805.464561 339.805402 71.8403729 14.073623 4.15745005 807.006608 347.316499
28.01 4767.44868 879.405919 353.944928 76.0640564 14.2032324 4.28771249 881.199434 362.025901
29.01 5128.51778 957.636507 368.215286 80.4192408 14.33525 4.42041409 959.711953 376.894881
30.01 5503.92367 1040.28906 382.618919 84.9084 14.469744 4.5556237 1042.67944 391.926873
31.01 5893.80088 1127.49881 397.158339 89.5340782 14.6067852 4.6934128 1130.2398 407.125407
32.01 6298.28647 1219.40359 411.83613 94.2988927 14.7464467 4.83385559 1222.53367 422.494117
33.01 6717.52015 1316.14387 426.654952 99.205536 14.8888049 4.97702909 1319.70446 438.036741
34.01 7151.6443 1417.86286 441.61754 104.25678 15.0339388 5.12301334 1421.89846 453.757124
35.01 7600.80409 1524.70658 456.726713 109.455476 15.1819305 5.27189149 1529.26493 469.65923
36.01 8065.14755 1636.82395 471.985372 114.804564 15.3328655 5.42374999 1641.95617 485.747135
37.01 8544.82566 1754.36685 487.396504 120.307068 15.4868324 5.57867874 1760.1276 502.025042
38.01 9039.99241 1877.49026 502.963189 125.966106 15.6439237 5.73677123 1883.9379 518.49728
39.01 9550.80494 2006.35231 518.6886 131.784892 15.804237 5.8981252 2013.54904 535.168311
40.01 10077.4236 2141.11439 534.576017 137.76674 15.9678875 6.06284596 2149.12648 552.042746
41.01 10620.0121 2281.94128 550.628825 143.91507 16.1349661 6.23103571 2290.83917 569.125338
42.01 11178.7376 2429.0012 566.850506 150.233405 16.3055816 6.40280459 2438.85973 586.420985
43.01 11753.7706 2582.46597 583.244654 156.725383 16.4798474 6.57826737 2593.36456 603.934742
44.02 12351.2846 2744.14538 599.981586 163.462361 16.6596816 6.75935622 2756.17992 621.850341
45.02 12959.6271 2911.01871 616.733741 170.314844 16.8416476 6.94261121 2924.26757 639.818453
46.02 13584.8134 3084.83684 633.669902 177.352646 17.0276358 7.12993647 3099.39441 658.0209
47.02 14227.0296 3265.78716 650.794159 184.579908 17.2177806 7.32146824 3281.75321 676.463436
48.02 14886.4658 3454.06124 668.110741 192.000907 17.4122225 7.51734886 3471.54115 695.152006
49.02 15563.3166 3649.85502 685.624019 199.620068 17.6111084 7.71772713 3668.96002 714.092758
50.02 16257.7809 3853.36895 703.338515 207.441967 17.8145917 7.92275866 3874.21632 733.292054
51.02 16970.0623 4064.80811 721.258909 215.47134 18.0228455 8.13260999 4087.52145 752.756476
52.02 17700.369 4284.38242 739.39007 223.713098 18.2360482 8.34745487 4309.0919 772.492865
53.02 18448.9143 4512.3068 757.737023 232.172321 18.4543586 8.5674669 4539.14942 792.508286
54.02 19215.9167 4748.80131 776.304971 240.854271 18.6779619 8.7928335 4777.92116 812.810057
55.02 20001.5997 4994.0914 795.099304 249.764402 18.907052 9.02375118 5025.63996 833.405759
56.02 20806.1926 5248.40805 814.125611 258.908369 19.1418323 9.26042613 5282.54447 854.303256
57.02 21629.9302 5511.98803 833.389691 268.292039 19.3825162 9.50307483 5548.8794 875.510706
58.02 22473.0533 5785.07406 852.897561 277.921501 19.6293281 9.75192469 5824.89576 897.036572
59.02 23335.8087 6067.91507 872.655472 287.803078 19.8825199 10.0072202 6110.8511 918.889648
60.02 24218.4497 6360.76645 892.669946 297.943349 20.1423556 10.2692183 6407.00974 941.0791
61.02 25121.2363 6663.89027 912.947743 308.349145 20.4090708 10.5381756 6713.64303 963.614433
62.02 26044.4353 6977.55561 933.495879 319.027565 20.6829406 10.8143712 7031.0297 986.505522
63.02 26988.3206 7302.03874 954.321658 329.985998 20.9642551 11.098099 7359.45606 1009.76264
64.02 27953.1737 7637.6235 975.432677 341.232131 21.2533198 11.3896692 7699.21635 1033.39648
65.02 28939.2837 7984.60157 996.836852 352.773974 21.550467 11.6894127 8050.61309 1057.41817
66.02 29946.9479 8343.2728 1018.54247 364.619887 21.8560975 11.9976969 8413.95737 1081.83937
67.02 30976.472 8713.9456 1040.55818 376.778584 22.1705134 12.314867 8789.56928 1106.67223
68.02 32028.1706 9096.93725 1062.89294 389.259149 22.4940964 12.6413104 9177.77827 1131.92936
69.02 33102.3674 9492.57434 1085.55613 402.071059 22.8272507 12.9774369 9578.92355 1157.62396
70.02 34199.3956 9901.19312 1108.55754 415.224219 23.1704041 13.3236809 9993.35449 1183.76981
71.02 35319.5986 10323.14 1131.90746 428.729004 23.5241494 13.6805555 10421.4312 1210.38136
72.02 36463.3303 10758.7719 1155.61667 442.596272 23.8888543 14.048508 10863.5247 1237.47378
73.01 37619.1597 11203.8895 1179.45373 456.693062 24.2612091 14.424203 11315.3806 1264.78443
74.01 38810.8101 11667.8613 1203.91183 471.315933 24.6492775 14.8157793 11786.519 1292.88143
75.01 40027.1148 12146.654 1228.7644 486.336839 25.0500687 15.2201416 12272.8559 1321.50879
76.01 41268.4748 12640.6721 1254.02455 501.768907 25.4642075 15.6379219 12774.8126 1350.68487
77.01 42535.3043 13150.3334 1279.70588 517.625863 25.8922572 16.0697521 13292.8243 1380.4288
78.01 43828.0317 13676.0702 1305.82265 533.922119 26.3349269 16.5163498 13827.3412 1410.76065
79.01 45147.0998 14218.3292 1332.38994 550.672858 26.7931823 16.9785675 14378.8288 1441.70161
80.01 46492.9671 14777.5728 1359.42377 567.894129 27.2677674 17.457201 14947.7691 1473.27415
81.01 47866.1084 15354.2799 1386.94084 585.60276 27.7594635 17.9530947 15534.6615 1505.50174
82.01 49267.0157 15948.9466 1414.95874 603.816492 28.2692731 18.467223 16140.0232 1538.40911
83.01 50696.1991 16562.0875 1443.49623 622.554135 28.7983974 19.000688 16764.391 1572.02259
84.01 52154.1879 17194.2361 1472.57305 641.835523 29.3477142 19.5544979 17408.3217 1606.36989
85.01 53641.5318 17845.9467 1502.20998 661.6816 29.9184226 20.1298467 18072.3937 1641.48024
86.01 55158.802 18517.795 1532.42919 682.114605 30.5120177 20.7281128 18757.2078 1677.38474
87.01 56706.5921 19210.3794 1563.25415 703.158103 31.1296603 21.3505857 19463.389 1714.11635
88.01 58285.5204 19924.323 1594.70964 724.837056 31.7728984 21.9987891 20191.5879 1751.70991
89.01 59896.2304 20660.2742 1626.82221 747.178064 32.4434902 22.6744132 20942.4819 1790.20266
90.01 61539.3932 21418.9092 1659.61997 770.20939 33.1430235 23.3791469 21716.7772 1829.63411
91.01 63215.7087 22200.9331 1693.13289 793.961131 33.8735659 24.1149838 22515.2108 1870.04633
92.01 64925.9081 23007.0823 1727.39306 818.465462 34.6371676 24.8840034 23338.552 1911.48437
93.01 66670.7553 23838.1263 1762.43461 843.756687 35.4360719 25.6884783 24187.6054 1953.99619
94.01 68451.0499 24694.8702 1798.29422 869.871575 36.2729323 26.5309902 25063.2124 1997.63327
95.01 70267.6295 25578.1571 1835.01113 896.849494 37.1503189 27.4142076 25966.2547 2042.4507
96.01 72121.372 26488.8709 1872.62746 924.732719 38.0714624 28.34126 26897.6563 2088.50765
97.01 74013.1993 27427.9394 1911.18858 953.56672 39.0395109 29.3153942 27858.3877 2135.8678
98.01 75944.0803 28396.3376 1950.74328 983.400454 40.0582973 30.3403715 28849.4684 2184.59969
99.01 77915.0346 29395.0912 1991.34432 1014.28679 41.1317748 31.4202113 29871.9714 2234.77737
100.01 79927.1366 30425.281 2033.04868 1046.28289 42.2645851 32.5595031 30927.0273 2286.48089
101.01 81981.5203 31488.0475 2075.9182 1079.45071 43.4616515 33.7632318 32015.829 2339.79704
102.01 84079.3837 32584.5954 2120.01999 1113.85752 44.7287256 35.0370941 33139.637 2394.8201
103.01 86221.9953 33716.1998 2165.42714 1149.57659 46.0719988 36.38734 34299.7854 2451.65272
104.01 88410.6996 34884.2125 2212.21947 1186.68788 47.4986243 37.8210956 35497.6883 2510.40696
105.01 90646.9249 36090.0687 2260.48427 1225.27887 49.0165558 39.3463367 36734.8474 2571.20544
106.01 92932.1908 37335.2954 2310.31738 1265.44557 50.6348247 40.9721062 38012.8602 2634.18277
107.01 95268.1175 38621.5202 2361.82428 1307.29365 52.3637505 42.7087113 39333.4298 2699.48711
108.01 97656.436 39950.4819 2415.12145 1350.93979 54.215014 44.5678617 40698.3753 2767.28205
109.01 100099 41324.0421 2470.33795 1396.51324 56.2020695 46.5630163 42109.6441 2837.7489
110.01 102597.795 42744.1946 2526.9347 1443.47516 -0.156616423 -9.78735695 43569.3223 2910.15799
111.01 105124.651 44182.7769 2526.77608 1433.6901 -0.160523522 -9.78283884 45048.8506 2905.17894
112.01 107651.346 45611.5764 2526.61358 1423.90956 -0.164399821 -9.77833373 46519.5766 2900.2232
113.01 110177.877 47030.5975 2526.44722 1414.13352 -0.168249605 -9.77384422 47981.5041 2895.29086
114.01 112704.239 48439.8449 2526.27702 1404.36196 -0.172072114 -9.76937005 49434.6366 2890.382
115.01 115230.43 49839.3229 2526.103 1394.59486 -0.175879364 -9.76491803 50878.9781 2885.4967
116.01 117756.444 51229.0361 2525.92518 1384.83221 -0.179672704 -9.76048891 52314.5322 2880.63505
117.01 120282.279 52608.9888 2525.74358 1375.07397 -0.18345181 -9.75608255 53741.3026 2875.79712
118.01 122807.93 53979.1855 2525.55821 1365.32012 -0.18721891 -9.75170016 55159.2929 2870.98299
119.01 125333.394 55339.6305 2525.36907 1355.57064 -0.190976792 -9.74734324 56568.5069 2866.19272
120.01 127858.667 56690.3282 2525.17618 1345.82551 -0.194725782 -9.74301193 57968.9482 2861.4264
121.01 130383.745 58031.283 2524.97955 1336.0847 -0.198464853 -9.73870564 59360.6204 2856.6841
122.01 132908.625 59362.4991 2524.77918 1326.34818 -0.20219692 -9.73442588 60743.5271 2851.96588
123.01 135433.302 60683.9808 2524.57508 1316.61592 -0.205922225 -9.73017273 62117.6719 2847.27183
124.01 137957.774 61995.7323 2524.36727 1306.88791 -0.209639985 -9.72594572 63483.0583 2842.60199
125.01 140482.036 63297.758 2524.15573 1297.16411 -0.213351784 -9.72174562 64839.6897 2837.95646
126.01 143006.084 64590.0619 2523.94049 1287.44449 -0.217058004 -9.71757255 66187.5699 2833.3353
127.01 145529.915 65872.6483 2523.72154 1277.72904 -0.220758249 -9.71342626 67526.7021 2828.73857
128.01 148053.526 67145.5214 2523.4989 1268.01771 -0.224453329 -9.70930707 68857.0899 2824.16636
129.01 150576.912 68408.6851 2523.27257 1258.31049 -0.228143575 -9.7052151 70178.7366 2819.61872
130.01 153100.07 69662.1437 2523.04254 1248.60736 -0.231828718 -9.70115013 71491.6458 2815.09573
131.01 155622.996 70905.9012 2522.80884 1238.90827 -0.235509291 -9.69711236 72795.8207 2810.59747
132.01 158145.686 72139.9616 2522.57145 1229.2132 -0.239185495 -9.69310181 74091.2648 2806.12399
133.01 160668.137 73364.3289 2522.33039 1219.52213 -0.242857139 -9.68911832 75377.9813 2801.67536
134.01 163190.346 74579.0072 2522.08567 1209.83504 -0.246524671 -9.68516202 76655.9735 2797.25167
135.01 165712.308 75784.0003 2521.83727 1200.15188 -0.250188144 -9.68123288 77925.2449 2792.85298
136.01 168234.019 76979.3123 2521.58522 1190.47264 -0.253847515 -9.67733079 79185.7985 2788.47935
137.01 170755.477 78164.9469 2521.3295 1180.79729 -0.257503052 -9.67345582 80437.6377 2784.13087
138.01 173276.677 79340.9081 2521.07014 1171.1258 -0.26115474 -9.66960787 81680.7656 2779.8076
139.01 175797.616 80507.1998 2520.80712 1161.45814 -0.264802655 -9.66578691 82915.1854 2775.5096
140.01 178318.29 81663.8257 2520.54046 1151.79429 -0.268446922 -9.66199292 84140.9004 2771.23696
141.01 180838.696 82810.7896 2520.27016 1142.13422 -0.272087515 -9.65822582 85357.9136 2766.98974
142.01 183358.829 83948.0954 2519.99622 1132.4779 -0.275724563 -9.65448561 86566.2282 2762.76802
143.01 185878.687 85075.7467 2519.71864 1122.82531 -0.279358102 -9.65077221 87765.8472 2758.57186
144.01 188398.265 86193.7472 2519.43743 1113.17642 -0.282988166 -9.64708557 88956.7737 2754.40133
145.01 190917.56 87302.1007 2519.15259 1103.53121 -0.286614847 -9.64342567 90139.0108 2750.25651
146.01 193436.569 88400.8108 2518.86413 1093.88964 -0.290238152 -9.63979244 91312.5615 2746.13747
147.01 195955.287 89489.8812 2518.57204 1084.25169 -0.293858164 -9.63618585 92477.4288 2742.04428
148.01 198473.712 90569.3154 2518.27634 1074.61733 -0.297474916 -9.63260583 93633.6156 2737.97701
149.01 200991.839 91639.1171 2517.97702 1064.98654 -0.301088457 -9.62905234 94781.1249 2733.93573
150.01 203509.665 92699.2897 2517.67409 1055.35929 -0.304698842 -9.62552534 95919.9596 2729.92052
151.01 206027.186 93749.8368 2517.36755 1045.73555 -0.3083061 -9.62202478 97050.1227 2725.93144
152.01 208544.399 94790.7619 2517.05741 1036.1153 -0.311910293 -9.61855061 98171.617 2721.96857
153.01 211061.3 95822.0685 2516.74366 1026.49851 -0.315511453 -9.61510277 99284.4453 2718.03198
154.01 213577.885 96843.7601 2516.42631 1016.88515 -0.319109633 -9.61168123 100388.611 2714.12174
155.01 216094.151 97855.84 2516.10537 1007.2752 -0.32270487 -9.60828594 101484.115 2710.23792
156.01 218610.094 98858.3116 2515.78083 997.668638 -0.326297211 -9.60491684 102570.963 2706.38059
157.01 221125.711 99851.1784 2515.4527 988.065429 -0.329886697 -9.6015739 103649.156 2702.54983
158.01 223640.999 100834.444 2515.12099 978.465548 -0.333473369 -9.59825707 104718.696 2698.74571
159.01 226155.952 101808.111 2514.78569 968.868972 -0.337057273 -9.59496629 105779.588 2694.9683
160.02 228695.713 102781.775 2514.4434 959.179756 -0.340674245 -9.59166902 106842.311 2691.1803
161.02 231209.986 103736.159 2514.1009 949.589741 -0.344252707 -9.58843049 107885.826 2687.45679
162.02 233723.914 104680.955 2513.75482 940.002951 -0.347828522 -9.58521788 108920.699 2683.76021
163.02 236237.494 105616.166 2513.40517 930.419361 -0.351401735 -9.58203115 109946.933 2680.09062
164.02 238750.723 106541.795 2513.05195 920.838944 -0.354972385 -9.57887026 110964.532 2676.4481
165.02 241263.597 107457.845 2512.69515 911.261674 -0.358540513 -9.57573516 111973.497 2672.83273
166.02 243776.112 108364.32 2512.33479 901.687527 -0.362106159 -9.57262581 112973.831 2669.24456
167.02 246288.265 109261.221 2511.97087 892.116476 -0.365669366 -9.56954216 113965.536 2665.68368
168.02 248800.053 110148.554 2511.60339 882.548496 -0.369230172 -9.56648417 114948.616 2662.15015
169.02 251311.471 111026.319 2511.23234 872.98356 -0.372788619 -9.56345181 115923.072 2658.64405
170.02 253822.516 111894.522 2510.85774 863.421644 -0.376344746 -9.56044502 116888.908 2655.16544
171.02 256333.185 112753.164 2510.47958 853.862722 -0.379898594 -9.55746377 117846.125 2651.7144
172.02 258843.474 113602.248 2510.09787 844.306767 -0.383450203 -9.55450802 118794.726 2648.291
173.02 261353.38 114441.778 2509.71261 834.753756 -0.386999612 -9.55157772 119734.713 2644.89531
174.02 263862.898 115271.757 2509.3238 825.203662 -0.390546862 -9.54867283 120666.089 2641.5274
175.02 266372.026 116092.186 2508.93145 815.65646 -0.394091992 -9.54579332 121588.856 2638.18734
176.02 268880.76 116903.071 2508.53555 806.112124 -0.397635042 -9.54293915 122503.016 2634.87521
177.02 271389.096 117704.412 2508.13611 796.57063 -0.401176051 -9.54011027 123408.572 2631.59106
178.02 273897.031 118496.213 2507.73312 787.031951 -0.404715059 -9.53730664 124305.526 2628.33497
179.02 276404.561 119278.476 2507.32661 777.496064 -0.408252105 -9.53452824 125193.88 2625.10701
180.02 278911.683 120051.206 2506.91655 767.962942 -0.411787228 -9.53177502 126073.636 2621.90726
181.02 281418.393 120814.403 2506.50296 758.43256 -0.415320468 -9.52904694 126944.797 2618.73577
182.02 283924.688 121568.072 2506.08584 748.904894 -0.418851864 -9.52634396 127807.365 2615.59262
183.02 286430.563 122312.214 2505.66519 739.379918 -0.422381455 -9.52366605 128661.342 2612.47788
184.02 288936.017 123046.833 2505.24101 729.857607 -0.425909279 -9.52101318 129506.73 2609.39162
185.02 291441.044 123771.93 2504.8133 720.337936 -0.429435375 -9.5183853 130343.532 2606.3339
186.02 293945.642 124487.509 2504.38207 710.82088 -0.432959783 -9.51578238 131171.748 2603.3048
187.02 296449.807 125193.573 2503.94731 701.306415 -0.436482541 -9.51320439 131991.383 2600.30437
188.02 298953.536 125890.123 2503.50903 691.794514 -0.440003687 -9.51065129 132802.436 2597.33269
189.02 301456.824 126577.163 2503.06723 682.285155 -0.443523261 -9.50812304 133604.912 2594.38983
190.02 303959.669 127254.694 2502.62191 672.77831 -0.4470413 -9.50561961 134398.81 2591.47585
191.02 306462.067 127922.72 2502.17308 663.273957 -0.450557843 -9.50314097 135184.135 2588.59083
192.02 308964.014 128581.243 2501.72073 653.772069 -0.454072928 -9.50068708 135960.887 2585.73481
193.02 311465.507 129230.265 2501.26486 644.272623 -0.457586594 -9.49825791 136729.068 2582.90788
194.02 313966.543 129869.789 2500.80549 634.775594 -0.461098879 -9.49585343 137488.68 2580.1101
195.02 316467.117 130499.817 2500.3426 625.280956 -0.464609821 -9.49347361 138239.726 2577.34153
196.02 318967.227 131120.352 2499.8762 615.788686 -0.468119458 -9.4911184 138982.207 2574.60224
197.02 321466.868 131731.395 2499.40629 606.298758 -0.471627827 -9.48878779 139716.125 2571.89229
198.02 323966.038 132332.95 2498.93287 596.811148 -0.475134968 -9.48648174 140441.482 2569.21175
199.02 326464.733 132925.018 2498.45595 587.325832 -0.478640918 -9.48420021 141158.28 2566.56069
200.02 328962.949 133507.602 2497.97552 577.842785 -0.482145714 -9.48194318 141866.52 2563.93915
201.02 331460.683 134080.704 2497.49159 568.361982 -0.485649394 -9.47971062 142566.204 2561.34722
202.02 333957.931 134644.327 2497.00415 558.8834 -0.489151996 -9.4775025 143257.334 2558.78494
203.02 336454.69 135198.472 2496.51321 549.407013 -0.492653558 -9.47531879 143939.912 2556.25239
204.02 338950.956 135743.142 2496.01877 539.932798 -0.496154118 -9.47315945 144613.939 2553.74963
205.02 341446.726 136278.338 2495.52084 530.460729 -0.499653712 -9.47102447 145279.418 2551.2767
206.02 343941.996 136804.064 2495.0194 520.990783 -0.503152378 -9.4689138 145936.349 2548.83369
207.02 346436.764 137320.321 2494.51446 511.522935 -0.506650154 -9.46682743 146584.734 2546.42065
208.02 348931.024 137827.11 2494.00603 502.057162 -0.510147076 -9.46476532 147224.576 2544.03763
209.02 351424.775 138324.436 2493.4941 492.593438 -0.513643184 -9.46272745 147855.875 2541.6847
210.02 353918.011 138812.298 2492.97867 483.131739 -0.517138512 -9.46071379 148478.633 2539.36191
211.02 356410.731 139290.7 2492.45975 473.672042 -0.5206331 -9.45872432 149092.851 2537.06934
212.02 358902.93 139759.643 2491.93734 464.214322 -0.524126983 -9.456759 149698.533 2534.80702
213.02 361394.604 140219.129 2491.41143 454.758555 -0.527620199 -9.45481781 150295.677 2532.57502
214.02 363885.751 140669.161 2490.88203 445.304717 -0.531112786 -9.45290073 150884.287 2530.3734
215.02 366376.367 141109.739 2490.34913 435.852784 -0.534604779 -9.45100773 151464.364 2528.20222
216.02 368866.448 141540.867 2489.81275 426.402731 -0.538096217 -9.44913878 152035.909 2526.06152
217.02 371355.991 141962.545 2489.27287 416.954535 -0.541587135 -9.44729386 152598.923 2523.95137
218.02 373844.993 142374.776 2488.7295 407.508172 -0.545077572 -9.44547295 153153.408 2521.87181
219.02 376333.449 142777.562 2488.18264 398.063618 -0.548567563 -9.44367602 153699.366 2519.82291
220.02 378821.357 143170.904 2487.6323 388.620848 -0.552057146 -9.44190305 154236.797 2517.80472
221.02 381308.713 143554.804 2487.07846 379.179839 -0.555546357 -9.44015401 154765.704 2515.81729
222.02 383795.513 143929.264 2486.52114 369.740567 -0.559035233 -9.43842888 155286.086 2513.86066
223.02 386281.754 144294.286 2485.96032 360.303007 -0.562523811 -9.43672765 155797.947 2511.93491
224.02 388767.432 144649.871 2485.39602 350.867137 -0.566012127 -9.43505028 156301.286 2510.04006
225.02 391252.545 144996.021 2484.82823 341.432932 -0.569500218 -9.43339675 156796.105 2508.17618
226.02 393737.088 145332.737 2484.25695 332.000368 -0.572988121 -9.43176704 157282.406 2506.34332
227.02 396221.057 145660.022 2483.68218 322.569422 -0.576475872 -9.43016114 157760.189 2504.54152
228.02 398704.451 145977.877 2483.10393 313.14007 -0.579963508 -9.42857902 158229.456 2502.77083
229.02 401187.264 146286.303 2482.52218 303.712288 -0.583451065 -9.42702066 158690.208 2501.0313
230.02 403669.494 146585.302 2481.93695 294.286052 -0.58693858 -9.42548603 159142.446 2499.32297
231.02 406151.137 146874.876 2481.34824 284.861338 -0.590426089 -9.42397513 159586.171 2497.6459
232.02 408632.189 147155.025 2480.75603 275.438124 -0.593913629 -9.42248792 160021.385 2496.00013
233.02 411112.648 147425.752 2480.16034 266.016384 -0.597401235 -9.4210244 160448.088 2494.3857
234.02 413592.509 147687.058 2479.56116 256.596096 -0.600888945 -9.41958454 160866.281 2492.80266
235.02 416071.769 147938.945 2478.95849 247.177236 -0.604376794 -9.41816831 161275.966 2491.25105
236.02 418550.425 148181.413 2478.35234 237.75978 -0.60786482 -9.41677572 161677.143 2489.73091
237.02 421028.472 148414.465 2477.74269 228.343704 -0.611353057 -9.41540673 162069.814 2488.24229
238.02 423505.909 148638.101 2477.12956 218.928985 -0.614841543 -9.41406132 162453.979 2486.78523
239.02 425982.73 148852.323 2476.51294 209.5156 -0.618330314 -9.41273949 162829.639 2485.35976
240.02 428458.934 149057.133 2475.89283 200.103525 -0.621819406 -9.41144121 163196.796 2483.96593
241.02 430934.515 149252.531 2475.26923 190.692736 -0.625308855 -9.41016647 163555.45 2482.60377
242.02 433409.471 149438.519 2474.64214 181.283209 -0.628798698 -9.40891525 163905.602 2481.27333
243.02 435883.798 149615.098 2474.01156 171.874922 -0.63228897 -9.40768754 164247.253 2479.97464
244.02 438357.493 149782.269 2473.37749 162.467851 -0.635779708 -9.40648331 164580.404 2478.70773
245.02 440830.552 149940.034 2472.73993 153.061971 -0.639270948 -9.40530256 164905.056 2477.47265
246.02 443302.972 150088.393 2472.09888 143.657261 -0.642762726 -9.40414526 165221.209 2476.26943
247.02 445774.748 150227.349 2471.45434 134.253696 -0.646255078 -9.40301141 165528.864 2475.0981
248.02 448245.879 150356.901 2470.8063 124.851253 -0.649748041 -9.40190099 165828.023 2473.95869
249.02 450716.36 150477.052 2470.15477 115.449908 -0.65324165 -9.40081398 166118.685 2472.85125
250.02 453186.187 150587.801 2469.49975 106.049639 -0.656735942 -9.39975038 166400.851 2471.77579
251.02 455655.358 150689.151 2468.84123 96.6504207 -0.660230952 -9.39871016 166674.523 2470.73235
252.02 458123.869 150781.102 2468.17922 87.2522311 -0.663726717 -9.39769332 166939.7 2469.72096
253.02 460591.716 150863.656 2467.51371 77.8550464 -0.667223272 -9.39669983 167196.384 2468.74164
254.02 463058.895 150936.813 2466.8447 68.4588433 -0.670720655 -9.3957297 167444.575 2467.79444
255.02 465525.404 151000.574 2466.1722 59.0635984 -0.6742189 -9.3947829 167684.274 2466.87937
256.02 467991.238 151054.94 2465.49619 49.6692884 -0.677718045 -9.39385943 167915.481 2465.99645
257.02 470456.395 151099.913 2464.81669 40.27589 -0.681218125 -9.39295927 168138.197 2465.14573
258.02 472920.87 151135.492 2464.13369 30.8833798 -0.684719175 -9.39208242 168352.422 2464.32721
259.02 475384.661 151161.68 2463.44718 21.4917347 -0.688221233 -9.39122885 168558.158 2463.54093
260.02 477847.764 151178.476 2462.75717 12.1009312 -0.691724335 -9.39039857 168755.403 2462.7869
261.02 480310.174 151185.882 2462.06366 2.71094615 -0.695228515 -9.38959155 168944.16 2462.06515
262.02 482771.89 151183.898 2461.36665 -6.67824375 -0.698733811 -9.3888078 169124.428 2461.37571
263.02 485232.906 151172.526 2460.66612 -16.0666618 -0.702240259 -9.38804729 169296.208 2460.71858
264.02 487693.221 151151.765 2459.96209 -25.4543311 -0.705747894 -9.38731003 169459.501 2460.09378
265.02 490152.83 151121.617 2459.25456 -34.8412751 -0.709256753 -9.386596 169614.306 2459.50135
266.02 492611.729 151082.083 2458.54351 -44.2275168 -0.712766871 -9.38590519 169760.624 2458.94129
267.02 495069.915 151033.163 2457.82895 -53.6130796 -0.716278285 -9.3852376 169898.456 2458.41362
268.02 497527.386 150974.857 2457.11088 -62.9979866 -0.719791032 -9.38459322 170027.801 2457.91835
269.02 499984.136 150907.167 2456.3893 -72.3822611 -0.723305146 -9.38397203 170148.661 2457.45551
270.02 502440.163 150830.093 2455.6642 -81.7659262 -0.726820665 -9.38337404 170261.034 2457.0251
271.02 504895.463 150743.635 2454.93559 -91.1490052 -0.730337624 -9.38279923 170364.923 2456.62714
272.02 507350.033 150647.795 2454.20346 -100.531521 -0.733856059 -9.38224759 170460.326 2456.26163
273.02 509803.869 150542.572 2453.4678 -109.913497 -0.737376007 -9.38171913 170547.245 2455.92859
274.02 512256.967 150427.968 2452.72863 -119.294957 -0.740897504 -9.38121383 170625.679 2455.62803
275.02 514709.325 150303.983 2451.98594 -128.675923 -0.744420586 -9.3807317 170695.629 2455.35996
276.02 517160.938 150170.616 2451.23972 -138.056418 -0.74794529 -9.38027271 170757.094 2455.12438
277.02 519611.803 150027.87 2450.48998 -147.436467 -0.751471651 -9.37983688 170810.075 2454.92131
278.02 522061.917 149875.744 2449.73671 -156.816091 -0.754999706 -9.37942418 170854.573 2454.75074
279.02 524511.276 149714.238 2448.97991 -166.195315 -0.75852949 -9.37903463 170890.586 2454.61269
280.02 526959.876 149543.353 2448.21958 -175.574161 -0.762061042 -9.37866821 170918.116 2454.50716
281.02 529407.714 149363.09 2447.45571 -184.952652 -0.765594395 -9.37832492 170937.161 2454.43414
282.02 531854.786 149173.448 2446.68832 -194.330812 -0.769129588 -9.37800476 170947.724 2454.39365
283.02 534301.089 148974.428 2445.91738 -203.708663 -0.772666657 -9.37770772 170949.802 2454.38568
284.02 536746.619 148766.031 2445.14291 -213.086229 -0.776205637 -9.3774338 170943.397 2454.41023
285.02 539191.374 148548.256 2444.3649 -222.463533 -0.779746565 -9.37718299 170928.509 2454.46731
286.02 541635.348 148321.104 2443.58335 -231.840598 -0.783289478 -9.37695531 170905.136 2454.55691
287.02 544078.539 148084.575 2442.79825 -241.217447 -0.786834412 -9.37675073 170873.28 2454.67903
288.02 546520.943 147838.669 2442.00961 -250.594103 -0.790381403 -9.37656927 170832.941 2454.83366
289.02 548962.557 147583.386 2441.21741 -259.97059 -0.793930489 -9.37641091 170784.117 2455.02081
290.02 551403.377 147318.728 2440.42167 -269.34693 -0.797481705 -9.37627566 170726.809 2455.24046
291.02 553843.399 147044.693 2439.62238 -278.723147 -0.801035089 -9.37616352 170661.017 2455.49261
292.02 556282.621 146761.281 2438.81953 -288.099263 -0.804590677 -9.37607449 170586.741 2455.77725
293.02 558721.037 146468.494 2438.01313 -297.475302 -0.808148505 -9.37600856 170503.98 2456.09437
294.02 561158.646 146166.331 2437.20316 -306.851287 -0.811708611 -9.37596574 170412.734 2456.44397
295.02 563595.442 145854.792 2436.38964 -316.22724 -0.81527103 -9.37594603 170313.004 2456.82603
296.02 566031.424 145533.876 2435.57255 -325.603186 -0.818835801 -9.37594943 170204.788 2457.24054
297.02 568466.586 145203.585 2434.75189 -334.979147 -0.822402959 -9.37597593 170088.087 2457.68749
298.02 570900.926 144863.918 2433.92767 -344.355146 -0.825972541 -9.37602554 169962.9 2458.16687
299.02 573334.44 144514.875 2433.09988 -353.731207 -0.829544585 -9.37609827 169829.227 2458.67866
300.02 575767.125 144156.456 2432.26851 -363.107352 -0.833119127 -9.3761941 169687.067 2459.22285
301.02 578198.976 143788.66 2431.43357 -372.483605 -0.836696204 -9.37631306 169536.421 2459.79943
302.02 580629.991 143411.488 2430.59504 -381.859989 -0.840275853 -9.37645513 169377.288 2460.40836
303.02 583060.165 143024.94 2429.75294 -391.236526 -0.843858112 -9.37662032 169209.667 2461.04965
304.02 585489.495 142629.015 2428.90726 -400.613241 -0.847443017 -9.37680864 169033.559 2461.72326
305.02 587917.978 142223.714 2428.05798 -409.990155 -0.851030605 -9.37702008 168848.962 2462.42919
306.02 590345.61 141809.035 2427.20512 -419.367293 -0.854620915 -9.37725466 168655.876 2463.1674
307.02 592772.387 141384.979 2426.34867 -428.744677 -0.858213982 -9.37751237 168454.301 2463.93788
308.02 595198.306 140951.545 2425.48862 -438.122331 -0.861809845 -9.37779322 168244.236 2464.7406
309.02 597623.363 140508.734 2424.62498 -447.500277 -0.86540854 -9.37809721 168025.68 2465.57555
310.02 600047.555 140056.545 2423.75773 -456.878539 -0.869010105 -9.37842436 167798.634 2466.44269
311.02 602470.878 139594.977 2422.88688 -466.25714 -0.872614578 -9.37877466 167563.097 2467.342
312.02 604893.328 139124.03 2422.01243 -475.636104 -0.876221995 -9.37914812 167319.068 2468.27347
313.02 607314.901 138643.705 2421.13437 -485.015452 -0.879832396 -9.37954475 167066.545 2469.23705
314.02 609735.595 138153.999 2420.25269 -494.395209 -0.883445816 -9.37996455 166805.53 2470.23272
315.02 612155.406 137654.914 2419.3674 -503.775398 -0.887062294 -9.38040753 166536.021 2471.26046
316.02 614574.329 137146.448 2418.47849 -513.156041 -0.890681867 -9.3808737 166258.018 2472.32023
317.02 616992.361 136628.602 2417.58596 -522.537162 -0.894304574 -9.38136307 165971.519 2473.41201
318.02 619409.5 136101.374 2416.68981 -531.918785 -0.897930452 -9.38187563 165676.524 2474.53576
319.02 621825.74 135564.764 2415.79003 -541.300932 -0.901559539 -9.3824114 165373.033 2475.69145
320.02 624241.078 135018.772 2414.88662 -550.683626 -0.905191873 -9.38297039 165061.044 2476.87905
321.02 626655.512 134463.397 2413.97957 -560.066892 -0.908827492 -9.38355261 164740.557 2478.09852
322.02 629069.036 133898.638 2413.06889 -569.450751 -0.912466435 -9.38415806 164411.571 2479.34984
323.02 631481.648 133324.495 2412.15456 -578.835228 -0.916108738 -9.38478676 164074.085 2480.63296
324.02 633893.344 132740.967 2411.2366 -588.220345 -0.919754441 -9.38543871 163728.099 2481.94784
325.02 636304.12 132148.054 2410.31498 -597.606126 -0.923403582 -9.38611392 163373.611 2483.29446
326.02 638713.973 131545.755 2409.38972 -606.992595 -0.927056199 -9.38681241 163010.621 2484.67278
327.02 641122.899 130934.069 2408.46079 -616.379773 -0.930712331 -9.38753418 162639.128 2486.08275
328.02 643530.893 130312.995 2407.52822 -625.767685 -0.934372016 -9.38827925 162259.131 2487.52433
329.02 645937.954 129682.533 2406.59198 -635.156355 -0.938035292 -9.38904762 161870.628 2488.9975
330.02 648344.076 129042.682 2405.65207 -644.545804 -0.941702199 -9.38983931 161473.62 2490.50219
331.02 650749.257 128393.441 2404.7085 -653.936057 -0.945372774 -9.39065432 161068.104 2492.03839
332.02 653153.492 127734.81 2403.76125 -663.327137 -0.949047058 -9.39149268 160654.08 2493.60603
333.02 655556.778 127066.786 2402.81033 -672.719067 -0.952725088 -9.39235439 160231.548 2495.20509
334.02 657959.111 126389.371 2401.85573 -682.111871 -0.956406904 -9.39323947 159800.505 2496.8355
335.02 660360.488 125702.562 2400.89744 -691.505572 -0.960092545 -9.39414793 159360.951 2498.49724
336.02 662760.905 125006.36 2399.93547 -700.900193 -0.963782049 -9.39507978 158912.884 2500.19026
337.02 665160.358 124300.762 2398.9698 -710.295758 -0.967475457 -9.39603503 158456.305 2501.9145
338.02 667558.843 123585.768 2398.00044 -719.69229 -0.971172806 -9.39701371 157991.21 2503.66993
339.02 669956.358 122861.377 2397.02738 -729.089813 -0.974874137 -9.39801581 157517.601 2505.45649
340.02 672352.897 122127.588 2396.05062 -738.48835 -0.978579489 -9.39904137 157035.474 2507.27414
341.02 674748.458 121384.4 2395.07014 -747.887924 -0.982288902 -9.40009039 156544.829 2509.12282
342.02 677143.036 120631.812 2394.08596 -757.28856 -0.986002415 -9.40116289 156045.665 2511.0025
343.02 679536.628 119869.822 2393.09806 -766.69028 -0.989720067 -9.40225888 155537.981 2512.91312
344.02 681929.231 119098.431 2392.10645 -776.093108 -0.993441899 -9.40337839 155021.774 2514.85462
345.02 684320.84 118317.636 2391.1111 -785.497067 -0.997167951 -9.40452142 154497.045 2516.82696
346.02 686711.452 117527.436 2390.11203 -794.902181 -1.00089826 -9.40568799 153963.792 2518.83009
347.02 689101.063 116727.831 2389.10923 -804.308474 -1.00463287 -9.40687813 153422.012 2520.86395
348.02 691489.669 115918.819 2388.10269 -813.715969 -1.00837182 -9.40809184 152871.706 2522.92849
349.02 693877.267 115100.399 2387.09241 -823.12469 -1.01211515 -9.40932914 152312.871 2525.02365
350.02 696263.853 114272.569 2386.07839 -832.534661 -1.0158629 -9.41059006 151745.507 2527.14939
351.02 698649.422 113435.329 2385.06061 -841.945904 -1.01961511 -9.41187461 151169.611 2529.30564
352.02 701033.973 112588.677 2384.03908 -851.358444 -1.02337183 -9.41318281 150585.183 2531.49235
353.02 703417.499 111732.612 2383.01379 -860.772304 -1.02713308 -9.41451468 149992.221 2533.70947
354.02 705799.999 110867.132 2381.98474 -870.187508 -1.03089892 -9.41587023 149390.723 2535.95694
355.02 708181.467 109992.236 2380.95191 -879.604079 -1.03466937 -9.41724949 148780.688 2538.23469
356.02 710561.901 109107.923 2379.91532 -889.022043 -1.0384445 -9.41865248 148162.115 2540.54268
357.02 712941.297 108214.192 2378.87495 -898.441421 -1.04222433 -9.42007921 147535.001 2542.88085
358.02 715319.65 107311.04 2377.83079 -907.862238 -1.0460089 -9.42152972 146899.346 2545.24913
359.02 717696.957 106398.467 2376.78285 -917.284517 -1.04979827 -9.42300401 146255.148 2547.64747
360.02 720073.214 105476.47 2375.73112 -926.708283 -1.05359246 -9.42450211 145602.405 2550.0758
361.02 722448.418 104545.049 2374.67559 -936.13356 -1.05739152 -9.42602404 144941.115 2552.53408
362.02 724822.564 103604.203 2373.61626 -945.56037 -1.0611955 -9.42756982 144271.277 2555.02222
363.02 727195.649 102653.928 2372.55312 -954.988738 -1.06500442 -9.42913948 143592.89 2557.54019
364.02 729567.669 101694.225 2371.48617 -964.418689 -1.06881835 -9.43073304 142905.951 2560.0879
365.02 731938.62 100725.09 2370.41541 -973.850245 -1.07263731 -9.43235052 142210.459 2562.66531
366.02 734308.499 99746.5236 2369.34082 -983.28343 -1.07646135 -9.43399194 141506.411 2565.27235
367.02 736677.301 98758.5229 2368.26241 -992.718269 -1.08029051 -9.43565733 140793.808 2567.90895
368.02 739045.022 97761.0865 2367.18016 -1002.15479 -1.08412484 -9.43734671 140072.645 2570.57506
369.02 741411.66 96754.2128 2366.09408 -1011.593 -1.08796437 -9.4390601 139342.923 2573.2706
370.02 743777.209 95737.8999 2365.00415 -1021.03295 -1.09180915 -9.44079754 138604.638 2575.99552
371.02 746141.667 94712.1463 2363.91038 -1030.47464 -1.09565922 -9.44255904 137857.789 2578.74975
372.02 748505.029 93676.9501 2362.81276 -1039.91811 -1.09951463 -9.44434463 137102.375 2581.53323
373.02 750867.291 92632.3095 2361.71127 -1049.36338 -1.10337541 -9.44615434 136338.393 2584.34588
374.02 753228.45 91578.2227 2360.60593 -1058.81046 -1.10724162 -9.44798818 135565.841 2587.18765
375.02 755588.502 90514.6879 2359.49671 -1068.2594 -1.11111328 -9.4498462 134784.718 2590.05847
376.02 757947.442 89441.7033 2358.38362 -1077.7102 -1.11499046 -9.45172841 133995.021 2592.95827
377.02 760305.268 88359.2669 2357.26665 -1087.1629 -1.11887318 -9.45363485 133196.749 2595.88698
378.02 762661.974 87267.3768 2356.14579 -1096.61752 -1.12276149 -9.45556553 132389.899 2598.84455
379.02 765017.558 86166.0312 2355.02105 -1106.07408 -1.12665545 -9.45752049 131574.47 2601.83089
380.02 767372.015 85055.228 2353.8924 -1115.53261 -1.13055508 -9.45949976 130750.459 2604.84595
381.02 769725.341 83934.9653 2352.75986 -1124.99313 -1.13446044 -9.46150336 129917.865 2607.88966
382.02 772077.533 82805.2411 2351.6234 -1134.45566 -1.13837156 -9.46353132 129076.685 2610.96194
383.02 774428.587 81666.0533 2350.48303 -1143.92024 -1.1422885 -9.46558367 128226.917 2614.06274
384.02 776778.498 80517.3999 2349.33875 -1153.38688 -1.14621129 -9.46766045 127368.559 2617.19197
385.02 779127.263 79359.2789 2348.19053 -1162.85561 -1.15013999 -9.46976167 126501.609 2620.34958
386.02 781474.878 78191.688 2347.03839 -1172.32645 -1.15407463 -9.47188738 125626.065 2623.53549
387.02 783821.339 77014.6253 2345.8823 -1181.79943 -1.15801526 -9.47403759 124741.925 2626.74964
388.02 786166.641 75828.0884 2344.72227 -1191.27458 -1.16196193 -9.47621235 123849.185 2629.99195
389.02 788510.782 74632.0754 2343.5583 -1200.75191 -1.16591468 -9.47841169 122947.845 2633.26236
390.02 790853.756 73426.5839 2342.39036 -1210.23145 -1.16987356 -9.48063563 122037.901 2636.56079
391.02 793195.561 72211.6117 2341.21847 -1219.71323 -1.1738386 -9.48288421 121119.352 2639.88717
392.02 795536.192 70987.1566 2340.0426 -1229.19728 -1.17780986 -9.48515745 120192.195 2643.24144
393.02 797875.645 69753.2164 2338.86277 -1238.6836 -1.18178739 -9.4874554 119256.428 2646.62353
394.02 800213.916 68509.7887 2337.67895 -1248.17224 -1.18577122 -9.48977809 118312.049 2650.03336
395.02 802551.002 67256.8711 2336.49114 -1257.66321 -1.18976141 -9.49212555 117359.054 2653.47086
396.02 804886.897 65994.4615 2335.29934 -1267.15655 -1.19375799 -9.49449781 116397.442 2656.93597
397.02 807221.599 64722.5572 2334.10354 -1276.65227 -1.19776102 -9.4968949 115427.211 2660.42861
398.02 809555.103 63441.1561 2332.90374 -1286.15039 -1.20177054 -9.49931687 114448.357 2663.9487
399.02 811887.405 62150.2556 2331.69992 -1295.65096 -1.20578661 -9.50176375 113460.879 2667.49619
400.02 814218.502 60849.8534 2330.49208 -1305.15398 -1.20980925 -9.50423557 112464.773 2671.07099
401.02 816548.388 59539.9469 2329.28022 -1314.65949 -1.21383853 -9.50673236 111460.038 2674.67305
402.02 818877.061 58220.5336 2328.06432 -1324.1675 -1.21787449 -9.50925417 110446.671 2678.30227
403.02 821204.515 56891.611 2326.84439 -1333.67805 -1.22191717 -9.51180104 109424.669 2681.9586
404.02 823530.748 55553.1766 2325.62041 -1343.19116 -1.22596663 -9.51437299 108394.029 2685.64197
405.02 825855.755 54205.2278 2324.39237 -1352.70686 -1.23002291 -9.51697007 107354.749 2689.35229
406.02 828179.531 52847.762 2323.16028 -1362.22517 -1.23408606 -9.51959231 106306.827 2693.0895
407.02 830502.074 51480.7766 2321.92412 -1371.74611 -1.23815611 -9.52223975 105250.26 2696.85353
408.02 832823.378 50104.2689 2320.68388 -1381.26971 -1.24223314 -9.52491243 104185.045 2700.64431
409.02 835143.44 48718.2363 2319.43956 -1390.79599 -1.24631717 -9.52761039 103111.179 2704.46176
410.02 837462.256 47322.676 2318.19116 -1400.32499 -1.25040826 -9.53033367 102028.659 2708.30581
411.02 839779.821 45917.5854 2316.93866 -1409.85672 -1.25450646 -9.53308232 100937.484 2712.17639
412.02 842096.132 44502.9617 2315.68206 -1419.39122 -1.25861181 -9.53585636 99837.6492 2716.07343
413.02 844411.184 43078.802 2314.42136 -1428.9285 -1.26272436 -9.53865584 98729.153 2719.99685
414.02 846724.973 41645.1037 2313.15653 -1438.46859 -1.26684416 -9.54148081 97611.9924 2723.94659
415.02 849037.496 40201.8639 2311.88758 -1448.01153 -1.27097125 -9.5443313 96486.1644 2727.92258
416.02 851348.747 38749.0797 2310.6145 -1457.55732 -1.27510569 -9.54720736 95351.6661 2731.92473
417.02 853658.723 37286.7483 2309.33729 -1467.10601 -1.27924752 -9.55010904 94208.4948 2735.95299
418.02 855967.42 35814.8667 2308.05592 -1476.65761 -1.28339677 -9.55303637 93056.6474 2740.00727
419.02 858274.834 34333.4321 2306.77041 -1486.21215 -1.28755352 -9.55598941 91896.121 2744.08751
420.02 860580.96 32842.4415 2305.48073 -1495.76965 -1.29171778 -9.5589682 90726.9127 2748.19364
421.02 862885.794 31341.8918 2304.18689 -1505.33015 -1.29588963 -9.56197278 89549.0195 2752.32558
422.02 865189.332 29831.7801 2302.88886 -1514.89367 -1.30006909 -9.56500321 88362.4383 2756.48326
423.02 867491.57 28312.1034 2301.58666 -1524.46023 -1.3042562 -9.56805954 87167.1662 2760.66661
424.02 869792.504 26782.8587 2300.28027 -1534.02986 -1.30845104 -9.5711418 85963.2001 2764.87557
425.02 872092.129 25244.0427 2298.96967 -1543.60258 -1.31265358 -9.57425009 84750.5369 2769.11005
426.02 874390.442 23695.6525 2297.65487 -1553.17843 -1.31686392 -9.57738442 83529.1735 2773.37
427.02 876687.438 22137.6848 2296.33586 -1562.75742 -1.32108209 -9.58054486 82299.1068 2777.65533
428.02 878983.112 20570.1366 2295.01262 -1572.33959 -1.32530808 -9.5837315 81060.3336 2781.96598
429.02 881277.462 18993.0045 2293.68515 -1581.92496 -1.32954199 -9.58694433 79812.8507 2786.30188
430.02 883570.481 17406.2856 2292.35345 -1591.51355 -1.33378376 -9.59018352 78556.655 2790.66296
431.02 885862.167 15809.9764 2291.0175 -1601.1054 -1.33803345 -9.59344908 77291.7432 2795.04914
432.02 888152.515 14204.0737 2289.6773 -1610.70053 -1.34229116 -9.59674104 76018.1121 2799.46036
433.02 890441.52 12588.5742 2288.33283 -1620.29896 -1.34655663 -9.60005967 74735.7583 2803.89655
434.02 892729.179 10963.4746 2286.98409 -1629.90072 -1.35083009 -9.60340491 73444.6787 2808.35763
435.02 895015.487 9328.77164 2285.63108 -1639.50584 -1.35511149 -9.60677686 72144.8699 2812.84355
436.02 897300.44 7684.46182 2284.27378 -1649.11435 -1.35940052 -9.61017588 70836.3284 2817.35423
437.02 899584.033 6030.5418 2282.91219 -1658.72627 -1.36369747 -9.61360183 69519.0511 2821.8896
438.02 901866.263 4367.00813 2281.5463 -1668.34163 -1.36800218 -9.61705492 68193.0344 2826.4496
439.02 904147.124 2693.85738 2280.1761 -1677.96046 -1.3723142 -9.6205356 66858.2749 2831.03415
440.02 906426.613 1011.08605 2278.80158 -1687.58278 -1.37663391 -9.62404369 65514.7693 2835.64319
441.02 908704.726 -681.309361 2277.42274 -1697.20863 -1.38096104 -9.6275795 64162.514 2840.27665
442.02 910981.458 -2383.33239 2276.03957 -1706.83802 -1.38529474 -9.63114377 62801.5055 2844.93447
443.02 913256.804 -4094.9866 2274.65206 -1716.471 -1.38963557 -9.63473622 61431.7403 2849.61659
444.02 915530.76 -5816.27558 2273.26021 -1726.10758 -1.3939833 -9.63835712 60053.2148 2854.32292
445.02 917803.323 -7547.20296 2271.86401 -1735.74779 -1.39833612 -9.642008 58665.9255 2859.05342
446.02 920074.487 -9287.77239 2270.46345 -1745.39168 -1.40269502 -9.64568823 57269.8689 2863.80802
447.02 922344.248 -11037.9875 2269.05853 -1755.03925 -1.40705981 -9.64939811 55865.0411 2868.58665
448.02 924612.602 -12797.8521 2267.64924 -1764.69056 -1.41142779 -9.65313988 54451.4387 2873.38926
449.02 926879.545 -14567.3699 2266.23558 -1774.34562 -1.41579934 -9.65691342 53029.0578 2878.21578
450.02 929145.072 -16346.5446 2264.81755 -1784.00447 -1.42017436 -9.660719 51597.8948 2883.06616
451.02 931409.179 -18135.3801 2263.39515 -1793.66714 -1.42455063 -9.66455856 50157.946 2887.94034
452.02 933671.861 -19933.8802 2261.96837 -1803.33368 -1.42892335 -9.66843614 48709.2076 2892.83827
453.02 935933.114 -21742.0488 2260.53721 -1813.00411 -1.43329319 -9.6723515 47251.6757 2897.75989
454.02 938192.934 -23559.8897 2259.10169 -1822.67847 -1.43765802 -9.67630663 45785.3466 2902.70516
455.02 940451.316 -25387.407 2257.66182 -1832.35682 -1.44200704 -9.68031063 44310.2162 2907.67405
456.02 942708.256 -27224.6047 2256.2176 -1842.03919 -1.44633237 -9.68437038 42826.2809 2912.66652
457.02 944963.75 -29071.4868 2254.76907 -1851.72566 -1.45063098 -9.68848897 41333.5364 2917.68255
458.02 947217.793 -30928.0574 2253.31626 -1861.41627 -1.45489522 -9.69267337 39831.979 2922.72214
459.02 949470.381 -32794.3208 2251.85923 -1871.11113 -1.4590898 -9.69695365 38321.6043 2927.78531
460.02 951721.51 -34670.2811 2250.39803 -1880.81031 -1.46319463 -9.70134786 36802.4084 2932.8721
461.02 953971.176 -36555.9429 2248.93278 -1890.51394 -1.46719319 -9.70587147 35274.387 2937.98257
462.02 956219.374 -38451.3105 2247.4636 -1900.22218 -1.47105594 -9.71055127 33737.5356 2943.11688
463.02 958466.102 -40356.3888 2245.99068 -1909.93523 -1.47469733 -9.71546228 32191.8498 2948.27522
464.02 960711.354 -42271.1827 2244.51427 -1919.65334 -1.47801463 -9.72069587 30637.3249 2953.45785
465.02 962955.129 -44195.6973 2243.03469 -1929.37683 -1.4809737 -9.72628648 29073.956 2958.66516
466.02 965197.423 -46129.9383 2241.55235 -1939.10612 -1.48348069 -9.73232087 27501.7378 2963.89769
467.02 967438.233 -48073.9117 2240.06786 -1948.84178 -1.48542409 -9.73890303 25920.6648 2969.15616
468.02 969677.558 -50027.6242 2238.58195 -1958.5845 -1.48637491 -9.74641697 24330.7307 2974.44153
469.02 971915.397 -51991.0833 2237.09553 -1968.33517 -1.48622575 -9.75497225 22731.9287 2979.75499
470.02 974151.749 -53964.2975 2235.60982 -1978.09493 -1.48478068 -9.76475895 21124.2514 2985.09812
471.02 976386.617 -55947.2767 2234.12633 -1987.86521 -1.4817623 -9.77604364 19507.6899 2990.47296
472.02 978620.003 -57940.0321 2232.64698 -1997.64784 -1.47682988 -9.78915511 17882.2343 2995.88208
473.02 980851.913 -59942.5773 2231.17426 -2007.44517 -1.46875271 -9.80522977 16247.873 3001.32883
474.02 983082.355 -61954.9283 2229.71147 -2017.26033 -1.45638735 -9.8253498 14604.592 3006.81767
475.02 985311.341 -63977.1052 2228.26326 -2027.09773 -1.43871845 -9.85050396 12952.3745 3012.35495
476.02 987538.888 -66009.1331 2226.83569 -2036.96313 -1.41496132 -9.88149065 11291.1992 3017.94896
477.02 989765.022 -68051.0431 2225.43545 -2046.86296 -1.38490519 -9.91859662 9621.03999 3023.60893
478.02 991989.771 -70102.8726 2224.06872 -2056.80327 -1.34908373 -9.96142484 7941.8656 3029.34339
479.02 994213.172 -72164.665 2222.74104 -2066.78964 -1.30706608 -10.0104647 6253.64002 3035.16015
480.02 996435.267 -74236.469 2221.45789 -2076.82765 -1.25925395 -10.0654365 4556.32266 3041.06696
481.02 998656.105 -76318.3396 2220.22601 -2086.92418 -1.20328864 -10.1286473 2849.86794 3047.07336
482.02 1000875.74 -78410.3401 2219.05571 -2097.08954 -1.13370807 -10.2053848 1134.22343 3053.19387
482.67 1002340.07 -79796.6463 2218.32541 -2103.84466 -1.08085859 -10.2630391 -3.16650942 3057.30764
