0 0 4 0 0 0 0 6335441 0
0.01 0.000337392241 4.00039274 0.0674792733 0.062008783 6.7476798 14.470446 4.00039274 0.0916435567
1.01 3.4501859 6.35385813 6.8405297 4.66275001 6.79754457 4.65328056 6.35385907 8.27853152
2.01 13.6981424 13.3618157 13.6638176 9.37126127 6.84814292 4.76184159 13.3618305 16.5686587
3.02 31.0005401 25.2749812 20.6070878 14.2379063 6.90000889 4.8731576 25.275057 25.0473561
4.02 55.0665473 41.9686043 27.5336153 19.1679935 6.95213279 4.98506197 41.9688436 33.5486504
5.02 86.085278 63.6485605 34.5126656 24.2108593 7.0050421 5.09868705 63.6491454 42.157915
6.02 124.109651 90.4284956 41.5450337 29.3682446 7.05875511 5.21407251 90.4297112 50.8771424
7.02 169.193389 122.423816 48.6315326 34.6419306 7.11329067 5.33125922 122.426075 59.7083689
8.02 221.391037 159.751731 55.7729949 40.0337399 7.1686682 5.45028935 159.755599 68.6536764
9.02 280.757983 202.531292 62.9702726 45.5455379 7.22490773 5.57120634 202.537512 77.7151932
10.02 347.350478 250.883439 70.2242383 51.1792343 7.28202994 5.69405505 250.89296 86.8950957
11.02 421.225654 304.931044 77.5357854 56.9367842 7.34005613 5.8188817 304.945047 96.1956101
12.02 502.441547 364.798959 84.905829 62.8201899 7.39900831 5.94573405 364.818881 105.619014
13.02 591.057123 430.614059 92.3353068 68.831502 7.45890918 6.07466134 430.641628 115.167637
14.02 687.132292 502.505298 99.8251793 74.9728212 7.51978218 6.20571444 502.542558 124.843864
15.02 790.727941 580.603754 107.376431 81.2463 7.58165151 6.33894588 580.653095 134.650136
16.02 901.90595 665.042686 114.99007 87.6541443 7.64454217 6.4744099 665.106876 144.588953
17.02 1020.72922 755.957584 122.667133 94.1986151 7.70848 6.61216257 756.039801 154.662874
18.01 1145.95801 852.477747 130.33094 100.814501 7.77283615 6.75084901 852.581374 164.771713
19.01 1280.18667 956.692029 138.137395 107.637812 7.8389381 6.89333035 956.821351 175.122353
20.01 1422.25503 1067.80128 146.010526 114.604859 7.90616971 7.03827945 1067.9609 185.616129
21.01 1572.23033 1185.95049 153.951477 121.71814 7.97456047 7.18576034 1186.14554 196.255861
22.01 1730.18098 1311.28716 161.961423 128.980221 8.04414089 7.33583926 1311.52337 207.04444
23.01 1896.17657 1443.96141 170.04157 136.393735 8.11494251 7.48858476 1444.2451 217.984831
24.01 2070.28793 1584.12601 178.193155 143.961386 8.186998 7.64406781 1584.46419 229.080076
25.01 2252.58712 1731.93648 186.417449 151.685946 8.26034117 7.80236191 1732.33683 240.333293
26.01 2443.1475 1887.55116 194.715758 159.570267 8.33500705 7.96354314 1888.02209 251.747684
27.01 2642.04375 2051.13124 203.089424 167.617275 8.411033 8.12769129 2051.68197 263.326536
28.01 2849.35193 2222.84094 211.539826 175.82998 8.48845861 8.29488978 2223.48146 275.073226
29.01 3065.14946 2402.84747 220.068383 184.211474 8.56732075 8.46522164 2403.58866 286.99122
30.01 3289.51523 2591.32121 228.676552 192.764936 8.64765995 8.63877488 2592.17486 299.084078
31.01 3522.5296 2788.43575 237.365831 201.493633 8.72951826 8.81564082 2789.41459 311.355459
32.01 3764.27444 2994.368 246.137762 210.400925 8.8129393 8.99591425 2995.48577 323.809122
33.01 4014.8332 3209.29828 254.99393 219.490271 8.89796838 9.17969356 3210.56976 336.448931
34.01 4274.29092 3433.41041 263.935968 228.765227 8.98465252 9.36708094 3434.85149 349.278863
35.01 4542.73432 3666.89183 272.965554 238.229456 9.07304057 9.55818258 3668.51954 362.303005
36.01 4820.25179 3909.93367 282.084419 247.886728 9.16318329 9.75310882 3911.76626 375.525564
37.01 5106.93351 4162.73092 291.294346 257.740926 9.2551377 9.95197814 4164.7879 388.950872
38.01 5402.87145 4425.4825 300.597174 267.796056 9.34895791 10.1549093 4427.78468 402.583394
39.01 5708.15945 4698.39139 309.994798 278.05624 9.44469897 10.3620247 4700.96097 416.427722
40.01 6022.89329 4981.66475 319.489167 288.525729 9.54242045 10.5734538 4984.52538 430.488588
41.01 6347.17071 5275.51407 329.082294 299.208904 9.64218437 10.7893313 5278.69089 444.770868
42.01 6681.09149 5580.15529 338.776255 310.110285 9.74405533 11.0097978 5583.67499 459.279588
43.01 7024.75754 5895.80893 348.573189 321.234535 9.84810065 11.2349994 5899.69985 474.019931
44.02 7381.85818 6226.02669 358.57487 332.701155 9.95547133 11.4674209 6230.32303 489.148235
45.02 7745.42934 6564.50171 368.585552 344.288099 10.0641131 11.7026186 6569.23142 504.370503
46.02 8119.0659 6914.68217 378.706092 356.112887 10.1751515 11.9430331 6919.87892 519.841026
47.02 8502.87895 7276.80854 388.938926 368.180825 10.2886665 12.188838 7282.5079 535.56569
48.02 8896.98203 7651.12669 399.286574 380.497393 10.4047416 12.4402148 7657.36626 551.550573
49.02 9301.49124 8037.88809 409.75164 393.06826 10.5234655 12.6973547 8044.70751 567.801959
50.02 9716.52535 8437.34994 420.336827 405.899298 10.6449424 12.9604686 8444.79104 584.326354
51.02 10142.2059 8849.77543 431.044929 418.996579 10.7692558 13.2297528 8857.88227 601.130488
52.02 10578.6571 9275.43393 441.878833 432.366383 10.8965059 13.5054248 9284.25292 618.221314
53.02 11026.0065 9714.6012 452.84153 446.015214 11.0267974 13.7877126 9724.18117 635.606028
54.02 11484.3842 10167.5596 463.936118 459.94981 11.1602504 14.0768648 10177.9519 653.292086
55.02 11953.9237 10634.5984 475.165828 474.177173 11.2969894 14.3731416 10645.857 671.287238
56.02 12434.762 11116.014 486.533996 488.704551 11.4371202 14.6767909 11128.1956 689.599498
57.02 12927.039 11612.11 498.04408 503.539455 11.5807701 14.9880889 11625.2743 708.237169
58.02 13430.8986 12123.198 509.699665 518.689682 11.7280841 15.3073377 12137.4073 727.208866
59.02 13946.4881 12649.5972 521.504511 534.163361 11.8792294 15.6348697 12664.9171 746.523577
60.02 14473.9587 13191.6353 533.462503 549.968917 12.0343232 15.9709752 13208.1346 766.19061
61.02 15013.4655 13749.6486 545.577669 566.115094 12.1935214 16.3159926 13767.3992 786.219621
62.02 15565.1678 14323.9821 557.854206 582.610996 12.3570226 16.6703141 14343.0595 806.620659
63.02 16129.2292 14914.9903 570.296518 599.466129 12.5249976 17.0343136 14935.4735 827.404229
64.02 16705.8176 15523.0374 582.909152 616.690355 12.6976075 17.4083654 15545.0091 848.581212
65.02 17295.1058 16148.4975 595.696845 634.293939 12.8750607 17.7929045 16172.0443 870.162935
66.02 17897.2713 16791.7553 608.664569 652.287622 13.0575936 18.1884086 16816.9678 892.161252
67.02 18512.4967 17453.2065 621.817489 670.68258 13.245386 18.5953077 17480.1794 914.588494
68.02 19140.9698 18133.2581 635.160983 689.490461 13.4386788 19.0141107 18162.0903 937.457503
69.02 19782.8841 18832.3291 648.700698 708.72346 13.6377461 19.4453779 18863.1242 960.781733
70.02 20438.4386 19550.8509 662.442517 728.394301 13.8428129 19.8896316 19583.7171 984.575211
71.02 21107.8385 20289.268 676.392584 748.516276 14.0541728 20.347486 20324.3183 1008.85259
72.02 21791.2953 21048.0385 690.557354 769.103321 14.2721294 20.8195843 21085.3908 1033.62923
73.01 22481.9783 21819.7339 704.798584 789.956909 14.4946863 21.3016252 21859.4867 1058.66565
74.01 23194.0638 22620.4272 719.410981 811.51346 14.7267038 21.804095 22662.7328 1084.48433
75.01 23920.8789 23442.9311 734.259233 833.580768 14.9662992 22.3229357 23487.9238 1110.85261
76.01 24662.6634 24287.7646 749.351103 856.175609 15.2138567 22.8589669 24335.5846 1137.78897
77.01 25419.665 25155.464 764.694774 879.315628 15.4697916 23.41307 25206.2578 1165.31286
78.01 26192.1398 26046.5837 780.298821 903.019345 15.7345136 23.9861475 26100.504 1193.44467
79.01 26980.3525 26961.6971 796.172285 927.306257 16.0085147 24.5792267 27018.9032 1222.20588
80.01 27784.5773 27901.3975 812.324676 952.196881 16.2922569 25.1933326 27962.0558 1251.61906
81.01 28605.0981 28866.2993 828.766016 977.712834 16.5863015 25.829641 28930.5834 1281.70804
82.01 29442.2092 29857.0392 845.506883 1003.87692 16.8911897 26.4893421 29925.1302 1312.49791
83.01 30296.2155 30874.2772 862.558438 1030.71321 17.2075573 27.1737793 30946.3641 1344.01517
84.01 31167.4335 31918.6981 879.932485 1058.24714 17.5360411 27.8843417 31994.9781 1376.28783
85.01 32056.1921 32991.013 897.641505 1086.50561 17.8773724 28.6225805 33071.6917 1409.34549
86.01 32962.8326 34091.9603 915.698723 1115.51712 18.2322984 29.3901193 34177.2524 1443.21953
87.01 33887.7103 35222.3083 934.11816 1145.31188 18.6016625 30.1887558 35312.4378 1477.94318
88.01 34831.1946 36382.8559 952.914697 1175.92194 18.9863514 31.0204051 36478.0565 1513.55173
89.01 35793.6706 37574.4353 972.104154 1207.38138 19.3873426 31.8871626 37674.9511 1550.08267
90.01 36775.5395 38797.9138 991.703363 1239.72644 19.8056931 32.791299 38903.9994 1587.57589
91.01 37777.2199 40054.1962 1011.73026 1272.99574 20.2425495 33.7352804 40166.1174 1626.07388
92.01 38799.1489 41344.2271 1032.20399 1307.23049 20.6991712 34.721807 41462.2615 1665.62199
93.01 39841.7836 42668.9936 1053.14499 1342.4747 21.1769244 35.7538163 42793.4312 1706.26865
94.01 40905.602 44029.5286 1074.57516 1378.77548 21.6773087 36.8345288 44160.6721 1748.06568
95.01 41991.1048 45426.9136 1096.51795 1416.18331 22.2019714 37.9674797 45565.0793 1791.06862
96.01 43098.8171 46862.2823 1118.99855 1454.75237 22.7527187 39.1565489 47007.8009 1835.33709
97.01 44229.2902 48336.8248 1142.04405 1494.54093 23.3315428 40.4060138 48490.0419 1880.93519
98.01 45383.1032 49851.7915 1165.68361 1535.61175 23.9406443 41.7205986 50013.0685 1927.93198
99.01 46560.8659 51408.4982 1189.94875 1578.03257 24.5824604 43.1055348 51578.2131 1976.40199
100.01 47763.2206 53008.331 1214.87353 1621.87666 25.2596949 44.5666273 53186.8794 2026.42582
101.01 48990.8451 54652.7523 1240.49488 1667.22341 25.9753593 46.1103401 54840.5484 2078.09082
102.01 50244.4558 56343.3074 1266.85291 1714.15906 26.7328162 47.7438909 56540.7849 2131.49187
103.01 51524.811 58081.6313 1293.9913 1762.77749 27.5358322 49.4753635 58289.2449 2186.73225
104.01 52832.7144 59869.4573 1321.95773 1813.18115 28.3886402 51.3138425 60087.6836 2243.92472
105.01 54169.0198 61708.6259 1350.80437 1865.48219 29.2960141 53.2695729 61937.9649 2303.19262
106.01 55534.6356 63601.095 1380.58849 1919.80365 30.2633576 55.3541512 63842.0717 2364.67136
107.01 56930.5302 65548.9517 1411.37313 1976.28094 31.2968123 57.5807562 65802.1175 2428.50993
108.01 58357.7384 67554.4252 1443.22789 2035.06361 32.4033874 59.9644287 67820.3599 2494.87287
109.01 59817.3683 69619.9024 1476.22989 2096.31731 33.5911194 62.5224121 69899.216 2563.94246
110.01 61310.6068 71747.9397 1510.05696 2159.35138 -0.0928051378 -9.70183319 72041.2748 2634.97066
111.01 62820.617 73902.4413 1509.96303 2149.65291 -0.0949976865 -9.69524971 74210.2994 2626.97468
112.01 64330.5321 76047.2477 1509.86692 2139.961 -0.0971853111 -9.68869964 76369.9743 2618.99431
113.01 65840.3501 78182.3654 1509.76862 2130.27563 -0.0993682442 -9.68218318 78520.3055 2611.02959
114.01 67350.0686 80307.8011 1509.66814 2120.59675 -0.101546662 -9.67570041 80661.2992 2603.08058
115.01 68859.6856 82423.5611 1509.56548 2110.92434 -0.103720691 -9.66925137 82792.9614 2595.14731
116.01 70369.1989 84529.6519 1509.46066 2101.25837 -0.105890436 -9.66283604 84915.2984 2587.22983
117.01 71878.6062 86626.08 1509.35366 2091.59879 -0.108055977 -9.6564544 87028.3161 2579.3282
118.01 73387.9055 88712.8516 1509.2445 2081.94557 -0.110217383 -9.65010638 89132.0206 2571.44246
119.01 74897.0945 90789.9732 1509.13319 2072.29869 -0.112374715 -9.64379192 91226.4178 2563.57267
120.01 76406.1711 92857.4511 1509.01971 2062.65811 -0.114528028 -9.63751093 93311.5137 2555.71887
121.01 77915.1332 94915.2915 1508.90409 2053.02378 -0.116677372 -9.63126335 95387.3143 2547.88112
122.01 79423.9786 96963.5007 1508.78632 2043.39569 -0.11882279 -9.62504908 97453.8253 2540.05947
123.01 80932.7051 99002.085 1508.6664 2033.7738 -0.120964325 -9.61886804 99511.0527 2532.25397
124.01 82441.3107 101031.05 1508.54435 2024.15807 -0.123102017 -9.61272012 101559.002 2524.46468
125.01 83949.7931 103050.403 1508.42015 2014.54847 -0.125235902 -9.60660523 103597.68 2516.69166
126.01 85458.1503 105060.149 1508.29383 2004.94497 -0.127366016 -9.60052328 105627.091 2508.93496
127.01 86966.3801 107060.295 1508.16538 1995.34753 -0.129492394 -9.59447417 107647.242 2501.19463
128.01 88474.4803 109050.846 1508.03481 1985.75613 -0.13161507 -9.58845779 109658.138 2493.47075
129.01 89982.449 111031.809 1507.90211 1976.17073 -0.133734076 -9.58247407 111659.785 2485.76337
130.01 91490.2839 113003.19 1507.7673 1966.59129 -0.135849444 -9.57652288 113652.188 2478.07254
131.01 92997.9829 114964.994 1507.63037 1957.01779 -0.137961207 -9.57060414 115635.353 2470.39834
132.01 94505.5439 116917.227 1507.49133 1947.45019 -0.140069396 -9.56471776 117609.286 2462.74082
133.01 96012.9648 118859.896 1507.35019 1937.88846 -0.142174042 -9.55886362 119573.993 2455.10006
134.01 97520.2436 120793.006 1507.20694 1928.33257 -0.144275177 -9.55304165 121529.478 2447.4761
135.01 99027.378 122716.563 1507.0616 1918.78248 -0.14637283 -9.54725173 123475.747 2439.86903
136.01 100534.366 124630.573 1506.91416 1909.23817 -0.148467033 -9.54149378 125412.805 2432.2789
137.01 102041.206 126535.042 1506.76462 1899.6996 -0.150557816 -9.53576771 127340.659 2424.7058
138.01 103547.895 128429.974 1506.613 1890.16674 -0.15264521 -9.53007341 129259.314 2417.14977
139.01 105054.431 130315.377 1506.45929 1880.63955 -0.154729244 -9.5244108 131168.774 2409.61091
140.01 106560.813 132191.255 1506.3035 1871.11802 -0.156809948 -9.51877978 133069.045 2402.08927
141.01 108067.037 134057.615 1506.14563 1861.6021 -0.158887353 -9.51318027 134960.133 2394.58494
142.01 109573.103 135914.461 1505.98569 1852.09176 -0.160961488 -9.50761216 136842.042 2387.09798
143.01 111079.008 137761.8 1505.82367 1842.58697 -0.163032382 -9.50207538 138714.779 2379.62848
144.01 112584.75 139599.637 1505.65958 1833.08771 -0.165100065 -9.49656982 140578.347 2372.1765
145.01 114090.326 141427.977 1505.49343 1823.59393 -0.167164567 -9.49109541 142432.753 2364.74212
146.01 115595.736 143246.827 1505.32521 1814.10562 -0.169225916 -9.48565205 144278.002 2357.32543
147.01 117100.976 145056.191 1505.15494 1804.62273 -0.171284142 -9.48023966 146114.098 2349.9265
148.01 118606.045 146856.074 1504.98261 1795.14523 -0.173339273 -9.47485814 147941.046 2342.54542
149.01 120110.941 148646.483 1504.80822 1785.67311 -0.175391338 -9.46950742 149758.853 2335.18227
150.01 121615.661 150427.422 1504.63178 1776.20632 -0.177440365 -9.4641874 151567.522 2327.83712
151.01 123120.204 152198.897 1504.4533 1766.74483 -0.179486385 -9.458898 153367.059 2320.51008
152.01 124624.567 153960.913 1504.27277 1757.28862 -0.181529423 -9.45363914 155157.469 2313.20121
153.01 126128.748 155713.476 1504.0902 1747.83765 -0.18356951 -9.44841073 156938.757 2305.91061
154.01 127632.746 157456.59 1503.90559 1738.39189 -0.185606673 -9.44321268 158710.927 2298.63838
155.01 129136.559 159190.262 1503.71895 1728.95131 -0.18764094 -9.43804492 160473.985 2291.38458
156.01 130640.184 160914.495 1503.53027 1719.51589 -0.189672339 -9.43290736 162227.935 2284.14933
157.01 132143.619 162629.295 1503.33956 1710.08559 -0.191700898 -9.42779993 163972.782 2276.93271
158.01 133646.862 164334.668 1503.14683 1700.66038 -0.193726644 -9.42272253 165708.531 2269.73481
159.01 135149.912 166030.618 1502.95207 1691.24024 -0.195749606 -9.41767509 167435.187 2262.55574
160.02 136667.793 167733.968 1502.75331 1681.731 -0.197789998 -9.4126075 169169.884 2255.32407
161.02 138170.447 169410.993 1502.55449 1672.32094 -0.199807444 -9.40762004 170878.277 2248.18311
162.02 139672.901 171078.611 1502.35366 1662.91585 -0.201822188 -9.40266229 172577.591 2241.06127
163.02 141175.154 172736.827 1502.15081 1653.5157 -0.203834256 -9.39773419 174267.831 2233.95864
164.02 142677.202 174385.644 1501.94595 1644.12047 -0.205843676 -9.39283565 175949 2226.87533
165.02 144179.045 176025.069 1501.73908 1634.73012 -0.207850473 -9.3879666 177621.105 2219.81144
166.02 145680.68 177655.106 1501.53021 1625.34462 -0.209854676 -9.38312695 179284.149 2212.76707
167.02 147182.105 179275.76 1501.31933 1615.96395 -0.21185631 -9.37831664 180938.136 2205.74233
168.02 148683.318 180887.036 1501.10646 1606.58807 -0.213855403 -9.37353559 182583.073 2198.73733
169.02 150184.317 182488.938 1500.89158 1597.21696 -0.21585198 -9.36878373 184218.962 2191.75217
170.02 151685.1 184081.471 1500.67471 1587.85059 -0.217846068 -9.36406097 185845.808 2184.78697
171.02 153185.666 185664.64 1500.45585 1578.48893 -0.219837693 -9.35936725 187463.617 2177.84183
172.02 154686.011 187238.451 1500.235 1569.13194 -0.221826881 -9.35470249 189072.391 2170.91688
173.02 156186.135 188802.906 1500.01216 1559.77961 -0.223813659 -9.35006662 190672.136 2164.01222
174.02 157686.035 190358.011 1499.78733 1550.43189 -0.225798052 -9.34545956 192262.856 2157.12797
175.02 159185.709 191903.771 1499.56052 1541.08877 -0.227780086 -9.34088126 193844.556 2150.26425
176.02 160685.156 193440.19 1499.33173 1531.75021 -0.229759787 -9.33633163 195417.239 2143.42118
177.02 162184.372 194967.273 1499.10097 1522.41619 -0.231737181 -9.3318106 196980.909 2136.59887
178.02 163683.357 196485.024 1498.86822 1513.08667 -0.233712292 -9.3273181 198535.572 2129.79746
179.02 165182.108 197993.448 1498.6335 1503.76163 -0.235685147 -9.32285408 200081.231 2123.01706
180.02 166680.623 199492.549 1498.39681 1494.44104 -0.23765577 -9.31841844 201617.89 2116.25779
181.02 168178.901 200982.332 1498.15815 1485.12487 -0.239624188 -9.31401114 203145.554 2109.51979
182.02 169676.939 202462.8 1497.91753 1475.8131 -0.241590425 -9.30963209 204664.227 2102.80318
183.02 171174.735 203933.959 1497.67493 1466.50569 -0.243554506 -9.30528124 206173.913 2096.10809
184.02 172672.288 205395.813 1497.43038 1457.20261 -0.245516456 -9.30095851 207674.615 2089.43466
185.02 174169.595 206848.366 1497.18386 1447.90385 -0.2474763 -9.29666384 209166.338 2082.78301
186.02 175666.655 208291.622 1496.93539 1438.60936 -0.249434063 -9.29239716 210649.087 2076.15328
187.02 177163.465 209725.586 1496.68495 1429.31913 -0.251389769 -9.28815842 212122.864 2069.54561
188.02 178660.024 211150.262 1496.43257 1420.03312 -0.253343444 -9.28394753 213587.674 2062.96013
189.02 180156.33 212565.654 1496.17823 1410.75131 -0.255295111 -9.27976444 215043.521 2056.39698
190.02 181652.38 213971.766 1495.92194 1401.47366 -0.257244795 -9.27560909 216490.409 2049.85631
191.02 183148.173 215368.602 1495.6637 1392.20016 -0.259192521 -9.27148141 217928.341 2043.33825
192.02 184643.707 216756.167 1495.40352 1382.93077 -0.261138313 -9.26738134 219357.322 2036.84295
193.02 186138.979 218134.465 1495.14139 1373.66547 -0.263082195 -9.26330881 220777.355 2030.37056
194.02 187633.989 219503.5 1494.87731 1364.40423 -0.26502419 -9.25926377 222188.444 2023.92122
195.02 189128.733 220863.275 1494.6113 1355.14702 -0.266964324 -9.25524615 223590.594 2017.49507
196.02 190623.211 222213.795 1494.34335 1345.89381 -0.26890262 -9.25125589 224983.807 2011.09229
197.02 192117.42 223555.064 1494.07346 1336.64458 -0.270839101 -9.24729294 226368.087 2004.713
198.02 193611.357 224887.086 1493.80163 1327.39929 -0.272773792 -9.24335722 227743.438 1998.35737
199.02 195105.022 226209.864 1493.52787 1318.15793 -0.274706717 -9.23944869 229109.864 1992.02556
200.02 196598.412 227523.403 1493.25218 1308.92046 -0.276637899 -9.23556728 230467.369 1985.71772
201.02 198091.526 228827.706 1492.97456 1299.68686 -0.278567361 -9.23171294 231815.956 1979.434
202.02 199584.361 230122.778 1492.69501 1290.45711 -0.280495127 -9.2278856 233155.628 1973.17458
203.02 201076.915 231408.622 1492.41353 1281.23116 -0.282421221 -9.22408522 234486.389 1966.93961
204.02 202569.187 232685.241 1492.13013 1272.009 -0.284345665 -9.22031172 235808.244 1960.72926
205.02 204061.175 233952.641 1491.8448 1262.7906 -0.286268484 -9.21656506 237121.194 1954.54368
206.02 205552.876 235210.824 1491.55755 1253.57594 -0.2881897 -9.21284518 238425.244 1948.38306
207.02 207044.289 236459.794 1491.26838 1244.36498 -0.290109336 -9.20915202 239720.398 1942.24756
208.02 208535.412 237699.555 1490.97729 1235.1577 -0.292027415 -9.20548553 241006.658 1936.13735
209.02 210026.243 238930.111 1490.68429 1225.95407 -0.293943961 -9.20184566 242284.028 1930.0526
210.02 211516.78 240151.464 1490.38937 1216.75407 -0.295858996 -9.19823234 243552.512 1923.99349
211.02 213007.021 241363.62 1490.09253 1207.55767 -0.297772543 -9.19464553 244812.113 1917.96019
212.02 214496.965 242566.581 1489.79379 1198.36484 -0.299684625 -9.19108517 246062.833 1911.95288
213.02 215986.608 243760.351 1489.49313 1189.17556 -0.301595264 -9.18755121 247304.678 1905.97174
214.02 217475.95 244944.933 1489.19056 1179.9898 -0.303504484 -9.1840436 248537.649 1900.01696
215.02 218964.989 246120.332 1488.88608 1170.80754 -0.305412306 -9.18056228 249761.75 1894.08871
216.02 220453.722 247286.549 1488.5797 1161.62874 -0.307318754 -9.1771072 250976.984 1888.18718
217.02 221942.148 248443.59 1488.27141 1152.45338 -0.30922385 -9.17367832 252183.355 1882.31256
218.02 223430.264 249591.457 1487.96121 1143.28144 -0.311127615 -9.17027557 253380.866 1876.46503
219.02 224918.069 250730.154 1487.64911 1134.11289 -0.313030073 -9.16689892 254569.519 1870.64479
220.02 226405.562 251859.684 1487.33511 1124.9477 -0.314931246 -9.16354831 255749.318 1864.85202
221.02 227892.739 252980.051 1487.01921 1115.78585 -0.316831155 -9.16022368 256920.267 1859.08693
222.02 229379.599 254091.257 1486.70141 1106.62731 -0.318729824 -9.156925 258082.368 1853.3497
223.02 230866.141 255193.306 1486.38172 1097.47206 -0.320627273 -9.15365222 259235.623 1847.64053
224.02 232352.362 256286.202 1486.06012 1088.32006 -0.322523526 -9.15040528 260380.038 1841.95962
225.02 233838.261 257369.948 1485.73663 1079.1713 -0.324418604 -9.14718413 261515.613 1836.30717
226.02 235323.835 258444.546 1485.41125 1070.02575 -0.326312529 -9.14398874 262642.353 1830.68339
227.02 236809.083 259510 1485.08397 1060.88338 -0.328205322 -9.14081905 263760.26 1825.08847
228.02 238294.002 260566.314 1484.7548 1051.74417 -0.330097006 -9.13767501 264869.337 1819.52263
229.02 239778.592 261613.49 1484.42374 1042.60808 -0.331987603 -9.13455659 265969.588 1813.98607
230.02 241262.849 262651.531 1484.09079 1033.47511 -0.333877134 -9.13146373 267061.014 1808.47899
231.02 242746.772 263680.441 1483.75594 1024.34521 -0.33576562 -9.12839639 268143.619 1803.00161
232.02 244230.36 264700.222 1483.41922 1015.21837 -0.337653084 -9.12535453 269217.406 1797.55415
233.02 245713.61 265710.879 1483.0806 1006.09455 -0.339539546 -9.1223381 270282.377 1792.1368
234.02 247196.521 266712.412 1482.7401 996.973743 -0.341425028 -9.11934705 271338.536 1786.7498
235.02 248679.09 267704.827 1482.39771 987.85591 -0.343309553 -9.11638135 272385.885 1781.39335
236.02 250161.316 268688.125 1482.05344 978.741031 -0.34519314 -9.11344095 273424.426 1776.06768
237.02 251643.196 269662.31 1481.70729 969.629078 -0.347075812 -9.1105258 274454.164 1770.77301
238.02 253124.73 270627.384 1481.35925 960.520029 -0.348957589 -9.10763587 275475.099 1765.50955
239.02 254605.914 271583.351 1481.00934 951.413856 -0.350838494 -9.10477112 276487.235 1760.27753
240.02 256086.748 272530.213 1480.65754 942.310535 -0.352718546 -9.10193149 277490.575 1755.07718
241.02 257567.228 273467.973 1480.30386 933.210041 -0.354597768 -9.09911696 278485.121 1749.90871
242.02 259047.355 274396.634 1479.94831 924.112349 -0.35647618 -9.09632747 279470.875 1744.77237
243.02 260527.124 275316.199 1479.59087 915.017433 -0.358353803 -9.09356299 280447.842 1739.66838
244.02 262006.536 276226.67 1479.23156 905.925269 -0.360230659 -9.09082349 281416.021 1734.59696
245.02 263485.587 277128.05 1478.87038 896.835833 -0.362106768 -9.08810891 282375.418 1729.55835
246.02 264964.276 278020.342 1478.50731 887.749097 -0.363982151 -9.08541922 283326.033 1724.55279
247.02 266442.601 278903.549 1478.14237 878.665039 -0.365856829 -9.08275439 284267.87 1719.58051
248.02 267920.56 279777.673 1477.77556 869.583633 -0.367730824 -9.08011436 285200.93 1714.64174
249.02 269398.151 280642.717 1477.40687 860.504855 -0.369604155 -9.07749912 286125.217 1709.73673
250.02 270875.373 281498.684 1477.03632 851.428679 -0.371476843 -9.07490861 287040.732 1704.86571
251.02 272352.223 282345.576 1476.66388 842.355081 -0.37334891 -9.0723428 287947.479 1700.02891
252.02 273828.7 283183.395 1476.28958 833.284036 -0.375220375 -9.06980166 288845.458 1695.2266
253.02 275304.802 284012.144 1475.91341 824.21552 -0.377091261 -9.06728514 289734.674 1690.45899
254.02 276780.527 284831.827 1475.53536 815.149508 -0.378961586 -9.06479321 290615.128 1685.72635
255.02 278255.872 285642.444 1475.15545 806.085975 -0.380831372 -9.06232584 291486.822 1681.02891
256.02 279730.837 286444 1474.77366 797.024897 -0.382700639 -9.05988299 292349.758 1676.36692
257.02 281205.419 287236.495 1474.39001 787.96625 -0.384569407 -9.05746463 293203.94 1671.74062
258.02 282679.616 288019.933 1474.00448 778.910008 -0.386437698 -9.05507071 294049.368 1667.15027
259.02 284153.427 288794.316 1473.61709 769.856148 -0.388305532 -9.05270122 294886.046 1662.59611
260.02 285626.85 289559.646 1473.22784 760.804644 -0.390172928 -9.0503561 295713.975 1658.0784
261.02 287099.882 290315.926 1472.83671 751.755474 -0.392039907 -9.04803534 296533.158 1653.59737
262.02 288572.523 291063.158 1472.44372 742.708612 -0.39390649 -9.04573889 297343.596 1649.15329
263.02 290044.769 291801.344 1472.04886 733.664034 -0.395772697 -9.04346672 298145.293 1644.74641
264.02 291516.62 292530.486 1471.65214 724.621715 -0.397638548 -9.04121881 298938.249 1640.37698
265.02 292988.073 293250.588 1471.25355 715.581633 -0.399504064 -9.03899511 299722.467 1636.04525
266.02 294459.126 293961.65 1470.85309 706.543761 -0.401369264 -9.03679561 300497.949 1631.75148
267.02 295929.778 294663.676 1470.45077 697.508077 -0.403234168 -9.03462026 301264.697 1627.49593
268.02 297400.027 295356.667 1470.04659 688.474556 -0.405098798 -9.03246903 302022.713 1623.27884
269.02 298869.871 296040.626 1469.64054 679.443174 -0.406963172 -9.03034191 302771.998 1619.10047
270.02 300339.307 296715.554 1469.23262 670.413907 -0.408827311 -9.02823884 303512.556 1614.96108
271.02 301808.335 297381.455 1468.82284 661.38673 -0.410691236 -9.02615981 304244.387 1610.86094
272.02 303276.953 298038.329 1468.4112 652.36162 -0.412554965 -9.02410479 304967.494 1606.80028
273.02 304745.157 298686.178 1467.9977 643.338553 -0.414418519 -9.02207375 305681.878 1602.77938
274.02 306212.947 299325.006 1467.58233 634.317505 -0.416281919 -9.02006665 306387.542 1598.79848
275.02 307680.321 299954.814 1467.1651 625.298452 -0.418145183 -9.01808348 307084.487 1594.85785
276.02 309147.277 300575.604 1466.746 616.28137 -0.420008332 -9.01612419 307772.715 1590.95775
277.02 310613.813 301187.378 1466.32504 607.266235 -0.421871386 -9.01418877 308452.228 1587.09842
278.02 312079.926 301790.137 1465.90222 598.253023 -0.423734365 -9.01227719 309123.027 1583.28014
279.02 313545.616 302383.884 1465.47754 589.24171 -0.425597288 -9.01038942 309785.114 1579.50315
280.02 315010.881 302968.621 1465.05099 580.232273 -0.427460176 -9.00852544 310438.491 1575.76771
281.02 316475.718 303544.349 1464.62258 571.224688 -0.429323047 -9.00668521 311083.16 1572.07409
282.02 317940.125 304111.071 1464.19231 562.218932 -0.431185923 -9.00486871 311719.122 1568.42253
283.02 319404.102 304668.788 1463.76017 553.214979 -0.433048822 -9.00307592 312346.379 1564.81329
284.02 320867.645 305217.502 1463.32617 544.212808 -0.434911765 -9.00130681 312964.932 1561.24664
285.02 322330.753 305757.214 1462.89031 535.212393 -0.43677477 -8.99956136 313574.784 1557.72281
286.02 323793.425 306287.927 1462.45258 526.213712 -0.438637859 -8.99783954 314175.935 1554.24208
287.02 325255.658 306809.642 1462.013 517.21674 -0.44050105 -8.99614133 314768.388 1550.80468
288.02 326717.45 307322.361 1461.57154 508.221455 -0.442364364 -8.9944667 315352.143 1547.41088
289.02 328178.8 307826.086 1461.12823 499.227832 -0.444227819 -8.99281564 315927.202 1544.06092
290.02 329639.706 308320.817 1460.68305 490.235848 -0.446091436 -8.99118811 316493.567 1540.75506
291.02 331100.166 308806.558 1460.23601 481.24548 -0.447955234 -8.9895841 317051.239 1537.49355
292.02 332560.178 309283.309 1459.7871 472.256704 -0.449819232 -8.98800358 317600.22 1534.27663
293.02 334019.74 309751.072 1459.33633 463.269497 -0.451683451 -8.98644654 318140.511 1531.10456
294.02 335478.85 310209.848 1458.8837 454.283834 -0.45354791 -8.98491294 318672.113 1527.97757
295.02 336937.506 310659.64 1458.4292 445.299693 -0.455412628 -8.98340277 319195.028 1524.89591
296.02 338395.707 311100.448 1457.97284 436.317051 -0.457277626 -8.98191601 319709.257 1521.85984
297.02 339853.451 311532.274 1457.51461 427.335883 -0.459142922 -8.98045263 320214.802 1518.86958
298.02 341310.736 311955.12 1457.05451 418.356167 -0.461008536 -8.97901262 320711.663 1515.92537
299.02 342767.56 312368.987 1456.59255 409.377879 -0.462874487 -8.97759596 321199.842 1513.02747
300.02 344223.921 312773.877 1456.12873 400.400995 -0.464740796 -8.97620262 321679.34 1510.17609
301.02 345679.817 313169.79 1455.66303 391.425493 -0.466607481 -8.9748326 322150.159 1507.37148
302.02 347135.246 313556.728 1455.19547 382.451349 -0.468474563 -8.97348586 322612.299 1504.61387
303.02 348590.207 313934.693 1454.72605 373.478541 -0.47034206 -8.97216239 323065.763 1501.90349
304.02 350044.697 314303.686 1454.25475 364.507043 -0.472209992 -8.97086217 323510.55 1499.24056
305.02 351498.716 314663.707 1453.78159 355.536834 -0.474078379 -8.96958519 323946.663 1496.62532
306.02 352952.26 315014.76 1453.30656 346.56789 -0.475947239 -8.96833142 324374.101 1494.05798
307.02 354405.328 315356.844 1452.82966 337.600188 -0.477816593 -8.96710085 324792.867 1491.53877
308.02 355857.919 315689.96 1452.35089 328.633705 -0.47968646 -8.96589346 325202.962 1489.0679
309.02 357310.029 316014.111 1451.87025 319.668418 -0.481556859 -8.96470924 325604.386 1486.64559
310.02 358761.659 316329.298 1451.38774 310.704303 -0.48342781 -8.96354817 325997.14 1484.27205
311.02 360212.804 316635.52 1450.90335 301.741337 -0.485299332 -8.96241023 326381.226 1481.9475
312.02 361663.465 316932.781 1450.4171 292.779497 -0.487171445 -8.96129541 326756.645 1479.67213
313.02 363113.638 317221.08 1449.92897 283.81876 -0.489044167 -8.96020369 327123.397 1477.44615
314.02 364563.322 317500.419 1449.43897 274.859103 -0.490917519 -8.95913506 327481.483 1475.26976
315.02 366012.515 317770.798 1448.9471 265.900504 -0.49279152 -8.9580895 327830.905 1473.14316
316.02 367461.216 318032.22 1448.45335 256.942937 -0.494666189 -8.957067 328171.662 1471.06655
317.02 368909.421 318284.684 1447.95773 247.986382 -0.496541545 -8.95606755 328503.757 1469.04011
318.02 370357.13 318528.193 1447.46023 239.030814 -0.498417609 -8.95509112 328827.19 1467.06403
319.02 371804.341 318762.746 1446.96086 230.076211 -0.500294399 -8.95413772 329141.961 1465.13849
320.02 373251.052 318988.346 1446.45961 221.12255 -0.502171935 -8.95320732 329448.072 1463.26367
321.02 374697.26 319204.992 1445.95648 212.169808 -0.504050236 -8.95229991 329745.524 1461.43976
322.02 376142.964 319412.686 1445.45147 203.217961 -0.505929322 -8.95141548 330034.316 1459.66691
323.02 377588.162 319611.428 1444.94458 194.266986 -0.507809212 -8.95055402 330314.451 1457.9453
324.02 379032.852 319801.22 1444.43581 185.316862 -0.509689925 -8.94971551 330585.927 1456.2751
325.02 380477.033 319982.062 1443.92516 176.367564 -0.511571481 -8.94889995 330848.747 1454.65645
326.02 381920.702 320153.955 1443.41263 167.41907 -0.5134539 -8.94810733 331102.911 1453.08952
327.02 383363.858 320316.9 1442.89822 158.471358 -0.515337201 -8.94733762 331348.42 1451.57447
328.02 384806.498 320470.898 1442.38192 149.524403 -0.517221402 -8.94659083 331585.273 1450.11143
329.02 386248.621 320615.95 1441.86374 140.578183 -0.519106524 -8.94586694 331813.473 1448.70054
330.02 387690.225 320752.055 1441.34367 131.632675 -0.520992587 -8.94516595 332033.018 1447.34195
331.02 389131.308 320879.215 1440.82171 122.687857 -0.522879608 -8.94448784 332243.911 1446.03579
332.02 390571.868 320997.431 1440.29787 113.743705 -0.524767609 -8.9438326 332446.151 1444.78219
333.02 392011.903 321106.703 1439.77214 104.800197 -0.526656608 -8.94320023 332639.739 1443.58127
334.02 393451.411 321207.031 1439.24452 95.8573098 -0.528546625 -8.94259072 332824.676 1442.43316
335.02 394890.391 321298.418 1438.71501 86.9150202 -0.53043768 -8.94200406 333000.961 1441.33795
336.02 396328.841 321380.862 1438.18361 77.9733056 -0.532329791 -8.94144023 333168.596 1440.29577
337.02 397766.758 321454.364 1437.65031 69.0321432 -0.534222979 -8.94089925 333327.58 1439.30673
338.02 399204.141 321518.926 1437.11512 60.0915101 -0.536117262 -8.94038108 333477.915 1438.3709
339.02 400640.987 321574.548 1436.57804 51.1513835 -0.538012661 -8.93988574 333619.601 1437.48841
340.02 402077.296 321621.229 1436.03906 42.2117407 -0.539909195 -8.93941322 333752.637 1436.65932
341.02 403513.065 321658.971 1435.49818 33.2725587 -0.541806883 -8.9389635 333877.025 1435.88373
342.02 404948.292 321687.774 1434.95541 24.3338148 -0.543705745 -8.93853658 333992.764 1435.16172
343.02 406382.975 321707.639 1434.41073 15.3954863 -0.545605801 -8.93813246 334099.855 1434.49335
344.02 407817.113 321718.565 1433.86416 6.45755018 -0.54750707 -8.93775113 334198.299 1433.8787
345.02 409250.703 321720.554 1433.31568 -2.48001619 -0.549409571 -8.93739258 334288.095 1433.31782
346.02 410683.743 321713.605 1432.7653 -11.4172356 -0.551313325 -8.93705682 334369.243 1432.81079
347.02 412116.233 321697.72 1432.21301 -20.3541309 -0.553218351 -8.93674383 334441.745 1432.35764
348.02 413548.169 321672.897 1431.65882 -29.2907249 -0.555124669 -8.93645362 334505.599 1431.95842
349.02 414979.55 321639.138 1431.10272 -38.2270402 -0.557032297 -8.93618617 334560.807 1431.61319
350.02 416410.373 321596.443 1430.54472 -47.1630997 -0.558941257 -8.9359415 334607.368 1431.32196
351.02 417840.638 321544.812 1429.9848 -56.0989261 -0.560851567 -8.93571958 334645.282 1431.08477
352.02 419270.342 321484.246 1429.42298 -65.0345422 -0.562763247 -8.93552043 334674.55 1430.90165
353.02 420699.484 321414.743 1428.85924 -73.9699708 -0.564676318 -8.93534403 334695.172 1430.77262
354.02 422128.06 321336.306 1428.29359 -82.9052346 -0.566590798 -8.9351904 334707.147 1430.69768
355.02 423556.07 321248.933 1427.72602 -91.8403563 -0.568506708 -8.93505951 334710.476 1430.67684
356.02 424983.512 321152.625 1427.15653 -100.775359 -0.570424067 -8.93495138 334705.159 1430.71012
357.02 426410.383 321047.382 1426.58513 -109.710265 -0.572342895 -8.934866 334691.196 1430.7975
358.02 427836.681 320933.204 1426.01181 -118.645097 -0.574263212 -8.93480338 334668.586 1430.93897
359.02 429262.406 320810.092 1425.43657 -127.579878 -0.576185037 -8.9347635 334637.33 1431.13452
360.02 430687.554 320678.045 1424.8594 -136.514631 -0.578108392 -8.93474637 334597.427 1431.38414
361.02 432112.124 320537.063 1424.28031 -145.449378 -0.580033294 -8.934752 334548.878 1431.68779
362.02 433536.114 320387.146 1423.69929 -154.384143 -0.581959765 -8.93478038 334491.682 1432.04544
363.02 434959.522 320228.294 1423.11635 -163.318947 -0.583887825 -8.93483151 334425.839 1432.45706
364.02 436382.346 320060.508 1422.53148 -172.253815 -0.585817493 -8.93490539 334351.35 1432.9226
365.02 437804.584 319883.787 1421.94468 -181.188767 -0.587748789 -8.93500203 334268.213 1433.44202
366.02 439226.235 319698.13 1421.35594 -190.123828 -0.589681733 -8.93512142 334176.429 1434.01527
367.02 440647.295 319503.539 1420.76527 -199.059021 -0.591616346 -8.93526358 334075.997 1434.64228
368.02 442067.764 319300.012 1420.17267 -207.994366 -0.593552647 -8.93542849 333966.917 1435.32298
369.02 443487.64 319087.55 1419.57813 -216.929889 -0.595490656 -8.93561617 333849.189 1436.05733
370.02 444906.92 318866.153 1418.98165 -225.86561 -0.597430394 -8.93582662 333722.813 1436.84522
371.02 446325.603 318635.819 1418.38323 -234.801554 -0.59937188 -8.93605984 333587.788 1437.6866
372.02 447743.686 318396.549 1417.78287 -243.737742 -0.601315136 -8.93631583 333444.114 1438.58137
373.02 449161.168 318148.343 1417.18056 -252.674199 -0.603260181 -8.9365946 333291.79 1439.52943
374.02 450578.046 317891.201 1416.57631 -261.610945 -0.605207034 -8.93689616 333130.817 1440.53071
375.02 451994.32 317625.121 1415.97011 -270.548005 -0.607155718 -8.9372205 332961.193 1441.58509
376.02 453409.986 317350.105 1415.36196 -279.4854 -0.609106251 -8.93756763 332782.918 1442.69247
377.02 454825.043 317066.151 1414.75185 -288.423155 -0.611058655 -8.93793756 332595.992 1443.85274
378.02 456239.489 316773.258 1414.1398 -297.361291 -0.613012948 -8.9383303 332400.415 1445.06578
379.02 457653.322 316471.428 1413.52579 -306.299831 -0.614969153 -8.93874584 332196.185 1446.33148
380.02 459066.54 316160.659 1412.90982 -315.238799 -0.616927289 -8.9391842 331983.303 1447.6497
381.02 460479.141 315840.95 1412.29189 -324.178216 -0.618887377 -8.93964539 331761.768 1449.02033
382.02 461891.123 315512.302 1411.67201 -333.118106 -0.620849438 -8.9401294 331531.578 1450.44322
383.02 463302.484 315174.714 1411.05016 -342.058492 -0.622813491 -8.94063625 331292.735 1451.91823
384.02 464713.223 314828.185 1410.42634 -350.999397 -0.624779557 -8.94116594 331045.236 1453.44523
385.02 466123.336 314472.715 1409.80056 -359.940843 -0.626747657 -8.94171848 330789.082 1455.02406
386.02 467532.823 314108.303 1409.1728 -368.882853 -0.628717812 -8.94229388 330524.272 1456.65457
387.02 468941.681 313734.949 1408.54308 -377.82545 -0.630690042 -8.94289216 330250.804 1458.33661
388.02 470349.909 313352.652 1407.91138 -386.768657 -0.632664368 -8.94351331 329968.679 1460.07002
389.02 471757.503 312961.411 1407.27771 -395.712497 -0.634640811 -8.94415734 329677.896 1461.85462
390.02 473164.463 312561.227 1406.64206 -404.656992 -0.636619391 -8.94482428 329378.454 1463.69026
391.02 474570.787 312152.097 1406.00443 -413.602166 -0.638600129 -8.94551411 329070.351 1465.57675
392.02 475976.472 311734.022 1405.36482 -422.548042 -0.640583047 -8.94622687 328753.588 1467.51393
393.02 477381.516 311307.001 1404.72323 -431.494642 -0.642568164 -8.94696255 328428.164 1469.50161
394.02 478785.917 310871.032 1404.07964 -440.44199 -0.644555503 -8.94772117 328094.077 1471.5396
395.02 480189.674 310426.116 1403.43407 -449.390108 -0.646545083 -8.94850273 327751.327 1473.62772
396.02 481592.785 309972.252 1402.78651 -458.339019 -0.648536927 -8.94930726 327399.914 1475.76579
397.02 482995.247 309509.438 1402.13696 -467.288746 -0.650531055 -8.95013476 327039.835 1477.95359
398.02 484397.058 309037.674 1401.48541 -476.239313 -0.652527487 -8.95098524 326671.09 1480.19095
399.02 485798.217 308556.959 1400.83186 -485.190742 -0.654526247 -8.95185872 326293.679 1482.47764
400.02 487198.721 308067.292 1400.17632 -494.143056 -0.656527353 -8.95275521 325907.6 1484.81348
401.02 488598.569 307568.673 1399.51877 -503.096278 -0.658530829 -8.95367472 325512.852 1487.19825
402.02 489997.758 307061.1 1398.85921 -512.050431 -0.660536694 -8.95461726 325109.434 1489.63175
403.02 491396.287 306544.572 1398.19765 -521.005539 -0.662544971 -8.95558285 324697.346 1492.11375
404.02 492794.153 306019.088 1397.53408 -529.961624 -0.664555681 -8.95657151 324276.586 1494.64405
405.02 494191.354 305484.648 1396.8685 -538.91871 -0.666568846 -8.95758325 323847.153 1497.22242
406.02 495587.889 304941.25 1396.20091 -547.876819 -0.668584486 -8.95861807 323409.046 1499.84865
407.02 496983.755 304388.894 1395.53129 -556.835975 -0.670602623 -8.95967601 322962.264 1502.52251
408.02 498378.951 303827.578 1394.85966 -565.7962 -0.672623279 -8.96075706 322506.805 1505.24377
409.02 499773.474 303257.301 1394.186 -574.757518 -0.674646476 -8.96186126 322042.67 1508.01221
410.02 501167.322 302678.063 1393.51032 -583.719953 -0.676672234 -8.96298861 321569.855 1510.82759
411.02 502560.494 302089.861 1392.83262 -592.683526 -0.678700577 -8.96413913 321088.361 1513.68969
412.02 503952.987 301492.695 1392.15288 -601.648262 -0.680731526 -8.96531284 320598.186 1516.59826
413.02 505344.799 300886.564 1391.47111 -610.614183 -0.682765102 -8.96650975 320099.328 1519.55307
414.02 506735.928 300271.466 1390.78731 -619.581313 -0.684801327 -8.96772989 319591.787 1522.55389
415.02 508126.373 299647.401 1390.10147 -628.549675 -0.686840224 -8.96897326 319075.561 1525.60047
416.02 509516.131 299014.367 1389.41359 -637.519293 -0.688881815 -8.9702399 318550.648 1528.69257
417.02 510905.199 298372.362 1388.72366 -646.490188 -0.690926121 -8.97152981 318017.048 1531.82994
418.02 512293.577 297721.386 1388.03169 -655.462386 -0.692973164 -8.97284301 317474.76 1535.01235
419.02 513681.262 297061.437 1387.33768 -664.435909 -0.695022968 -8.97417953 316923.781 1538.23955
420.02 515068.252 296392.514 1386.64161 -673.41078 -0.697075553 -8.97553938 316364.11 1541.51128
421.02 516454.545 295714.615 1385.94348 -682.387023 -0.699130943 -8.97692258 315795.746 1544.8273
422.02 517840.138 295027.739 1385.2433 -691.364661 -0.701189159 -8.97832916 315218.687 1548.18736
423.02 519225.031 294331.885 1384.54106 -700.343717 -0.703250225 -8.97975913 314632.932 1551.59121
424.02 520609.22 293627.051 1383.83676 -709.324216 -0.705314162 -8.98121252 314038.48 1555.03859
425.02 521992.703 292913.236 1383.13039 -718.306179 -0.707380993 -8.98268934 313435.328 1558.52926
426.02 523375.48 292190.438 1382.42196 -727.289632 -0.70945074 -8.98418962 312823.476 1562.06295
427.02 524757.547 291458.656 1381.71145 -736.274597 -0.711523427 -8.98571338 312202.921 1565.63942
428.02 526138.902 290717.889 1380.99887 -745.261097 -0.713599077 -8.98726064 311573.663 1569.25841
429.02 527519.544 289968.134 1380.28421 -754.249157 -0.715677711 -8.98883142 310935.699 1572.91967
430.02 528899.47 289209.39 1379.56747 -763.2388 -0.717759352 -8.99042574 310289.028 1576.62293
431.02 530278.678 288441.656 1378.84865 -772.230048 -0.719844024 -8.99204364 309633.648 1580.36794
432.02 531657.166 287664.929 1378.12774 -781.222927 -0.72193175 -8.99368513 308969.558 1584.15445
433.02 533034.933 286879.209 1377.40474 -790.21746 -0.724022552 -8.99535024 308296.755 1587.98219
434.02 534411.975 286084.494 1376.67965 -799.213669 -0.726116454 -8.99703898 307615.239 1591.85092
435.02 535788.291 285280.781 1375.95246 -808.21158 -0.728213479 -8.9987514 306925.007 1595.76036
436.02 537163.879 284468.07 1375.22318 -817.211214 -0.73031365 -9.0004875 306226.057 1599.71027
437.02 538538.737 283646.358 1374.49179 -826.212597 -0.732416991 -9.00224732 305518.389 1603.70039
438.02 539912.862 282815.644 1373.7583 -835.215752 -0.734523524 -9.00403088 304801.999 1607.73046
439.02 541286.253 281975.926 1373.0227 -844.220703 -0.736633274 -9.00583821 304076.886 1611.80022
440.02 542658.907 281127.202 1372.28499 -853.227473 -0.738746263 -9.00766933 303343.048 1615.90941
441.02 544030.822 280269.471 1371.54517 -862.236086 -0.740862516 -9.00952427 302600.484 1620.05778
442.02 545401.996 279402.729 1370.80322 -871.246567 -0.742982055 -9.01140306 301849.191 1624.24507
443.02 546772.428 278526.977 1370.05916 -880.258938 -0.745104906 -9.01330572 301089.168 1628.47103
444.02 548142.114 277642.211 1369.31297 -889.273225 -0.747231091 -9.01523229 300320.412 1632.7354
445.02 549511.053 276748.43 1368.56465 -898.28945 -0.749360635 -9.01718278 299542.921 1637.03792
446.02 550879.243 275845.631 1367.8142 -907.307637 -0.751493561 -9.01915724 298756.694 1641.37834
447.02 552246.681 274933.814 1367.06162 -916.327812 -0.753629893 -9.02115568 297961.729 1645.7564
448.02 553613.365 274012.975 1366.3069 -925.349997 -0.755769657 -9.02317814 297158.022 1650.17186
449.02 554979.294 273083.113 1365.55004 -934.374217 -0.757912875 -9.02522465 296345.573 1654.62445
450.02 556344.465 272144.226 1364.79103 -943.400495 -0.760059572 -9.02729523 295524.38 1659.11394
451.02 557708.875 271196.311 1364.02988 -952.428857 -0.762209773 -9.02938992 294694.439 1663.64005
452.02 559072.524 270239.367 1363.26657 -961.459326 -0.764363501 -9.03150875 293855.749 1668.20256
453.02 560435.408 269273.392 1362.5011 -970.491925 -0.766520782 -9.03365175 293008.309 1672.80119
454.02 561797.525 268298.383 1361.73348 -979.52668 -0.76868164 -9.03581894 292152.114 1677.43572
455.02 563158.874 267314.338 1360.9637 -988.563615 -0.7708461 -9.03801037 291287.164 1682.10588
456.02 564519.452 266321.255 1360.19175 -997.602753 -0.773014186 -9.04022606 290413.456 1686.81144
457.02 565879.257 265319.132 1359.41762 -1006.64412 -0.775185923 -9.04246605 289530.988 1691.55214
458.02 567238.286 264307.966 1358.64133 -1015.68774 -0.777361337 -9.04473036 288639.757 1696.32775
459.02 568596.539 263287.755 1357.86286 -1024.73363 -0.779540452 -9.04701904 287739.762 1701.13802
460.02 569954.011 262258.498 1357.0822 -1033.78183 -0.781723293 -9.04933212 286831 1705.9827
461.02 571310.702 261220.191 1356.29936 -1042.83235 -0.783909886 -9.05166962 285913.468 1710.86156
462.02 572666.609 260172.832 1355.51434 -1051.88522 -0.786100255 -9.05403159 284987.164 1715.77436
463.02 574021.73 259116.42 1354.72712 -1060.94047 -0.788294427 -9.05641806 284052.085 1720.72085
464.02 575376.063 258050.951 1353.9377 -1069.99812 -0.790492426 -9.05882906 283108.231 1725.70081
465.02 576729.605 256976.423 1353.14609 -1079.05819 -0.792694279 -9.06126463 282155.597 1730.71399
466.02 578082.354 255892.833 1352.35227 -1088.1207 -0.79490001 -9.06372481 281194.181 1735.76016
467.02 579434.309 254800.181 1351.55624 -1097.18569 -0.797109646 -9.06620963 280223.981 1740.83909
468.02 580785.466 253698.461 1350.75801 -1106.25318 -0.799323212 -9.06871913 279244.994 1745.95054
469.02 582135.824 252587.673 1349.95755 -1115.32319 -0.801540735 -9.07125334 278257.218 1751.09429
470.02 583485.38 251467.814 1349.15488 -1124.39575 -0.80376224 -9.0738123 277260.651 1756.2701
471.02 584834.133 250338.881 1348.34998 -1133.47087 -0.805987753 -9.07639606 276255.288 1761.47776
472.02 586182.08 249200.871 1347.54286 -1142.5486 -0.808217301 -9.07900465 275241.129 1766.71703
473.02 587529.218 248053.783 1346.7335 -1151.62894 -0.810450909 -9.0816381 274218.17 1771.98768
474.02 588875.546 246897.613 1345.92191 -1160.71194 -0.812688605 -9.08429646 273186.409 1777.2895
475.02 590221.061 245732.358 1345.10808 -1169.7976 -0.814930415 -9.08697977 272145.843 1782.62227
476.02 591565.761 244558.017 1344.292 -1178.88596 -0.817176365 -9.08968806 271096.468 1787.98576
477.02 592909.644 243374.585 1343.47368 -1187.97704 -0.819426482 -9.09242138 270038.284 1793.37976
478.02 594252.708 242182.062 1342.6531 -1197.07086 -0.821680793 -9.09517976 268971.285 1798.80405
479.02 595594.95 240980.443 1341.83027 -1206.16746 -0.823939325 -9.09796325 267895.471 1804.25841
480.02 596936.368 239769.726 1341.00518 -1215.26686 -0.826202105 -9.1007719 266810.838 1809.74264
481.02 598276.959 238549.908 1340.17782 -1224.36907 -0.828469159 -9.10360573 265717.383 1815.25651
482.02 599616.723 237320.987 1339.34819 -1233.47413 -0.830740515 -9.10646479 264615.103 1820.79983
483.02 600955.655 236082.959 1338.51629 -1242.58207 -0.833016201 -9.10934913 263503.996 1826.37237
484.02 602293.754 234835.822 1337.68211 -1251.6929 -0.835296244 -9.11225879 262384.058 1831.97395
485.02 603631.018 233579.572 1336.84565 -1260.80665 -0.837580671 -9.11519381 261255.287 1837.60434
486.02 604967.445 232314.207 1336.0069 -1269.92335 -0.83986951 -9.11815424 260117.679 1843.26335
487.02 606303.031 231039.724 1335.16587 -1279.04303 -0.842162789 -9.12114012 258971.232 1848.95077
488.02 607637.776 229756.12 1334.32253 -1288.1657 -0.844460535 -9.12415149 257815.943 1854.66641
489.02 608971.676 228463.392 1333.4769 -1297.2914 -0.846762777 -9.1271884 256651.808 1860.41006
490.02 610304.729 227161.536 1332.62896 -1306.42015 -0.849069542 -9.1302509 255478.825 1866.18154
491.02 611636.933 225850.551 1331.77871 -1315.55197 -0.851380859 -9.13333903 254296.99 1871.98064
492.02 612968.286 224530.431 1330.92615 -1324.6869 -0.853696757 -9.13645283 253106.3 1877.80717
493.02 614298.784 223201.176 1330.07127 -1333.82495 -0.856017262 -9.13959236 251906.753 1883.66095
494.02 615628.427 221862.78 1329.21407 -1342.96615 -0.858342405 -9.14275766 250698.344 1889.54177
495.02 616957.212 220515.242 1328.35454 -1352.11053 -0.860672214 -9.14594878 249481.071 1895.44946
496.02 618285.136 219158.558 1327.49267 -1361.25812 -0.863006717 -9.14916577 248254.931 1901.38383
497.02 619612.196 217792.725 1326.62847 -1370.40894 -0.865345944 -9.15240867 247019.92 1907.34469
498.02 620938.392 216417.739 1325.76193 -1379.56301 -0.867689923 -9.15567754 245776.035 1913.33186
499.02 622263.719 215033.598 1324.89305 -1388.72037 -0.870038684 -9.15897242 244523.273 1919.34516
500.02 623588.177 213640.298 1324.02181 -1397.88103 -0.872392255 -9.16229337 243261.63 1925.38441
501.02 624911.762 212237.835 1323.14821 -1407.04503 -0.874750667 -9.16564043 241991.103 1931.44943
502.02 626234.473 210826.206 1322.27226 -1416.21239 -0.877113948 -9.16901365 240711.689 1937.54005
503.02 627556.306 209405.409 1321.39394 -1425.38313 -0.879482129 -9.17241309 239423.384 1943.65609
504.02 628877.26 207975.439 1320.51324 -1434.55729 -0.881855239 -9.1758388 238126.185 1949.79739
505.02 630197.332 206536.293 1319.63018 -1443.73489 -0.884233308 -9.17929082 236820.089 1955.96376
506.02 631516.519 205087.968 1318.74473 -1452.91595 -0.886616366 -9.18276922 235505.092 1962.15505
507.02 632834.82 203630.46 1317.85689 -1462.10051 -0.889004443 -9.18627404 234181.19 1968.37107
508.02 634152.232 202163.766 1316.96667 -1471.28858 -0.891397569 -9.18980534 232848.38 1974.61168
509.02 635468.753 200687.882 1316.07405 -1480.4802 -0.893795775 -9.19336317 231506.658 1980.8767
510.02 636784.38 199202.804 1315.17903 -1489.67539 -0.896199092 -9.19694759 230156.021 1987.16598
511.02 638099.11 197708.53 1314.2816 -1498.87417 -0.898607549 -9.20055864 228796.465 1993.47935
512.02 639412.942 196205.055 1313.38176 -1508.07659 -0.901021179 -9.2041964 227427.987 1999.81665
513.02 640725.873 194692.375 1312.47951 -1517.28265 -0.903440011 -9.2078609 226050.583 2006.17773
514.02 642037.9 193170.488 1311.57483 -1526.49239 -0.905864077 -9.21155221 224664.249 2012.56244
515.02 643349.022 191639.389 1310.66773 -1535.70584 -0.908293408 -9.21527038 223268.982 2018.97061
516.02 644659.235 190099.075 1309.7582 -1544.92301 -0.910728035 -9.21901548 221864.777 2025.4021
517.02 645968.537 188549.542 1308.84622 -1554.14395 -0.91316799 -9.22278755 220451.632 2031.85675
518.02 647276.926 186990.786 1307.93181 -1563.36867 -0.915613305 -9.22658666 219029.542 2038.33442
519.02 648584.4 185422.803 1307.01495 -1572.59721 -0.918064011 -9.23041286 217598.503 2044.83497
520.02 649890.956 183845.59 1306.09563 -1581.82959 -0.920520141 -9.23426622 216158.512 2051.35824
521.02 651196.591 182259.143 1305.17385 -1591.06583 -0.922981725 -9.23814679 214709.564 2057.90409
522.02 652501.302 180663.457 1304.24962 -1600.30597 -0.925448798 -9.24205463 213251.657 2064.47239
523.02 653805.089 179058.53 1303.32291 -1609.55003 -0.92792139 -9.24598981 211784.785 2071.06298
524.02 655107.947 177444.356 1302.39372 -1618.79803 -0.930399534 -9.24995237 210308.945 2077.67574
525.02 656409.876 175820.932 1301.46206 -1628.05002 -0.932883264 -9.2539424 208824.134 2084.31052
526.02 657710.871 174188.255 1300.5279 -1637.30601 -0.935372611 -9.25795994 207330.346 2090.96719
527.02 659010.931 172546.319 1299.59126 -1646.56603 -0.93786761 -9.26200506 205827.579 2097.64561
528.02 660310.052 170895.121 1298.65212 -1655.83011 -0.940368292 -9.26607782 204315.827 2104.34566
529.02 661608.234 169234.657 1297.71047 -1665.09827 -0.942874692 -9.27017829 202795.087 2111.0672
530.02 662905.473 167564.923 1296.76631 -1674.37056 -0.945386842 -9.27430652 201265.355 2117.8101
531.02 664201.766 165885.915 1295.81964 -1683.64698 -0.947904776 -9.27846259 199726.627 2124.57424
532.02 665497.111 164197.628 1294.87045 -1692.92757 -0.950428529 -9.28264656 198178.898 2131.35949
533.02 666791.506 162500.058 1293.91873 -1702.21237 -0.952958133 -9.28685849 196622.164 2138.16572
534.02 668084.948 160793.202 1292.96448 -1711.50139 -0.955493623 -9.29109845 195056.422 2144.99281
535.02 669377.434 159077.054 1292.00769 -1720.79466 -0.958035034 -9.2953665 193481.666 2151.84064
536.02 670668.962 157351.611 1291.04836 -1730.09221 -0.960582399 -9.29966272 191897.893 2158.70909
537.02 671959.53 155616.868 1290.08648 -1739.39408 -0.963135753 -9.30398716 190305.098 2165.59804
538.02 673249.134 153872.821 1289.12204 -1748.70028 -0.965695131 -9.30833991 188703.277 2172.50738
539.02 674537.773 152119.466 1288.15503 -1758.01086 -0.968260568 -9.31272102 187092.426 2179.43698
540.02 675825.443 150356.798 1287.18546 -1767.32582 -0.970832099 -9.31713056 185472.54 2186.38674
541.02 677112.143 148584.813 1286.21332 -1776.64521 -0.973409759 -9.32156861 183843.614 2193.35654
542.02 678397.869 146803.506 1285.23859 -1785.96906 -0.975993583 -9.32603523 182205.645 2200.34627
543.02 679682.619 145012.874 1284.26127 -1795.29738 -0.978583607 -9.3305305 180558.628 2207.35582
544.02 680966.391 143212.91 1283.28137 -1804.63022 -0.981179867 -9.33505448 178902.559 2214.38508
545.02 682249.181 141403.612 1282.29886 -1813.96759 -0.983782399 -9.33960725 177237.432 2221.43395
546.02 683530.988 139584.973 1281.31375 -1823.30954 -0.986391238 -9.34418888 175563.243 2228.50232
547.02 684811.808 137756.991 1280.32602 -1832.65607 -0.989006422 -9.34879944 173879.989 2235.59008
548.02 686091.639 135919.66 1279.33568 -1842.00724 -0.991627986 -9.35343901 172187.663 2242.69714
549.02 687370.478 134072.975 1278.34271 -1851.36305 -0.994255967 -9.35810766 170486.262 2249.82338
550.02 688648.323 132216.932 1277.34711 -1860.72355 -0.996890403 -9.36280546 168775.781 2256.96872
551.02 689925.172 130351.526 1276.34888 -1870.08877 -0.999531329 -9.36753248 167056.215 2264.13305
552.02 691201.02 128476.753 1275.348 -1879.45872 -1.00217878 -9.37228881 165327.559 2271.31627
553.02 692475.867 126592.607 1274.34446 -1888.83345 -1.0048328 -9.37707453 163589.81 2278.5183
554.02 693749.708 124699.084 1273.33828 -1898.21298 -1.00749343 -9.38188969 161842.961 2285.73902
555.02 695022.542 122796.18 1272.32942 -1907.59734 -1.01016069 -9.38673439 160087.008 2292.97836
556.02 696294.366 120883.888 1271.3179 -1916.98656 -1.01283464 -9.3916087 158321.947 2300.23622
557.02 697565.177 118962.205 1270.3037 -1926.38066 -1.0155153 -9.3965127 156547.772 2307.5125
558.02 698834.973 117031.125 1269.28681 -1935.77969 -1.01820271 -9.40144647 154764.478 2314.80712
559.02 700103.75 115090.644 1268.26724 -1945.18366 -1.02089692 -9.40641009 152972.061 2322.11999
560.02 701371.506 113140.756 1267.24496 -1954.59262 -1.02359797 -9.41140363 151170.516 2329.45103
561.02 702638.239 111181.457 1266.21998 -1964.00658 -1.02630588 -9.41642719 149359.838 2336.80014
562.02 703903.945 109212.741 1265.19229 -1973.42558 -1.0290207 -9.42148083 147540.021 2344.16725
563.02 705168.623 107234.604 1264.16189 -1982.84965 -1.03174248 -9.42656464 145711.061 2351.55226
564.02 706432.268 105247.04 1263.12875 -1992.27883 -1.03447124 -9.43167871 143872.952 2358.9551
565.02 707694.879 103250.045 1262.09289 -2001.71312 -1.03720704 -9.43682311 142025.69 2366.37569
566.02 708956.453 101243.612 1261.05428 -2011.15258 -1.0399499 -9.44199794 140169.27 2373.81394
567.02 710216.987 99227.7379 1260.01293 -2020.59723 -1.04269988 -9.44720326 138303.685 2381.26978
568.02 711476.478 97202.4162 1258.96882 -2030.04711 -1.045457 -9.45243918 136428.932 2388.74313
569.02 712734.924 95167.6419 1257.92196 -2039.50223 -1.04822131 -9.45770577 134545.004 2396.23392
570.02 713992.321 93123.4099 1256.87232 -2048.96263 -1.05099286 -9.46300313 132651.897 2403.74206
571.02 715248.667 91069.7149 1255.81991 -2058.42835 -1.05377168 -9.46833133 130749.605 2411.26749
572.02 716503.96 89006.5515 1254.76472 -2067.89941 -1.05655781 -9.47369046 128838.123 2418.81014
573.02 717758.196 86933.9143 1253.70674 -2077.37585 -1.0593513 -9.47908062 126917.446 2426.36992
574.02 719011.373 84851.798 1252.64596 -2086.85769 -1.06215218 -9.48450189 124987.568 2433.94678
575.02 720263.487 82760.1971 1251.58238 -2096.34497 -1.0649605 -9.48995436 123048.484 2441.54064
576.02 721514.536 80659.1062 1250.51598 -2105.83772 -1.0677763 -9.49543812 121100.189 2449.15143
577.02 722764.518 78548.5198 1249.44676 -2115.33597 -1.07059963 -9.50095326 119142.676 2456.77909
578.02 724013.429 76428.4324 1248.37472 -2124.83975 -1.07343052 -9.50649988 117175.941 2464.42354
579.02 725261.266 74298.8385 1247.29984 -2134.34909 -1.07626902 -9.51207805 115199.978 2472.08474
580.02 726508.028 72159.7324 1246.22212 -2143.86403 -1.07911517 -9.51768789 113214.781 2479.7626
581.02 727753.71 70011.1085 1245.14155 -2153.38459 -1.08196902 -9.52332948 111220.346 2487.45707
582.02 728998.31 67852.9613 1244.05813 -2162.91081 -1.0848306 -9.52900291 109216.665 2495.16809
583.02 730241.825 65685.285 1242.97183 -2172.44272 -1.08769996 -9.53470828 107203.734 2502.89559
584.02 731484.253 63508.074 1241.88267 -2181.98035 -1.09057714 -9.5404457 105181.547 2510.63952
585.02 732725.589 61321.3224 1240.79062 -2191.52374 -1.09346219 -9.54621525 103150.098 2518.39982
586.02 733965.833 59125.0245 1239.69568 -2201.07291 -1.09635515 -9.55201704 101109.382 2526.17643
587.02 735204.98 56919.1746 1238.59785 -2210.6279 -1.09925606 -9.55785117 99059.3925 2533.96928
588.02 736443.028 54703.7668 1237.49711 -2220.18874 -1.10216496 -9.56371775 97000.1239 2541.77834
589.02 737679.973 52478.7952 1236.39346 -2229.75546 -1.10508188 -9.56961688 94931.5702 2549.60354
590.02 738915.814 50244.2539 1235.28688 -2239.3281 -1.10800687 -9.57554869 92853.7258 2557.44483
591.02 740150.546 48000.137 1234.17738 -2248.90669 -1.11093997 -9.58151329 90766.5848 2565.30215
592.02 741384.167 45746.4385 1233.06494 -2258.49126 -1.1138812 -9.58751081 88670.141 2573.17545
593.02 742616.675 43483.1525 1231.94956 -2268.08184 -1.11683059 -9.59354138 86564.3888 2581.06469
594.02 743848.065 41210.2728 1230.83122 -2277.67847 -1.11978816 -9.59960515 84449.3219 2588.96982
595.02 745078.336 38927.7935 1229.70992 -2287.28119 -1.12275394 -9.60570229 82324.9345 2596.89078
596.02 746307.484 36635.7084 1228.58565 -2296.89001 -1.12572792 -9.61183297 80191.2204 2604.82752
597.02 747535.507 34334.0114 1227.4584 -2306.50499 -1.12871011 -9.61799743 78048.1736 2612.78001
598.02 748762.4 32022.6964 1226.32817 -2316.12614 -1.13170044 -9.62419593 75895.7879 2620.74819
599.02 749988.162 29701.7571 1225.19494 -2325.75351 -1.13469883 -9.63042887 73734.0572 2628.73202
600.02 751212.789 27371.1873 1224.05871 -2335.38714 -1.13770517 -9.63669668 71562.9752 2636.73146
601.02 752436.278 25030.9807 1222.91947 -2345.02704 -1.14071927 -9.64299989 69382.5358 2644.74646
602.02 753658.627 22681.1311 1221.77721 -2354.67327 -1.14374094 -9.64933917 67192.7327 2652.77699
603.02 754879.832 20321.632 1220.63192 -2364.32586 -1.14676986 -9.65571532 64993.5597 2660.82301
604.02 756099.89 17952.4772 1219.4836 -2373.98485 -1.1498056 -9.66212943 62785.0103 2668.88447
605.02 757318.798 15573.6602 1218.33225 -2383.65026 -1.15284761 -9.66858286 60567.0781 2676.96134
606.02 758536.553 13185.1745 1217.17784 -2393.32215 -1.15589518 -9.67507727 58339.7569 2685.0536
607.02 759753.153 10787.0137 1216.02039 -2403.00056 -1.15894741 -9.68161478 56103.0402 2693.16121
608.02 760968.593 8379.17123 1214.85989 -2412.68553 -1.16200279 -9.6881987 53856.9214 2701.28414
609.02 762182.871 5961.64046 1213.69633 -2422.37711 -1.16505938 -9.6948333 51601.394 2709.42238
610.02 763395.985 3534.41479 1212.52971 -2432.07535 -1.1681147 -9.70152397 49336.4515 2717.57591
611.02 764607.93 1097.48752 1211.36004 -2441.78031 -1.1711645 -9.70827989 47062.0872 2725.74471
612.02 765818.704 -1349.1481 1210.18732 -2451.49207 -1.17420193 -9.71511551 44778.2944 2733.92881
613.02 767028.303 -3805.49891 1209.01158 -2461.21071 -1.17721639 -9.72205334 42485.0663 2742.12822
614.02 768236.726 -6271.57186 1207.83284 -2470.93636 -1.18019174 -9.72912757 40182.3961 2750.34301
615.02 769443.968 -8747.37403 1206.65116 -2480.66918 -1.18309963 -9.73639818 37870.2767 2758.5733
616.02 770650.027 -11232.9127 1205.46663 -2490.40942 -1.18589133 -9.74396843 35548.701 2766.81927
617.02 771854.9 -13728.1955 1204.27938 -2500.15741 -1.18850772 -9.75196508 33217.6615 2775.08125
618.02 773058.585 -16233.2303 1203.08964 -2509.9137 -1.19085537 -9.76058901 30877.1502 2783.35974
619.02 774261.079 -18748.0259 1201.89774 -2519.67904 -1.19280506 -9.77011984 28527.1588 2791.65554
620.02 775462.38 -21272.5918 1200.70419 -2529.45458 -1.19416847 -9.78096717 26167.6779 2799.96983
621.02 776662.487 -23806.939 1199.50974 -2539.24198 -1.19460833 -9.79386357 23798.6967 2808.30437
622.02 777861.4 -26351.0805 1198.31547 -2549.04367 -1.19369422 -9.8097539 21420.2028 2816.66178
623.02 779059.119 -28905.0322 1197.12293 -2558.86305 -1.19102196 -9.82954481 19032.1809 2825.04574
624.02 780255.647 -31468.814 1195.93422 -2568.70481 -1.18588391 -9.85481177 16634.612 2833.46132
625.02 781450.989 -34042.4515 1194.75254 -2578.57601 -1.17691157 -9.8885863 14227.4718 2841.91623
626.02 782645.156 -36625.9795 1193.5829 -2588.48781 -1.16178262 -9.93602583 11810.7273 2850.42265
627.02 783838.161 -39219.4458 1192.4321 -2598.45531 -1.13933187 -9.99986442 9384.33345 2858.99708
628.02 785030.028 -41822.9137 1191.30664 -2608.4933 -1.11102286 -10.0771306 6948.2306 2867.65563
629.02 786220.785 -44436.4603 1190.21235 -2618.61519 -1.07706238 -10.1675578 4502.34618 2876.41286
630.02 787410.466 -47060.1771 1189.15602 -2628.83676 -1.03513532 -10.2764466 2046.59435 2885.28591
630.85 788408.997 -49272.04 1188.30715 -2637.52077 -0.986691784 -10.3980566 -23.9391921 2892.85149
