0 0 4 0 0 0 0 6335441 0
0.01 0.00051316181 4.00028076 0.102633617 0.0396129961 10.2629852 12.2309495 4.00028076 0.110012948
1.01 5.24761223 5.20877083 10.4042068 2.39243562 10.3388281 2.39722914 5.208773 10.6757326
2.01 20.8343965 8.81551369 20.7821902 4.83634435 10.4157875 2.48898139 8.81554795 21.3375175
3.02 47.1507407 14.9861341 31.3426638 7.39854434 10.4946756 2.58305708 14.9863096 32.204053
4.02 83.754302 23.6923804 41.8776744 10.0297118 10.5739568 2.67762518 23.692934 43.0619871
5.02 130.932719 35.0773255 52.4925735 12.7561838 10.6544333 2.77364267 35.0786785 54.0202786
6.02 188.766481 49.2370046 63.1885706 15.5794268 10.7361331 2.87114311 49.2398168 65.0808266
7.02 257.337305 66.2689359 73.9669036 18.5009412 10.8190847 2.97016104 66.2741622 76.2455746
8.02 336.728156 86.2721556 84.8288392 21.5222626 10.9033179 3.07073212 86.281104 87.5165113
9.02 427.023283 109.347254 95.7756746 24.6449629 10.9888631 3.1728931 109.361645 98.8956725
10.02 528.308247 135.59641 106.808738 27.8706511 11.0757518 3.27668188 135.618437 110.385142
11.02 640.669954 165.123434 117.929389 31.2009749 11.1640165 3.38213758 165.155827 121.987055
12.02 764.196684 198.0338 129.13902 34.6376217 11.2536907 3.48930058 198.079889 133.703595
13.02 898.97813 234.434694 140.439059 38.1823199 11.3448091 3.59821254 234.498473 145.537002
14.02 1045.10543 274.435047 151.830969 41.8368404 11.4374072 3.7089165 274.521245 157.489569
15.02 1202.67119 318.145586 163.316247 45.6029977 11.5315222 3.82145689 318.259734 169.563645
16.02 1371.76955 365.678874 174.896429 49.4826514 11.627192 3.93587961 365.827376 181.76164
17.02 1552.49621 417.149356 186.573092 53.4777081 11.724456 4.05223211 417.339563 194.086022
18.01 1742.96555 472.097716 198.22961 57.5484107 11.8223578 4.16937015 472.337455 206.414141
19.01 1947.12353 531.751383 210.103111 61.7789832 11.9229168 4.28971041 532.050571 218.997626
20.01 2163.20558 595.696148 222.078045 66.1309531 12.0251959 4.41213206 596.065422 231.715259
21.01 2391.31401 664.054458 234.156155 70.6064292 12.1292402 4.53668931 664.505712 244.56977
22.01 2631.55288 736.950896 246.339229 75.2075756 12.235096 4.66343827 737.497367 257.563963
23.01 2884.02807 814.512239 258.629103 79.9366133 12.3428118 4.79243698 815.16859 270.700711
24.01 3148.84731 896.867512 271.027662 84.7958227 12.4524372 4.92374557 897.649924 283.982966
25.01 3426.12026 984.148054 283.536843 89.7875453 12.5640239 5.05742628 985.074311 297.41376
26.01 3715.95853 1076.48757 296.158634 94.9141857 12.6776255 5.19354363 1077.57716 310.996204
27.01 4018.47575 1174.02222 308.895077 100.178215 12.7932973 5.33216442 1175.29642 324.733496
28.01 4333.7876 1276.89065 321.748272 105.582171 12.9110968 5.47335796 1278.37262 338.62892
29.01 4662.01193 1385.23407 334.720378 111.128663 13.0310836 5.61719608 1386.949 352.685853
30.01 5003.26873 1499.19638 347.813612 116.820373 13.1533193 5.76375328 1501.17152 366.907765
31.01 5357.68029 1618.92414 361.030255 122.660061 13.2778681 5.9131069 1621.18898 381.298224
32.01 5725.37116 1744.56677 374.372656 128.650562 13.4047963 6.06533718 1747.15308 395.860901
33.01 6106.46832 1876.27651 387.843228 134.794796 13.5341731 6.22052744 1879.21853 410.599569
34.01 6501.10117 2014.2086 401.444455 141.095767 13.6660713 6.37876467 2017.54309 425.518115
35.01 6909.40164 2158.52132 415.178904 147.556569 13.8005745 6.54014209 2162.28772 440.620543
36.01 7331.50426 2309.37608 429.049213 154.180388 13.9377521 6.7047504 2313.61662 455.910977
37.01 7767.54625 2466.93753 443.058098 160.970505 14.0776847 6.87268695 2471.69736 471.393659
38.01 8217.66758 2631.37365 457.208356 167.930299 14.2204563 7.04405297 2636.70098 487.072957
39.01 8682.01105 2802.85585 471.502871 175.063252 14.3661543 7.21895385 2808.80208 502.953377
40.01 9160.7224 2981.55907 485.944614 182.372956 14.5148694 7.39749928 2988.17892 519.039559
41.01 9653.95038 3167.66191 500.536652 189.863112 14.6666965 7.57980354 3175.01358 535.336289
42.01 10161.8469 3361.34672 515.282146 197.537541 14.821734 7.76598566 3369.49203 551.848503
43.01 10684.5669 3562.79973 530.184359 205.400182 14.9800847 7.95616975 3571.80429 568.581295
44.02 11227.7222 3774.34613 545.398101 213.536637 15.1434911 8.15244967 3784.28914 585.710665
45.02 11780.7202 3991.99291 560.625615 221.790024 15.3088301 8.3510749 4002.9391 602.902891
46.02 12349.0291 4217.99313 576.020331 230.244278 15.4778395 8.55411709 4230.02047 620.332048
47.02 12932.8179 4452.54991 591.585971 238.903885 15.6506241 8.76171685 4465.7408 638.00394
48.02 13532.2593 4695.8709 607.326375 247.773481 15.8273114 8.97402821 4710.31238 655.924557
49.02 14147.5302 4948.16847 623.245514 256.857861 16.0080349 9.19121216 4963.95239 674.10009
50.02 14778.8113 5209.65986 639.347493 266.16198 16.1929337 9.41343703 5226.8831 692.536943
51.02 15426.2875 5480.56738 655.636563 275.690971 16.3821538 9.640879 5499.33201 711.241741
52.02 16090.1482 5761.11853 672.117122 285.450142 16.5758476 9.87372246 5781.53206 730.221342
53.02 16770.5871 6051.54622 688.793724 295.444994 16.7741815 10.1121633 6073.72178 749.482848
54.02 17467.8026 6352.08898 705.671109 305.681232 16.9773398 10.3564115 6376.14556 769.033634
55.02 18181.9979 6662.99112 722.754178 316.164767 17.1854792 10.6066713 6689.05381 788.881335
56.02 18913.3812 6984.50298 740.048004 326.901721 17.3987844 10.8631657 7012.70319 809.033859
57.02 19662.1659 7316.88115 757.557853 337.898449 17.617449 11.1261288 7347.35686 829.499405
58.02 20428.5708 7660.38867 775.289186 349.161544 17.8416764 11.3958065 7693.28469 850.286485
59.02 21212.82 8015.2953 793.247675 360.697851 18.071686 11.6724598 8050.76357 871.403932
60.02 22015.1438 8381.87781 811.439238 372.514493 18.3077401 11.9563777 8420.0776 892.860955
61.02 22835.7782 8760.4202 829.870021 384.618872 18.5500393 12.2478305 8801.51847 914.667113
62.02 23674.9657 9151.21403 848.546393 397.018674 18.7988334 12.5471197 9195.38569 936.832327
63.02 24532.9551 9554.55868 867.474984 409.721897 19.0543854 12.8545633 9601.98693 959.366917
64.02 25410.002 9970.76173 886.662691 422.736865 19.3169759 13.1704983 10021.6383 982.281622
65.02 26306.3692 10400.1392 906.116745 436.072269 19.5869789 13.4953177 10454.6649 1005.58768
66.02 27222.3268 10843.0161 925.844676 449.737165 19.8646321 13.8293617 10901.4008 1029.29679
67.02 28158.1525 11299.7265 945.854302 463.740977 20.1502635 14.1730264 11362.1899 1053.42112
68.02 29114.132 11770.6143 966.153775 478.093539 20.4442198 14.5267305 11837.386 1077.97335
69.02 30090.5595 12256.0333 986.751637 492.805128 20.7469645 14.8909657 12327.3534 1102.96677
70.02 31087.7378 12756.3478 1007.65689 507.886525 21.0588595 15.2661896 12832.4672 1128.41532
71.02 32105.9788 13271.9333 1028.87886 523.348949 21.3802723 15.6528785 13353.1142 1154.3335
72.02 33145.6043 13803.1766 1050.42729 539.204135 21.7116431 16.0515633 13889.6928 1180.73646
73.01 34196.2236 14344.9228 1072.09186 555.299743 22.0501147 16.4587069 14437.0026 1207.36853
74.01 35279.4006 14908.5242 1094.32098 571.973761 22.402936 16.8830883 15006.5209 1234.78435
75.01 36384.9851 15489.0141 1116.90873 589.079149 22.7672357 17.3212795 15593.2395 1262.73487
76.01 37513.3416 16086.831 1139.86689 606.630066 23.1436369 17.7739925 16197.6106 1291.23838
77.01 38664.8465 16702.4277 1163.20793 624.641442 23.5328288 18.2420012 16820.1012 1320.31421
78.01 39839.8894 17336.2725 1186.9449 643.128928 23.9353472 18.7260253 17461.1945 1349.9826
79.01 41038.8729 17988.8497 1211.09149 662.10896 24.3519129 19.2269127 18121.3902 1380.26478
80.01 42262.2137 18660.6604 1235.66219 681.598896 24.7833837 19.7456198 18801.2055 1411.18323
81.01 43510.3437 19352.2236 1260.67224 701.617 25.2304409 20.2830409 19501.1764 1442.76156
82.01 44783.71 20064.0769 1286.13767 722.182509 25.6939849 20.8402285 20221.858 1475.02463
83.01 46082.7765 20796.7778 1312.07549 743.315784 26.1750115 21.4183308 20963.826 1507.99882
84.01 47408.0244 21550.9048 1338.50362 765.038306 26.6744208 22.0184866 21727.678 1541.71189
85.01 48759.9535 22327.0584 1365.44103 787.372792 27.1933788 22.642034 22514.0344 1576.19323
86.01 50139.0829 23125.8624 1392.90785 810.343345 27.7330199 23.2903474 23323.5399 1611.47405
87.01 51545.9527 23947.9656 1420.92538 833.975464 28.2945722 23.9649125 24156.8649 1647.58733
88.01 52981.1248 24794.0429 1449.51626 858.296259 28.8794936 24.6674132 25014.7071 1684.56815
89.01 54445.1844 25664.7973 1478.70456 883.334517 29.4891534 25.3995511 25897.7934 1722.45378
90.01 55938.7415 26560.9613 1508.51586 909.120868 30.1252685 26.1633105 26806.8811 1761.28386
91.01 57462.4328 27483.2992 1538.97747 935.687968 30.789501 26.9607277 27742.7606 1801.10067
92.01 59016.9229 28432.609 1570.11848 963.070625 31.4838218 27.794118 28706.2572 1841.94926
93.01 60602.9066 29409.7247 1601.97002 991.306065 32.2102725 28.665943 29698.2335 1883.87783
94.01 62221.1109 30415.5187 1634.56538 1020.43409 32.9711688 29.5789465 30719.5922 1926.93791
95.01 63872.2972 31450.9046 1667.94025 1050.49737 33.7689815 30.536095 31771.2784 1971.18477
96.01 65557.2639 32516.8404 1702.13293 1081.54171 34.6064959 31.5406925 32854.2832 2016.67771
97.01 67276.8493 33614.3314 1737.18465 1113.61637 35.4867007 32.5963288 33969.6471 2063.48053
98.01 69031.9343 34744.4342 1773.13977 1146.7744 36.4129946 33.7070303 35118.4634 2111.66195
99.01 70823.4459 35908.2604 1810.04624 1181.07306 37.3890339 34.8771865 36301.8826 2161.29613
100.01 72652.3611 37106.9811 1847.95587 1216.57428 38.4189632 36.1117256 37521.1167 2212.4633
101.01 74519.7107 38341.8321 1886.92483 1253.34518 39.5073482 37.4161018 38777.4448 2265.25042
102.01 76426.5842 39614.1189 1927.01415 1291.45864 40.6592979 38.7964126 40072.2182 2319.75192
103.01 78374.1346 40925.2233 1968.29027 1330.99403 41.880559 40.2595033 41406.8673 2376.07064
104.01 80363.5844 42276.6097 2010.82569 1372.03796 43.1775514 41.8130406 42782.9079 2434.31882
105.01 82396.2321 43669.8335 2054.6998 1414.68521 44.5575377 43.4656855 44201.95 2494.61931
106.01 84473.4592 45106.5491 2099.99969 1459.03977 46.0287431 45.2272444 45665.7063 2557.10691
107.01 86596.7386 46588.5202 2146.82123 1505.21614 47.6005029 47.1088534 47176.0022 2621.93002
108.01 88767.644 48117.6307 2195.2703 1553.34069 49.2834759 49.1232243 48734.7879 2689.2525
109.01 90987.8606 49695.8975 2245.46421 1603.55345 51.0898853 51.2849324 50344.1511 2759.25591
110.01 93259.1938 51325.4811 2296.91292 1655.27065 -0.142277036 -9.76202672 52006.3279 2831.20644
111.01 95556.035 52975.8716 2296.76888 1645.51126 -0.14571674 -9.75686207 53690.4814 2825.3946
112.01 97852.7304 54616.5053 2296.62142 1635.75702 -0.149143521 -9.75172165 55365.685 2819.60476
113.01 100149.277 56247.3874 2296.47053 1626.00791 -0.152558787 -9.74660645 57031.9429 2813.837
114.01 102445.67 57868.5229 2296.31624 1616.2639 -0.155963684 -9.74151724 58689.2596 2808.09139
115.01 104741.908 59479.9169 2296.15854 1606.52497 -0.159359172 -9.73645465 60337.6397 2802.36802
116.01 107037.986 61081.5745 2295.99745 1596.79109 -0.162745989 -9.73141915 61977.0873 2796.66696
117.01 109333.902 62673.5007 2295.83298 1587.06223 -0.166124354 -9.72641082 63607.607 2790.98828
118.01 111629.651 64255.7006 2295.66514 1577.33836 -0.169495658 -9.72143057 65229.2029 2785.33207
119.01 113925.231 65828.1791 2295.49393 1567.61945 -0.172860352 -9.71647862 66841.8795 2779.69839
120.01 116220.638 67390.9412 2295.31935 1557.90549 -0.176218812 -9.71155514 68445.6411 2774.08732
121.01 118515.869 68943.9917 2295.14142 1548.19643 -0.179571345 -9.70666026 70040.4918 2768.49893
122.01 120810.92 70487.3357 2294.96015 1538.49226 -0.182917991 -9.70179392 71626.436 2762.93331
123.01 123105.788 72020.9779 2294.77552 1528.79293 -0.186259309 -9.6969564 73203.4777 2757.39053
124.01 125400.47 73544.9231 2294.58756 1519.09843 -0.189595499 -9.69214775 74771.6213 2751.87066
125.01 127694.962 75059.1763 2294.39627 1509.40872 -0.192926723 -9.68736798 76330.8709 2746.37378
126.01 129989.261 76563.7422 2294.20164 1499.72378 -0.19625309 -9.68261706 77881.2305 2740.89996
127.01 132283.364 78058.6254 2294.0037 1490.04357 -0.199574724 -9.67789498 79422.7043 2735.44929
128.01 134577.267 79543.8309 2293.80243 1480.36807 -0.202891816 -9.67320177 80955.2964 2730.02183
129.01 136870.968 81019.3632 2293.59785 1470.69725 -0.206204446 -9.66853739 82479.0108 2724.61768
130.01 139164.462 82485.2269 2293.38996 1461.03108 -0.209512688 -9.66390179 83993.8516 2719.2369
131.01 141457.746 83941.4269 2293.17876 1451.36953 -0.212816571 -9.65929489 85499.8227 2713.87957
132.01 143750.818 85387.9675 2292.96426 1441.71258 -0.21611622 -9.65471668 86996.9282 2708.54578
133.01 146043.674 86824.8535 2292.74646 1432.06018 -0.21941169 -9.6501671 88485.1719 2703.2356
134.01 148336.31 88252.0894 2292.52537 1422.41232 -0.222703031 -9.64564609 89964.5577 2697.94911
135.01 150628.724 89669.6797 2292.30099 1412.76897 -0.225990283 -9.64115358 91435.0897 2692.68639
136.01 152920.911 91077.6288 2292.07332 1403.1301 -0.229273522 -9.63668952 92896.7717 2687.44752
137.01 155212.869 92475.9414 2291.84238 1393.49567 -0.232552796 -9.63225386 94349.6074 2682.23259
138.01 157504.595 93864.6217 2291.60815 1383.86567 -0.235828147 -9.62784652 95793.6007 2677.04167
139.01 159796.084 95243.6742 2291.37066 1374.24006 -0.239099622 -9.62346745 97228.7555 2671.87485
140.01 162087.335 96613.1032 2291.12989 1364.61881 -0.242367274 -9.61911659 98655.0754 2666.73221
141.01 164378.343 97972.9132 2290.88586 1355.0019 -0.245631147 -9.61479388 100072.564 2661.61383
142.01 166669.105 99323.1085 2290.63857 1345.3893 -0.248891278 -9.61049924 101481.226 2656.51979
143.01 168959.619 100663.693 2290.38801 1335.78098 -0.252147717 -9.60623263 102881.063 2651.45018
144.01 171249.88 101994.672 2290.13421 1326.17691 -0.255400506 -9.60199398 104272.081 2646.40509
145.01 173539.886 103316.048 2289.87715 1316.57707 -0.258649685 -9.59778323 105654.283 2641.38458
146.01 175829.634 104627.827 2289.61684 1306.98142 -0.261895296 -9.59360031 107027.671 2636.38876
147.01 178119.119 105930.013 2289.35329 1297.38994 -0.265137383 -9.58944518 108392.251 2631.41771
148.01 180408.339 107222.609 2289.0865 1287.8026 -0.268375983 -9.58531775 109748.025 2626.4715
149.01 182697.291 108505.619 2288.81648 1278.21938 -0.271611139 -9.58121799 111094.996 2621.55024
150.01 184985.971 109779.049 2288.54322 1268.64024 -0.274842891 -9.57714582 112433.17 2616.65399
151.01 187274.376 111042.901 2288.26673 1259.06516 -0.278071278 -9.57310119 113762.548 2611.78286
152.01 189562.503 112297.18 2287.98701 1249.49411 -0.28129634 -9.56908404 115083.134 2606.93692
153.01 191850.349 113541.891 2287.70407 1239.92706 -0.284518116 -9.56509431 116394.933 2602.11626
154.01 194137.91 114777.036 2287.41791 1230.36399 -0.287736647 -9.56113193 117697.946 2597.32098
155.01 196425.184 116002.62 2287.12854 1220.80487 -0.290951971 -9.55719687 118992.179 2592.55115
156.01 198712.166 117218.647 2286.83595 1211.24966 -0.294164128 -9.55328905 120277.633 2587.80687
157.01 200998.855 118425.121 2286.54014 1201.69836 -0.297373156 -9.54940842 121554.313 2583.08822
158.01 203285.246 119622.045 2286.24114 1192.15092 -0.300579094 -9.54555493 122822.221 2578.3953
159.01 205571.336 120809.424 2285.93892 1182.60731 -0.303781981 -9.54172851 124081.361 2573.72819
160.02 207879.979 121998.991 2285.63044 1172.97215 -0.307013839 -9.53789126 125344.196 2569.04071
161.02 210165.455 123167.195 2285.32179 1163.43618 -0.310210709 -9.5341191 126585.722 2564.42576
162.02 212450.621 124325.865 2285.00995 1153.90397 -0.313404643 -9.53037386 127818.49 2559.83688
163.02 214735.474 125475.004 2284.69492 1144.3755 -0.31659568 -9.52665548 129042.503 2555.27419
164.02 217020.01 126614.617 2284.3767 1134.85073 -0.319783858 -9.5229639 130257.764 2550.73775
165.02 219304.226 127744.707 2284.05529 1125.32964 -0.322969214 -9.51929907 131464.276 2546.22767
166.02 221588.12 128865.277 2283.7307 1115.8122 -0.326151786 -9.51566095 132662.043 2541.74404
167.02 223871.687 129976.332 2283.40293 1106.29838 -0.329331612 -9.51204947 133851.067 2537.28694
168.02 226154.924 131077.875 2283.07197 1096.78816 -0.332508729 -9.50846459 135031.351 2532.85647
169.02 228437.83 132169.91 2282.73785 1087.28151 -0.335683175 -9.50490625 136202.899 2528.45272
170.02 230720.399 133252.439 2282.40054 1077.77841 -0.338854987 -9.5013744 137365.713 2524.07578
171.02 233002.63 134325.468 2282.06007 1068.27882 -0.342024203 -9.497869 138519.797 2519.72574
172.02 235284.518 135388.998 2281.71643 1058.78273 -0.345190859 -9.49438999 139665.154 2515.4027
173.02 237566.061 136443.034 2281.36963 1049.2901 -0.348354993 -9.49093732 140801.786 2511.10675
174.02 239847.256 137487.58 2281.01966 1039.80092 -0.351516641 -9.48751095 141929.696 2506.83798
175.02 242128.1 138522.637 2280.66653 1030.31514 -0.354675841 -9.48411082 143048.888 2502.59648
176.02 244408.588 139548.211 2280.31025 1020.83275 -0.357832628 -9.48073689 144159.364 2498.38234
177.02 246688.719 140564.304 2279.95081 1011.35373 -0.36098704 -9.47738911 145261.127 2494.19567
178.02 248968.489 141570.92 2279.58821 1001.87803 -0.364139114 -9.47406742 146354.18 2490.03655
179.02 251247.895 142568.061 2279.22247 992.40565 -0.367288885 -9.4707718 147438.525 2485.90507
180.02 253526.933 143555.732 2278.85357 982.936548 -0.370436389 -9.46750218 148514.166 2481.80133
181.02 255805.601 144533.935 2278.48153 973.470702 -0.373581664 -9.46425852 149581.105 2477.72543
182.02 258083.895 145502.675 2278.10635 964.008087 -0.376724745 -9.46104077 150639.346 2473.67745
183.02 260361.812 146461.953 2277.72802 954.548676 -0.379865668 -9.4578489 151688.889 2469.65749
184.02 262639.35 147411.773 2277.34655 945.092444 -0.38300447 -9.45468285 152729.74 2465.66564
185.02 264916.504 148352.139 2276.96195 935.639365 -0.386141185 -9.45154258 153761.899 2461.702
186.02 267193.273 149283.053 2276.57421 926.189413 -0.38927585 -9.44842804 154785.37 2457.76666
187.02 269469.652 150204.518 2276.18333 916.742562 -0.392408501 -9.4453392 155800.155 2453.85971
188.02 271745.638 151116.539 2275.78933 907.298787 -0.395539173 -9.44227601 156806.257 2449.98126
189.02 274021.229 152019.117 2275.39219 897.858063 -0.398667901 -9.43923842 157803.678 2446.13138
190.02 276296.422 152912.256 2274.99193 888.420362 -0.401794721 -9.43622639 158792.422 2442.31018
191.02 278571.212 153795.959 2274.58854 878.985661 -0.404919668 -9.43323988 159772.49 2438.51775
192.02 280845.598 154670.228 2274.18203 869.553934 -0.408042778 -9.43027886 160743.885 2434.75419
193.02 283119.575 155535.068 2273.77239 860.125154 -0.411164086 -9.42734327 161706.609 2431.01958
194.02 285393.141 156390.48 2273.35964 850.699297 -0.414283627 -9.42443307 162660.665 2427.31402
195.02 287666.293 157236.467 2272.94377 841.276337 -0.417401435 -9.42154824 163606.056 2423.6376
196.02 289939.028 158073.033 2272.52477 831.85625 -0.420517546 -9.41868871 164542.784 2419.99043
197.02 292211.342 158900.181 2272.10267 822.439008 -0.423631995 -9.41585447 165470.851 2416.37258
198.02 294483.232 159717.912 2271.67745 813.024589 -0.426744815 -9.41304546 166390.259 2412.78416
199.02 296754.696 160526.231 2271.24912 803.612965 -0.429856043 -9.41026164 167301.011 2409.22526
200.02 299025.729 161325.139 2270.81768 794.204112 -0.432965713 -9.40750298 168203.11 2405.69597
201.02 301296.33 162114.64 2270.38312 784.798006 -0.436073859 -9.40476945 169096.557 2402.19638
202.02 303566.495 162894.736 2269.94547 775.39462 -0.439180515 -9.40206099 169981.354 2398.72659
203.02 305836.22 163665.43 2269.5047 765.993929 -0.442285717 -9.39937758 170857.505 2395.28668
204.02 308105.503 164426.725 2269.06083 756.595909 -0.445389498 -9.39671918 171725.011 2391.87676
205.02 310374.341 165178.623 2268.61386 747.200535 -0.448491893 -9.39408575 172583.875 2388.49691
206.02 312642.73 165921.127 2268.16379 737.807782 -0.451592935 -9.39147725 173434.098 2385.14723
207.02 314910.667 166654.239 2267.71061 728.417625 -0.45469266 -9.38889365 174275.683 2381.8278
208.02 317178.15 167377.963 2267.25434 719.030038 -0.457791101 -9.38633491 175108.631 2378.53872
209.02 319445.175 168092.3 2266.79497 709.644997 -0.460888291 -9.383801 175932.946 2375.28008
210.02 321711.739 168797.254 2266.3325 700.262478 -0.463984266 -9.38129188 176748.629 2372.05197
211.02 323977.839 169492.826 2265.86694 690.882455 -0.467079059 -9.37880752 177555.682 2368.85448
212.02 326243.472 170179.019 2265.39828 681.504904 -0.470172704 -9.37634788 178354.108 2365.6877
213.02 328508.634 170855.836 2264.92653 672.1298 -0.473265234 -9.37391293 179143.907 2362.55173
214.02 330773.324 171523.28 2264.45169 662.757119 -0.476356683 -9.37150263 179925.083 2359.44664
215.02 333037.537 172181.351 2263.97376 653.386835 -0.479447085 -9.36911696 180697.637 2356.37254
216.02 335301.27 172830.054 2263.49274 644.018924 -0.482536474 -9.36675588 181461.571 2353.3295
217.02 337564.521 173469.39 2263.00862 634.653362 -0.485624883 -9.36441936 182216.888 2350.31762
218.02 339827.286 174099.362 2262.52142 625.290124 -0.488712344 -9.36210737 182963.588 2347.33699
219.02 342089.563 174719.971 2262.03114 615.929185 -0.491798893 -9.35981987 183701.675 2344.38769
220.02 344351.348 175331.221 2261.53777 606.570521 -0.494884562 -9.35755683 184431.149 2341.46981
221.02 346612.637 175933.113 2261.04131 597.214108 -0.497969385 -9.35531822 185152.012 2338.58344
222.02 348873.429 176525.65 2260.54176 587.859921 -0.501053394 -9.35310402 185864.267 2335.72866
223.02 351133.72 177108.833 2260.03914 578.507936 -0.504136623 -9.35091419 186567.916 2332.90556
224.02 353393.506 177682.666 2259.53343 569.158128 -0.507219106 -9.3487487 187262.959 2330.11422
225.02 355652.786 178247.15 2259.02464 559.810473 -0.510300874 -9.34660752 187949.399 2327.35474
226.02 357911.555 178802.288 2258.51277 550.464948 -0.513381962 -9.34449063 188627.238 2324.62719
227.02 360169.81 179348.081 2257.99781 541.121526 -0.516462402 -9.34239799 189296.477 2321.93166
228.02 362427.549 179884.532 2257.47978 531.780185 -0.519542228 -9.34032958 189957.118 2319.26823
229.02 364684.769 180411.642 2256.95867 522.4409 -0.522621472 -9.33828536 190609.162 2316.63699
230.02 366941.466 180929.414 2256.43448 513.103647 -0.525700167 -9.33626532 191252.611 2314.03801
231.02 369197.637 181437.85 2255.90721 503.768402 -0.528778345 -9.33426942 191887.468 2311.47138
232.02 371453.279 181936.952 2255.37686 494.43514 -0.531856041 -9.33229763 192513.732 2308.93718
233.02 373708.389 182426.721 2254.84343 485.103838 -0.534933286 -9.33034994 193131.407 2306.43548
234.02 375962.965 182907.16 2254.30693 475.774471 -0.538010113 -9.32842631 193740.493 2303.96638
235.02 378217.002 183378.271 2253.76735 466.447015 -0.541086555 -9.32652671 194340.993 2301.52995
236.02 380470.499 183840.055 2253.2247 457.121447 -0.544162645 -9.32465113 194932.907 2299.12626
237.02 382723.451 184292.514 2252.67896 447.797742 -0.547238415 -9.32279954 195516.236 2296.75539
238.02 384975.855 184735.651 2252.13016 438.475877 -0.550313898 -9.32097191 196090.984 2294.41743
239.02 387227.71 185169.466 2251.57828 429.155827 -0.553389125 -9.31916821 196657.15 2292.11244
240.02 389479.011 185593.963 2251.02332 419.837568 -0.556464131 -9.31738843 197214.737 2289.84051
241.02 391729.756 186009.142 2250.46529 410.521077 -0.559538947 -9.31563253 197763.746 2287.6017
242.02 393979.94 186415.006 2249.90418 401.20633 -0.562613605 -9.31390051 198304.178 2285.3961
243.02 396229.563 186811.555 2249.34 391.893303 -0.565688139 -9.31219232 198836.034 2283.22377
244.02 398478.619 187198.793 2248.77274 382.581971 -0.56876258 -9.31050796 199359.316 2281.08479
245.02 400727.107 187576.72 2248.20241 373.272312 -0.571836961 -9.30884739 199874.026 2278.97922
246.02 402975.023 187945.338 2247.62901 363.964302 -0.574911313 -9.3072106 200380.164 2276.90715
247.02 405222.364 188304.649 2247.05253 354.657916 -0.577985671 -9.30559756 200877.731 2274.86863
248.02 407469.127 188654.654 2246.47297 345.353131 -0.581060064 -9.30400825 201366.73 2272.86374
249.02 409715.309 188995.356 2245.89034 336.049923 -0.584134527 -9.30244266 201847.161 2270.89255
250.02 411960.907 189326.755 2245.30464 326.748268 -0.587209091 -9.30090075 202319.025 2268.95513
251.02 414205.917 189648.853 2244.71586 317.448144 -0.590283788 -9.29938251 202782.324 2267.05153
252.02 416450.338 189961.652 2244.12401 308.149526 -0.593358651 -9.29788793 203237.059 2265.18183
253.02 418694.164 190265.152 2243.52909 298.85239 -0.596433711 -9.29641697 203683.23 2263.34609
254.02 420937.395 190559.357 2242.93108 289.556713 -0.599509001 -9.29496962 204120.84 2261.54437
255.02 423180.026 190844.266 2242.33001 280.262471 -0.602584552 -9.29354587 204549.888 2259.77674
256.02 425422.054 191119.882 2241.72585 270.969642 -0.605660398 -9.29214568 204970.377 2258.04326
257.02 427663.476 191386.206 2241.11862 261.6782 -0.608736569 -9.29076905 205382.307 2256.34398
258.02 429904.29 191643.239 2240.50832 252.388123 -0.611813099 -9.28941596 205785.68 2254.67898
259.02 432144.492 191890.983 2239.89494 243.099387 -0.614890018 -9.28808638 206180.495 2253.0483
260.02 434384.079 192129.438 2239.27848 233.811969 -0.61796736 -9.28678031 206566.755 2251.45201
261.02 436623.048 192358.607 2238.65894 224.525845 -0.621045155 -9.28549771 206944.461 2249.89015
262.02 438861.396 192578.49 2238.03632 215.240991 -0.624123437 -9.28423859 207313.612 2248.3628
263.02 441099.119 192789.09 2237.41063 205.957384 -0.627202236 -9.28300291 207674.21 2246.87
264.02 443336.216 192990.406 2236.78186 196.675002 -0.630281586 -9.28179067 208026.257 2245.4118
265.02 445572.682 193182.44 2236.15001 187.393819 -0.633361517 -9.28060185 208369.752 2243.98826
266.02 447808.515 193365.194 2235.51507 178.113814 -0.636442063 -9.27943642 208704.697 2242.59942
267.02 450043.711 193538.668 2234.87706 168.834962 -0.639523254 -9.27829439 209031.093 2241.24535
268.02 452278.268 193702.864 2234.23597 159.55724 -0.642605122 -9.27717573 209348.94 2239.92608
269.02 454512.182 193857.783 2233.59179 150.280625 -0.645687701 -9.27608043 209658.239 2238.64167
270.02 456745.451 194003.426 2232.94453 141.005093 -0.648771021 -9.27500847 209958.991 2237.39217
271.02 458978.07 194139.793 2232.29418 131.730621 -0.651855114 -9.27395984 210251.197 2236.1776
272.02 461210.038 194266.887 2231.64076 122.457186 -0.654940013 -9.27293452 210534.857 2234.99804
273.02 463441.351 194384.708 2230.98424 113.184765 -0.658025749 -9.27193251 210809.972 2233.8535
274.02 465672.005 194493.257 2230.32464 103.913333 -0.661112353 -9.2709538 211076.544 2232.74405
275.02 467901.999 194592.535 2229.66196 94.6428686 -0.664199859 -9.26999835 211334.571 2231.66971
276.02 470131.328 194682.543 2228.99618 85.3733476 -0.667288298 -9.26906618 211584.056 2230.63053
277.02 472359.99 194763.282 2228.32732 76.1047469 -0.670377702 -9.26815726 211824.999 2229.62655
278.02 474587.982 194834.753 2227.65536 66.8370433 -0.673468102 -9.26727157 212057.4 2228.6578
279.02 476815.3 194896.956 2226.98032 57.5702135 -0.67655953 -9.26640913 212281.26 2227.72432
280.02 479041.941 194949.894 2226.30218 48.3042343 -0.679652019 -9.2655699 212496.58 2226.82615
281.02 481267.903 194993.565 2225.62095 39.0390825 -0.682745601 -9.26475387 212703.359 2225.96331
282.02 483493.182 195027.972 2224.93663 29.7747349 -0.685840306 -9.26396105 212901.599 2225.13585
283.02 485717.776 195053.115 2224.24921 20.5111683 -0.688936168 -9.26319142 213091.3 2224.34378
284.02 487941.68 195068.995 2223.55869 11.2483595 -0.692033218 -9.26244496 213272.463 2223.58714
285.02 490164.892 195075.612 2222.86508 1.98628533 -0.695131487 -9.26172168 213445.087 2222.86597
286.02 492387.409 195072.967 2222.16837 -7.27507736 -0.698231009 -9.26102156 213609.174 2222.18028
287.02 494609.228 195061.062 2221.46856 -16.5357517 -0.701331814 -9.26034458 213764.724 2221.5301
288.02 496830.345 195039.896 2220.76564 -25.7957609 -0.704433935 -9.25969076 213911.737 2220.91546
289.02 499050.758 195009.471 2220.05963 -35.0551281 -0.707537403 -9.25906006 214050.214 2220.33637
290.02 501270.463 194969.786 2219.3505 -44.3138764 -0.710642251 -9.2584525 214180.154 2219.79287
291.02 503489.458 194920.843 2218.63828 -53.5720289 -0.713748511 -9.25786805 214301.559 2219.28497
292.02 505707.739 194862.642 2217.92295 -62.8296087 -0.716856214 -9.25730672 214414.428 2218.81269
293.02 507925.303 194795.184 2217.2045 -72.0866391 -0.719965393 -9.2567685 214518.763 2218.37605
294.02 510142.147 194718.469 2216.48295 -81.3431429 -0.723076079 -9.25625337 214614.562 2217.97506
295.02 512358.268 194632.498 2215.75829 -90.5991434 -0.726188305 -9.25576134 214701.826 2217.60975
296.02 514573.662 194537.271 2215.03051 -99.8546637 -0.729302102 -9.25529239 214780.556 2217.28012
297.02 516788.328 194432.789 2214.29962 -109.109727 -0.732417504 -9.25484653 214850.752 2216.98619
298.02 519002.26 194319.052 2213.56561 -118.364356 -0.735534541 -9.25442374 214912.414 2216.72796
299.02 521215.458 194196.06 2212.82849 -127.618574 -0.738653246 -9.25402403 214965.541 2216.50545
300.02 523427.916 194063.815 2212.08824 -136.872404 -0.74177365 -9.25364739 215010.135 2216.31867
301.02 525639.633 193922.316 2211.34488 -146.125869 -0.744895787 -9.2532938 215046.196 2216.16763
302.02 527850.605 193771.563 2210.59839 -155.378992 -0.748019689 -9.25296328 215073.722 2216.05232
303.02 530060.829 193611.558 2209.84878 -164.631797 -0.751145386 -9.25265581 215092.715 2215.97275
304.02 532270.302 193442.3 2209.09604 -173.884306 -0.754272913 -9.25237139 215103.175 2215.92894
305.02 534479.02 193263.789 2208.34017 -183.136542 -0.7574023 -9.25211003 215105.101 2215.92087
306.02 536686.981 193076.027 2207.58117 -192.388528 -0.76053358 -9.25187171 215098.494 2215.94855
307.02 538894.181 192879.012 2206.81904 -201.640288 -0.763666786 -9.25165643 215083.353 2216.01197
308.02 541100.618 192672.746 2206.05377 -210.891845 -0.76680195 -9.25146419 215059.678 2216.11115
309.02 543306.288 192457.228 2205.28537 -220.143221 -0.769939103 -9.251295 215027.471 2216.24606
310.02 545511.188 192232.46 2204.51383 -229.394439 -0.77307828 -9.25114884 214986.729 2216.41671
311.02 547715.314 191998.44 2203.73915 -238.645523 -0.77621951 -9.25102572 214937.454 2216.62309
312.02 549918.665 191755.169 2202.96133 -247.896496 -0.779362829 -9.25092564 214879.645 2216.86519
313.02 552121.236 191502.647 2202.18036 -257.147381 -0.782508266 -9.2508486 214813.301 2217.14301
314.02 554323.024 191240.874 2201.39625 -266.3982 -0.785655856 -9.25079459 214738.424 2217.45652
315.02 556524.027 190969.85 2200.60899 -275.648977 -0.788805631 -9.25076361 214655.012 2217.80573
316.02 558724.241 190689.576 2199.81857 -284.899734 -0.791957623 -9.25075568 214563.066 2218.19062
317.02 560923.663 190400.051 2199.02501 -294.150496 -0.795111865 -9.25077078 214462.585 2218.61116
318.02 563122.29 190101.275 2198.22828 -303.401284 -0.798268389 -9.25080892 214353.569 2219.06736
319.02 565320.119 189793.248 2197.42841 -312.652122 -0.801427229 -9.2508701 214236.017 2219.55918
320.02 567517.146 189475.971 2196.62537 -321.903033 -0.804588416 -9.25095432 214109.93 2220.08661
321.02 569713.369 189149.442 2195.81916 -331.15404 -0.807751984 -9.25106158 213975.307 2220.64964
322.02 571908.783 188813.663 2195.0098 -340.405167 -0.810917965 -9.25119189 213832.147 2221.24823
323.02 574103.387 188468.632 2194.19726 -349.656435 -0.814086393 -9.25134525 213680.451 2221.88237
324.02 576297.177 188114.35 2193.38156 -358.907868 -0.817257299 -9.25152166 213520.218 2222.55203
325.02 578490.149 187750.816 2192.56269 -368.15949 -0.820430718 -9.25172112 213351.448 2223.25719
326.02 580682.301 187378.031 2191.74064 -377.411322 -0.823606681 -9.25194364 213174.14 2223.99782
327.02 582873.629 186995.993 2190.91541 -386.663389 -0.826785222 -9.25218923 212988.293 2224.7739
328.02 585064.131 186604.704 2190.087 -395.915714 -0.829966374 -9.25245788 212793.908 2225.58539
329.02 587253.802 186204.162 2189.25541 -405.168318 -0.83315017 -9.2527496 212590.983 2226.43226
330.02 589442.641 185794.367 2188.42064 -414.421227 -0.836336643 -9.2530644 212379.519 2227.31449
331.02 591630.643 185375.319 2187.58267 -423.674461 -0.839525827 -9.25340228 212159.515 2228.23203
332.02 593817.805 184947.018 2186.74152 -432.928046 -0.842717754 -9.25376325 211930.969 2229.18487
333.02 596004.125 184509.463 2185.89717 -442.182003 -0.845912457 -9.2541473 211693.883 2230.17295
334.02 598189.598 184062.654 2185.04963 -451.436356 -0.849109971 -9.25455446 211448.254 2231.19624
335.02 600374.223 183606.59 2184.19889 -460.691128 -0.852310329 -9.25498472 211194.083 2232.25471
336.02 602557.995 183141.271 2183.34494 -469.946342 -0.855513563 -9.25543809 210931.369 2233.34832
337.02 604740.912 182666.697 2182.4878 -479.202021 -0.858719707 -9.25591458 210660.11 2234.47702
338.02 606922.969 182182.867 2181.62744 -488.458189 -0.861928796 -9.2564142 210380.308 2235.64078
339.02 609104.165 181689.781 2180.76387 -497.714867 -0.865140862 -9.25693695 210091.96 2236.83955
340.02 611284.496 181187.437 2179.89709 -506.972081 -0.868355939 -9.25748285 209795.066 2238.07328
341.02 613463.959 180675.836 2179.0271 -516.229852 -0.871574061 -9.25805189 209489.625 2239.34194
342.02 615642.549 180154.977 2178.15388 -525.488204 -0.874795261 -9.25864409 209175.637 2240.64548
343.02 617820.265 179624.86 2177.27744 -534.74716 -0.878019574 -9.25925946 208853.1 2241.98385
344.02 619997.103 179085.483 2176.39777 -544.006743 -0.881247034 -9.25989801 208522.015 2243.35699
345.02 622173.06 178536.846 2175.51488 -553.266977 -0.884477673 -9.26055974 208182.379 2244.76487
346.02 624348.132 177978.949 2174.62875 -562.527884 -0.887711527 -9.26124467 207834.193 2246.20743
347.02 626522.316 177411.79 2173.73939 -571.789488 -0.890948629 -9.26195281 207477.456 2247.68462
348.02 628695.609 176835.369 2172.84679 -581.051812 -0.894189014 -9.26268417 207112.166 2249.19639
349.02 630868.009 176249.686 2171.95095 -590.314879 -0.897432715 -9.26343875 206738.322 2250.74267
350.02 633039.51 175654.739 2171.05186 -599.578712 -0.900679767 -9.26421657 206355.924 2252.32342
351.02 635210.111 175050.529 2170.14952 -608.843335 -0.903930204 -9.26501765 205964.971 2253.93859
352.02 637379.808 174437.053 2169.24393 -618.108772 -0.907184061 -9.26584199 205565.461 2255.5881
353.02 639548.598 173814.311 2168.33509 -627.375044 -0.910441372 -9.2666896 205157.395 2257.27191
354.02 641716.477 173182.302 2167.42298 -636.642176 -0.913702172 -9.2675605 204740.77 2258.98996
355.02 643883.443 172541.026 2166.50762 -645.91019 -0.916966495 -9.2684547 204315.585 2260.74218
356.02 646049.491 171890.481 2165.58898 -655.179111 -0.920234375 -9.26937222 203881.84 2262.52852
357.02 648214.62 171230.668 2164.66708 -664.448961 -0.923505849 -9.27031306 203439.534 2264.34891
358.02 650378.825 170561.583 2163.7419 -673.719764 -0.92678095 -9.27127724 202988.665 2266.20329
359.02 652542.102 169883.228 2162.81345 -682.991543 -0.930059713 -9.27226478 202529.233 2268.09159
360.02 654704.45 169195.6 2161.88172 -692.264321 -0.933342173 -9.27327569 202061.235 2270.01376
361.02 656865.865 168498.699 2160.9467 -701.538123 -0.936628366 -9.27430999 201584.672 2271.96971
362.02 659026.343 167792.523 2160.00839 -710.81297 -0.939918326 -9.27536768 201099.541 2273.9594
363.02 661185.881 167077.072 2159.0668 -720.088887 -0.943212089 -9.27644879 200605.842 2275.98274
364.02 663344.475 166352.345 2158.1219 -729.365897 -0.94650969 -9.27755333 200103.573 2278.03968
365.02 665502.123 165618.34 2157.17371 -738.644024 -0.949811165 -9.27868132 199592.733 2280.13013
366.02 667658.821 164875.057 2156.22221 -747.92329 -0.953116548 -9.27983277 199073.321 2282.25404
367.02 669814.567 164122.493 2155.26741 -757.20372 -0.956425875 -9.2810077 198545.335 2284.41132
368.02 671969.355 163360.649 2154.30929 -766.485337 -0.959739182 -9.28220613 198008.775 2286.60191
369.02 674123.184 162589.522 2153.34786 -775.768165 -0.963056505 -9.28342807 197463.638 2288.82574
370.02 676276.05 161809.112 2152.38311 -785.052226 -0.96637788 -9.28467355 196909.924 2291.08273
371.02 678427.949 161019.417 2151.41504 -794.337545 -0.969703341 -9.28594257 196347.631 2293.3728
372.02 680578.879 160220.437 2150.44364 -803.624145 -0.973032926 -9.28723517 195776.757 2295.69589
373.02 682728.835 159412.169 2149.46891 -812.912049 -0.97636667 -9.28855135 195197.302 2298.05191
374.02 684877.815 158594.612 2148.49084 -822.201282 -0.979704609 -9.28989114 194609.263 2300.44079
375.02 687025.816 157767.766 2147.50943 -831.491866 -0.983046781 -9.29125456 194012.64 2302.86245
376.02 689172.833 156931.628 2146.52468 -840.783826 -0.98639322 -9.29264162 193407.43 2305.31682
377.02 691318.864 156086.197 2145.53657 -850.077185 -0.989743963 -9.29405235 192793.633 2307.80381
378.02 693463.905 155231.473 2144.54512 -859.371967 -0.993099047 -9.29548677 192171.246 2310.32334
379.02 695607.953 154367.453 2143.55031 -868.668196 -0.996458509 -9.29694489 191540.268 2312.87534
380.02 697751.005 153494.136 2142.55213 -877.965895 -0.999822385 -9.29842675 190900.698 2315.45973
381.02 699893.056 152611.521 2141.55059 -887.265087 -1.00319071 -9.29993235 190252.534 2318.07642
382.02 702034.105 151719.605 2140.54568 -896.565797 -1.00656353 -9.30146172 189595.774 2320.72533
383.02 704174.147 150818.389 2139.5374 -905.868049 -1.00994087 -9.30301489 188930.417 2323.40638
384.02 706313.178 149907.869 2138.52573 -915.171867 -1.01332277 -9.30459188 188256.461 2326.11948
385.02 708451.197 148988.044 2137.51068 -924.477273 -1.01670927 -9.3061927 187573.904 2328.86456
386.02 710588.199 148058.914 2136.49224 -933.784292 -1.0201004 -9.30781739 186882.745 2331.64153
387.02 712724.18 147120.475 2135.47041 -943.092948 -1.02349622 -9.30946596 186182.981 2334.4503
388.02 714859.138 146172.727 2134.44518 -952.403265 -1.02689674 -9.31113845 185474.611 2337.29079
389.02 716993.07 145215.668 2133.41655 -961.715267 -1.03030201 -9.31283486 184757.634 2340.16291
390.02 719125.97 144249.296 2132.38451 -971.028977 -1.03371207 -9.31455524 184032.047 2343.06657
391.02 721257.837 143273.61 2131.34906 -980.34442 -1.03712695 -9.3162996 183297.849 2346.0017
392.02 723388.667 142288.607 2130.31018 -989.661619 -1.04054669 -9.31806797 182555.037 2348.9682
393.02 725518.457 141294.286 2129.26789 -998.9806 -1.04397134 -9.31986037 181803.611 2351.96598
394.02 727647.202 140290.645 2128.22217 -1008.30138 -1.04740092 -9.32167683 181043.567 2354.99497
395.02 729774.9 139277.682 2127.17302 -1017.624 -1.05083548 -9.32351738 180274.905 2358.05506
396.02 731901.547 138255.396 2126.12043 -1026.94846 -1.05427506 -9.32538204 179497.621 2361.14617
397.02 734027.14 137223.785 2125.0644 -1036.27481 -1.05771969 -9.32727085 178711.715 2364.26821
398.02 736151.675 136182.846 2124.00492 -1045.60305 -1.06116941 -9.32918382 177917.184 2367.4211
399.02 738275.148 135132.578 2122.94199 -1054.93322 -1.06462427 -9.33112098 177114.025 2370.60473
400.02 740397.557 134072.979 2121.8756 -1064.26534 -1.06808429 -9.33308237 176302.239 2373.81903
401.02 742518.898 133004.047 2120.80575 -1073.59943 -1.07154952 -9.33506801 175481.821 2377.0639
402.02 744639.168 131925.779 2119.73243 -1082.93553 -1.07502001 -9.33707793 174652.77 2380.33925
403.02 746758.362 130838.175 2118.65564 -1092.27364 -1.07849577 -9.33911216 173815.084 2383.64499
404.02 748876.478 129741.231 2117.57537 -1101.6138 -1.08197687 -9.34117073 172968.761 2386.98102
405.02 750993.512 128634.947 2116.49161 -1110.95603 -1.08546333 -9.34325367 172113.798 2390.34727
406.02 753109.46 127519.319 2115.40437 -1120.30036 -1.0889552 -9.345361 171250.194 2393.74362
407.02 755224.319 126394.345 2114.31363 -1129.6468 -1.09245251 -9.34749277 170377.946 2397.17
408.02 757338.086 125260.024 2113.21939 -1138.99539 -1.09595531 -9.349649 169497.052 2400.62632
409.02 759450.757 124116.354 2112.12165 -1148.34615 -1.09946363 -9.35182972 168607.51 2404.11246
410.02 761562.328 122963.331 2111.02039 -1157.6991 -1.10297752 -9.35403496 167709.317 2407.62836
411.02 763672.796 121800.955 2109.91562 -1167.05427 -1.10649702 -9.35626476 166802.472 2411.17391
412.02 765782.158 120629.222 2108.80733 -1176.41169 -1.11002216 -9.35851914 165886.971 2414.74901
413.02 767890.41 119448.131 2107.6955 -1185.77137 -1.11355299 -9.36079815 164962.813 2418.35359
414.02 769997.548 118257.679 2106.58015 -1195.13334 -1.11708954 -9.36310181 164029.996 2421.98753
415.02 772103.569 117057.863 2105.46125 -1204.49762 -1.12063187 -9.36543016 163088.516 2425.65076
416.02 774208.469 115848.683 2104.33881 -1213.86425 -1.12418 -9.36778323 162138.372 2429.34317
417.02 776312.245 114630.134 2103.21282 -1223.23325 -1.12773398 -9.37016105 161179.561 2433.06468
418.02 778414.894 113402.215 2102.08327 -1232.60463 -1.13129386 -9.37256367 160212.08 2436.81519
419.02 780516.411 112164.924 2100.95016 -1241.97843 -1.13485966 -9.3749911 159235.928 2440.5946
420.02 782616.793 110918.258 2099.81348 -1251.35467 -1.13843144 -9.3774434 158251.101 2444.40282
421.02 784716.037 109662.214 2098.67322 -1260.73337 -1.14200924 -9.3799206 157257.597 2448.23976
422.02 786814.138 108396.79 2097.52939 -1270.11457 -1.1455931 -9.38242273 156255.414 2452.10533
423.02 788911.094 107121.984 2096.38196 -1279.49828 -1.14918305 -9.38494983 155244.549 2455.99943
424.02 791006.901 105837.793 2095.23095 -1288.88453 -1.15277915 -9.38750193 154225 2459.92196
425.02 793101.555 104544.214 2094.07633 -1298.27334 -1.15638143 -9.39007908 153196.763 2463.87284
426.02 795195.052 103241.245 2092.91811 -1307.66475 -1.15998993 -9.3926813 152159.837 2467.85196
427.02 797287.39 101928.884 2091.75628 -1317.05877 -1.16360471 -9.39530865 151114.218 2471.85924
428.02 799378.564 100607.127 2090.59083 -1326.45542 -1.1672258 -9.39796115 150059.904 2475.89458
429.02 801468.57 99275.9718 2089.42175 -1335.85475 -1.17085324 -9.40063885 148996.892 2479.95789
430.02 803557.406 97935.4163 2088.24904 -1345.25676 -1.17448708 -9.40334178 147925.18 2484.04908
431.02 805645.067 96585.4573 2087.0727 -1354.6615 -1.17812736 -9.40606999 146844.764 2488.16805
432.02 807731.55 95226.0923 2085.89271 -1364.06897 -1.18177412 -9.40882352 145755.642 2492.3147
433.02 809816.851 93857.3185 2084.70908 -1373.47921 -1.18542741 -9.41160239 144657.812 2496.48895
434.02 811900.967 92479.133 2083.52178 -1382.89224 -1.18908727 -9.41440667 143551.269 2500.6907
435.02 813983.894 91091.5331 2082.33083 -1392.30808 -1.19275375 -9.41723638 142436.012 2504.91985
436.02 816065.628 89694.5159 2081.1362 -1401.72677 -1.19642689 -9.42009157 141312.038 2509.17633
437.02 818146.165 88288.0786 2079.9379 -1411.14833 -1.20010673 -9.42297228 140179.344 2513.46002
438.02 820225.502 86872.2183 2078.73591 -1420.57279 -1.20379332 -9.42587856 139037.926 2517.77085
439.02 822303.635 85446.932 2077.53024 -1430.00016 -1.2074867 -9.42881044 137887.782 2522.10871
440.02 824380.561 84012.217 2076.32086 -1439.43047 -1.21118692 -9.43176797 136728.909 2526.47351
441.02 826456.276 82568.0701 2075.10779 -1448.86376 -1.21489401 -9.43475119 135561.304 2530.86517
442.02 828530.776 81114.4884 2073.891 -1458.30004 -1.21860804 -9.43776015 134384.964 2535.28359
443.02 830604.057 79651.469 2072.67049 -1467.73935 -1.22232904 -9.44079489 133199.886 2539.72868
444.02 832676.115 78179.0087 2071.44626 -1477.1817 -1.22605705 -9.44385546 132006.067 2544.20035
445.02 834746.948 76697.1046 2070.2183 -1486.62713 -1.22979213 -9.44694189 130803.503 2548.6985
446.02 836816.551 75205.7534 2068.9866 -1496.07566 -1.23353431 -9.45005425 129592.192 2553.22305
447.02 838884.92 73704.9522 2067.75116 -1505.52731 -1.23728365 -9.45319257 128372.13 2557.7739
448.02 840952.052 72194.6978 2066.51196 -1514.98212 -1.2410402 -9.45635689 127143.315 2562.35097
449.02 843017.943 70674.9869 2065.269 -1524.4401 -1.24480398 -9.45954728 125905.743 2566.95416
450.02 845082.589 69145.8165 2064.02227 -1533.90128 -1.24857507 -9.46276377 124659.411 2571.58338
451.02 847145.986 67607.1833 2062.77177 -1543.3657 -1.25235349 -9.4660064 123404.315 2576.23855
452.02 849208.131 66059.084 2061.51749 -1552.83337 -1.2561393 -9.46927524 122140.453 2580.91957
453.02 851269.02 64501.5154 2060.25941 -1562.30432 -1.25993254 -9.47257033 120867.821 2585.62635
454.02 853328.648 62934.4743 2058.99754 -1571.77859 -1.26373326 -9.47589172 119586.416 2590.35882
455.02 855387.013 61357.9572 2057.73187 -1581.25618 -1.26754152 -9.47923945 118296.235 2595.11687
456.02 857444.111 59771.9608 2056.46238 -1590.73714 -1.27135734 -9.48261358 116997.274 2599.90042
457.02 859499.937 58176.4817 2055.18907 -1600.22149 -1.2751808 -9.48601415 115689.529 2604.70938
458.02 861554.488 56571.5167 2053.91194 -1609.70925 -1.27901192 -9.48944123 114372.998 2609.54366
459.02 863607.76 54957.0621 2052.63097 -1619.20045 -1.28285077 -9.49289485 113047.677 2614.40318
460.02 865659.748 53333.1146 2051.34616 -1628.69511 -1.28669738 -9.49637508 111713.563 2619.28785
461.02 867710.451 51699.6707 2050.0575 -1638.19327 -1.29055181 -9.49988196 110370.651 2624.19758
462.02 869759.862 50056.7269 2048.76498 -1647.69496 -1.2944141 -9.50341554 109018.939 2629.13229
463.02 871807.979 48404.2796 2047.46859 -1657.20019 -1.29828431 -9.50697589 107658.423 2634.09189
464.02 873854.798 46742.3253 2046.16833 -1666.70899 -1.30216249 -9.51056304 106289.1 2639.07629
465.02 875900.315 45070.8604 2044.86418 -1676.22139 -1.30604867 -9.51417707 104910.966 2644.08542
466.02 877944.525 43389.8813 2043.55615 -1685.73742 -1.30994291 -9.51781802 103524.016 2649.11917
467.02 879987.426 41699.3844 2042.24422 -1695.25711 -1.31384526 -9.52148595 102128.249 2654.17748
468.02 882029.012 39999.3659 2040.92838 -1704.78048 -1.31775577 -9.52518092 100723.659 2659.26026
469.02 884069.281 38289.8222 2039.60862 -1714.30756 -1.32167449 -9.52890298 99310.2443 2664.36742
470.02 886108.228 36570.7495 2038.28495 -1723.83837 -1.32560146 -9.53265219 97887.9997 2669.49888
471.02 888145.85 34842.1442 2036.95734 -1733.37294 -1.32953672 -9.53642862 96456.9221 2674.65455
472.02 890182.141 33104.0024 2035.62579 -1742.91131 -1.33348034 -9.54023232 95017.0076 2679.83436
473.02 892217.1 31356.3203 2034.2903 -1752.45349 -1.33743235 -9.54406335 93568.2525 2685.03822
474.02 894250.721 29599.0941 2032.95085 -1761.99952 -1.34139281 -9.54792177 92110.6529 2690.26606
475.02 896283 27832.32 2031.60743 -1771.54942 -1.34536174 -9.55180767 90644.2051 2695.51778
476.02 898313.934 26055.994 2030.26004 -1781.10323 -1.3493392 -9.5557211 89168.9052 2700.79332
477.02 900343.519 24270.1122 2028.90867 -1790.66095 -1.35332524 -9.55966212 87684.7492 2706.09258
478.02 902371.75 22474.6707 2027.55331 -1800.22264 -1.35731988 -9.56363082 86191.7333 2711.41549
479.02 904398.624 20669.6656 2026.19395 -1809.78831 -1.36132315 -9.56762728 84689.8536 2716.76197
480.02 906424.137 18855.0928 2024.83058 -1819.35798 -1.3653351 -9.57165157 83179.106 2722.13195
481.02 908448.284 17030.9483 2023.46319 -1828.9317 -1.36935577 -9.57570375 81659.4866 2727.52533
482.02 910471.062 15197.228 2022.09178 -1838.50948 -1.37338518 -9.57978395 80130.9914 2732.94206
483.02 912492.466 13353.928 2020.71634 -1848.09136 -1.37742328 -9.58389229 78593.6164 2738.38204
484.02 914512.493 11501.0439 2019.33685 -1857.67736 -1.38147013 -9.58802885 77047.3574 2743.8452
485.02 916531.139 9638.57185 2017.95331 -1867.26751 -1.38552573 -9.59219374 75492.2104 2749.33147
486.02 918548.399 7766.50753 2016.56572 -1876.86184 -1.38959006 -9.59638711 73928.1712 2754.84077
487.02 920564.269 5884.84677 2015.17405 -1886.46038 -1.3936629 -9.60060928 72355.2358 2760.37302
488.02 922578.745 3993.58536 2013.77831 -1896.06315 -1.39774425 -9.60486037 70773.3999 2765.92815
489.02 924591.824 2092.71905 2012.37848 -1905.67019 -1.40183407 -9.60914056 69182.6593 2771.50609
490.02 926603.501 182.243549 2010.97455 -1915.28153 -1.40593224 -9.61345009 67583.0099 2777.10676
491.02 928613.772 -1737.84545 2009.56653 -1924.89719 -1.41003864 -9.61778922 65974.4473 2782.7301
492.02 930622.633 -3667.55228 2008.15439 -1934.5172 -1.41415253 -9.62215878 64356.9673 2788.37603
493.02 932630.079 -5606.88132 2006.73814 -1944.1416 -1.41827395 -9.62655891 62730.5655 2794.04448
494.02 934636.107 -7555.83696 2005.31776 -1953.77042 -1.42240256 -9.63099009 61095.2376 2799.73537
495.02 936640.713 -9514.42364 2003.89325 -1963.40368 -1.42653793 -9.63545289 59450.9793 2805.44866
496.02 938643.893 -11482.6458 2002.4646 -1973.04143 -1.43067958 -9.63994797 57797.7861 2811.18426
497.02 940645.641 -13460.508 2001.0318 -1982.68368 -1.43482631 -9.6444767 56135.6537 2816.94211
498.02 942645.955 -15448.0147 1999.59486 -1992.33048 -1.43897687 -9.64904053 54464.5775 2822.72215
499.02 944644.829 -17445.1705 1998.15377 -2001.98187 -1.4431307 -9.65364025 52784.5531 2828.52433
500.02 946642.261 -19451.98 1996.70852 -2011.63787 -1.44728623 -9.65827767 51095.5759 2834.34857
501.02 948638.245 -21468.4478 1995.25911 -2021.29853 -1.45144135 -9.66295522 49397.6414 2840.19483
502.02 950632.778 -23494.5786 1993.80555 -2030.96389 -1.45559316 -9.66767615 47690.745 2846.06305
503.02 952625.855 -25530.3771 1992.34784 -2040.63399 -1.45973752 -9.67244505 45974.8821 2851.95319
504.02 954617.472 -27575.8482 1990.886 -2050.3089 -1.46386266 -9.67727449 44250.0479 2857.86523
505.02 956607.625 -29630.9965 1989.42005 -2059.98866 -1.46796169 -9.68217222 42516.2377 2863.79912
506.02 958596.311 -31695.8271 1987.95001 -2069.67337 -1.47202146 -9.68715271 40773.4468 2869.75488
507.02 960583.524 -33770.3449 1986.47594 -2079.3631 -1.4760238 -9.69223593 39021.6702 2875.73252
508.02 962569.261 -35854.555 1984.9979 -2089.05797 -1.47994369 -9.69744955 37260.9031 2881.7321
509.02 964553.519 -37948.4627 1983.516 -2098.75814 -1.48374585 -9.7028326 35491.1403 2887.75371
510.02 966536.292 -40052.0732 1982.03038 -2108.46382 -1.48738048 -9.7084404 33712.3766 2893.79752
511.02 968517.578 -42165.3922 1980.54126 -2118.17526 -1.49077926 -9.71434924 31924.6066 2899.86381
512.02 970497.374 -44288.4257 1979.04894 -2127.89284 -1.49381543 -9.72069981 30127.8246 2905.95297
513.02 972475.675 -46421.1801 1977.5538 -2137.61705 -1.49636525 -9.72763245 28322.0245 2912.06554
514.02 974452.48 -48563.6623 1976.05641 -2147.34854 -1.49826611 -9.73533264 26507.1998 2918.20231
515.02 976427.787 -50715.8799 1974.55751 -2157.0882 -1.49929439 -9.74405627 24683.3433 2924.36436
516.02 978401.595 -52877.8417 1973.05812 -2166.83721 -1.49916516 -9.75413182 22850.447 2930.55316
517.02 980373.904 -55049.5579 1971.55956 -2176.59712 -1.49753301 -9.76596119 21008.5015 2936.77069
518.02 982344.715 -57231.0403 1970.06355 -2186.36992 -1.49397734 -9.78003784 19157.4963 2943.01951
519.02 984314.033 -59422.3029 1968.5723 -2196.15822 -1.48788197 -9.79708332 17297.4185 2949.30294
520.02 986281.862 -61623.3631 1967.08884 -2205.96553 -1.47819388 -9.81832362 15428.2531 2955.62555
521.02 988248.214 -63834.2421 1965.6176 -2215.79705 -1.4633256 -9.84561198 13549.9811 2961.99411
522.02 990213.104 -66054.9678 1964.16477 -2225.65999 -1.44165898 -9.88087394 11662.5783 2968.41803
523.02 992176.553 -68285.5756 1962.73759 -2235.56289 -1.41256589 -9.92494593 9766.01394 2974.90846
524.02 994138.59 -70526.1098 1961.34303 -2245.51412 -1.37687937 -9.977007 7860.24973 2981.47617
525.02 996099.252 -72776.6226 1959.98731 -2255.52131 -1.33520712 -10.0364765 5945.24069 2988.13096
526.02 998058.58 -75037.1737 1958.67669 -2265.59221 -1.28694044 -10.104167 4020.93535 2994.88271
527.02 1000016.62 -77307.8316 1957.41939 -2275.73702 -1.22853901 -10.1843141 2087.27487 3001.74443
528.02 1001973.44 -79588.678 1956.22975 -2285.97318 -1.15117123 -10.287421 144.189135 3008.73864
528.09 1002129.94 -79771.5888 1956.13797 -2286.7966 -1.14486661 -10.2958485 -11.6674062 3009.30464
