0 0 4 0 0 0 0 6335441 0
0.01 0.000457907896 4.00032316 0.0915826991 0.0480926636 9.15793396 13.0788851 4.00032316 0.103442231
1.01 4.68258359 5.64233271 9.28394968 3.25203977 9.22561051 3.25143295 5.64233444 9.83704652
2.01 18.5910846 10.53687 18.5444993 6.55339002 9.29428306 3.34954953 10.5368973 19.6683852
3.02 42.073856 18.8817778 27.9678894 9.9881171 9.36467646 3.45015299 18.8819175 29.6979009
4.02 74.7361832 30.6122673 37.3685574 13.4897197 9.43542035 3.55128524 30.6127081 39.7288513
5.02 116.834732 45.8951905 46.8405112 17.0932433 9.50723066 3.65396965 45.8962678 49.8619339
6.02 168.441327 64.8332505 56.3848297 20.8002581 9.58013221 3.7582421 64.8354897 60.0990828
7.02 229.628881 87.5307389 66.0026172 24.612371 9.6541506 3.86413954 87.5349004 70.4422762
8.02 300.471427 114.093573 75.6950039 28.5312263 9.72931223 3.97170008 114.100698 80.893538
9.02 381.044141 144.629333 85.4631468 32.558507 9.8056443 4.08096301 144.640792 91.4549389
10.02 471.423368 179.247303 95.3082307 36.6959361 9.88317489 4.19196886 179.264841 102.128598
11.02 571.686653 218.058509 105.231469 40.9452778 9.96193297 4.30475947 218.084301 112.916685
12.02 681.912771 261.175764 115.234104 45.3083386 10.0419484 4.41937798 261.212461 123.821421
13.02 802.18175 308.713709 125.317408 49.7869691 10.1232521 4.53586894 308.764492 134.845078
14.02 932.574912 360.788857 135.482687 54.3830652 10.2058758 4.65427836 360.85749 145.989987
15.02 1073.17489 417.519641 145.731277 59.0985692 10.2898525 4.77465373 417.610529 157.258532
16.02 1224.06569 479.026461 156.064548 63.9354721 10.3752162 4.89704412 479.144703 168.653158
17.02 1385.33269 545.431731 166.483905 68.8958147 10.4620018 5.02150025 545.58318 180.176369
18.01 1555.2933 616.120374 176.885281 73.930202 10.5493561 5.1467981 616.311261 191.71353
19.01 1737.4686 692.64598 187.480271 79.1424665 10.6390807 5.27552266 692.884201 203.500324
20.01 1930.28401 774.448592 198.165764 84.4845869 10.7303396 5.406475 774.742616 215.423572
21.01 2133.83081 861.659191 208.943316 89.9588205 10.8231728 5.53971303 862.018488 227.486041
22.01 2348.20186 954.411042 219.814521 95.5674833 10.9176218 5.6752967 954.846152 239.690567
23.01 2573.49162 1052.83976 230.781018 101.312952 11.0137294 5.81328806 1053.36236 252.040062
24.01 2809.79622 1157.08336 241.844487 107.197668 11.1115402 5.95375132 1157.70633 264.537514
25.01 3057.21349 1267.28234 253.006655 113.224136 11.2111 6.096753 1268.01984 277.185989
26.01 3315.84302 1383.57974 264.269296 119.39493 11.3124567 6.242362 1384.44728 289.988637
27.01 3585.78618 1506.12119 275.63423 125.712692 11.4156594 6.39064972 1507.13571 302.948691
28.01 3867.1462 1635.05502 287.10333 132.18014 11.5207594 6.54169015 1636.23497 316.069473
29.01 4160.0282 1770.5323 298.67852 138.800065 11.6278097 6.69556002 1771.89771 329.354394
30.01 4464.53926 1912.70693 310.361779 145.575337 11.7368653 6.85233892 1914.27952 342.806961
31.01 4780.78846 2061.73574 322.155141 152.508906 11.8479861 7.01211083 2063.53897 356.43078
32.01 5108.88694 2217.77852 334.060704 159.603811 11.9612339 7.17496267 2219.8377 370.229565
33.01 5448.94799 2380.99818 346.080624 166.863176 12.0766663 7.34098173 2383.34055 384.207129
34.01 5801.08705 2551.56076 358.217118 174.290215 12.1943475 7.51026054 2554.2156 398.367396
35.01 6165.42184 2729.6356 370.472468 181.888235 12.3143438 7.68289527 2732.63429 412.714404
36.01 6542.07238 2915.39536 382.849024 189.660645 12.4367245 7.85898587 2918.77153 427.252309
37.01 6931.16109 3109.01619 395.349208 197.610951 12.5615613 8.03863627 3112.80578 441.985389
38.01 7332.81284 3310.67777 407.975513 205.74277 12.688929 8.22195458 3314.91915 456.918052
39.01 7747.15502 3520.56347 420.730509 214.059825 12.8189053 8.4090533 3525.29756 472.054838
40.01 8174.31764 3738.86044 433.616846 222.565957 12.951571 8.60004954 3744.1308 487.400425
41.01 8614.4334 3965.75973 446.637257 231.265125 13.0870105 8.79506527 3971.61268 502.959638
42.01 9067.63778 4201.4564 459.794564 240.161415 13.2253232 8.99423377 4207.94115 518.737454
43.01 9534.06913 4446.14967 473.091685 249.259046 13.366593 9.19768358 4453.31845 534.739015
44.02 10018.7347 4702.62915 486.666754 258.656455 13.5123727 9.40765362 4710.54498 551.133098
45.02 10512.1829 4966.02571 500.254087 268.172086 13.6598761 9.62013159 4974.74013 567.600581
46.02 11019.2926 5239.04494 513.990574 277.902587 13.8106352 9.8373247 5248.62 584.308273
47.02 11540.2148 5521.9041 527.879528 287.852753 13.9647587 10.0593903 5532.40539 601.262009
48.02 12075.1037 5814.82532 541.924368 298.027539 14.12236 10.2864927 5826.3221 618.467812
49.02 12624.1167 6118.03576 556.128636 308.43207 14.2835654 10.5188079 6130.60114 635.931916
50.02 13187.4153 6431.76781 570.496005 319.071654 14.4485042 10.7565186 6445.47889 653.660777
51.02 13765.1644 6756.25924 585.030267 329.951777 14.6172963 10.9998076 6771.19726 671.661066
52.02 14357.5328 7091.75343 599.735344 341.078118 14.790078 11.2488717 7108.00393 689.939682
53.02 14964.6933 7438.49951 614.615297 352.456556 14.9669916 11.5039174 7456.15252 708.503767
54.02 15586.8231 7796.7526 629.674335 364.093182 15.1481863 11.7651609 7815.90282 727.360718
55.02 16224.1032 8166.77404 644.916822 375.994311 15.3338338 12.0328375 8187.521 746.518204
56.02 16876.7194 8548.83157 660.347302 388.166502 15.5241024 12.3071879 8571.27986 765.984198
57.02 17544.862 8943.19966 675.970473 400.616548 15.7191502 12.5884537 8967.45905 785.76695
58.02 18228.7262 9350.15964 691.791207 413.351499 15.9191587 12.8768975 9376.34537 805.875012
59.02 18928.5119 9770.00006 707.81456 426.378672 16.1243184 13.1727953 9798.233 826.317265
60.02 19644.4246 10203.0169 724.045792 439.705672 16.3348589 13.4764553 10233.4238 847.102938
61.02 20376.6746 10649.514 740.490408 453.340426 16.5509953 13.7881857 10682.2277 868.241663
62.02 21125.4784 11109.8031 757.154095 467.291156 16.7729255 14.1082943 11144.9627 889.743417
63.02 21891.0578 11584.2045 774.042768 481.566411 17.0008845 14.4371207 11621.9558 911.618568
64.02 22673.641 12073.0471 791.162581 496.175092 17.2351404 14.7750363 12113.5426 933.877911
65.02 23473.4622 12576.6689 808.520011 511.126509 17.4760163 15.1224585 12620.0684 956.532758
66.02 24290.7624 13095.4175 826.121777 526.430345 17.7237214 15.4797456 13141.888 979.594864
67.02 25125.7895 13629.6504 843.974854 542.096679 17.978549 15.8473212 13679.3666 1003.07645
68.02 25978.7983 14179.7352 862.086534 558.136033 18.2408581 16.2256651 14232.8798 1026.99027
69.02 26850.0514 14746.0505 880.464509 574.559444 18.5110125 16.6152754 14802.8144 1051.34975
70.02 27739.8188 15328.986 899.116753 591.378403 18.7892958 17.0166141 15389.5687 1076.16883
71.02 28648.379 15928.9431 918.051585 608.60491 19.0760792 17.430216 15993.5533 1101.46205
72.02 29576.0191 16546.3358 937.27776 626.251553 19.3718763 17.8567292 16615.1912 1127.2447
73.01 30513.4677 17175.1483 956.607672 644.148528 19.6739081 18.2922243 17248.4304 1153.26734
74.01 31479.9659 17828.5202 976.4413 662.671046 19.9887176 18.746136 17906.5102 1180.07226
75.01 32466.4569 18500.6442 996.594962 681.654976 20.3138666 19.2148798 18583.5899 1207.41667
76.01 33473.266 19191.989 1017.07924 701.115508 20.6498037 19.6991467 19280.1493 1235.31904
77.01 34500.7293 19903.0393 1037.90517 721.06855 20.9970575 20.1997075 19996.6843 1263.79864
78.01 35549.1942 20634.2959 1059.08443 741.53085 21.3563054 20.7174642 20733.7076 1292.8758
79.01 36619.02 21386.2767 1080.62927 762.520026 21.7280871 21.2532533 21491.7493 1322.57189
80.01 37710.5789 22159.5177 1102.55258 784.054596 22.1130985 21.8080521 22271.3584 1352.90938
81.01 38824.2559 22954.5742 1124.86797 806.154116 22.5120935 22.3829153 23073.1033 1383.912
82.01 39960.4503 23772.0211 1147.58979 828.839178 22.9257834 22.9789043 23897.573 1415.60472
83.01 41119.576 24612.4549 1170.73318 852.131531 23.3550734 23.5972617 24745.3786 1448.01392
84.01 42302.0625 25476.4943 1194.31416 876.054172 23.8007979 24.2392235 25617.1537 1481.16752
85.01 43508.3558 26364.7815 1218.34967 900.631401 24.2639509 24.9061908 26513.5565 1515.09499
86.01 44738.9193 27277.9838 1242.85767 925.888987 24.7455682 25.5996488 27435.271 1549.8276
87.01 45994.2349 28216.7953 1267.85716 951.854212 25.2467654 26.3211998 28383.0081 1585.39844
88.01 47274.8042 29181.9378 1293.36837 978.556067 25.7687798 27.0726008 29357.5081 1621.84269
89.01 48581.1494 30174.1632 1319.41275 1006.02533 26.3129094 27.8557242 30359.5416 1659.19769
90.01 49913.815 31194.2552 1346.01316 1034.29478 26.8806116 28.6726394 31389.9121 1697.5032
91.01 51273.3691 32243.0311 1373.19395 1063.39931 27.4734291 29.5255659 32449.4576 1736.80157
92.01 52660.405 33321.3445 1400.98109 1093.37617 28.0930769 30.4169484 33539.0534 1777.138
93.01 54075.5427 34430.0874 1429.40234 1124.26515 28.7414098 31.3494428 34659.6143 1818.56075
94.01 55519.4309 35570.193 1458.48742 1156.10882 29.4204594 32.3259573 35812.0974 1861.12148
95.01 56992.7494 36742.6385 1488.26816 1188.95281 30.13247 33.3496939 36997.5049 1904.87556
96.01 58496.2105 37948.4484 1518.77875 1222.8461 30.8798788 34.4241487 38216.8877 1949.88243
97.01 60030.5624 39188.698 1550.05596 1257.84135 31.6654046 35.5531999 39471.349 1996.20598
98.01 61596.5911 40464.5172 1582.13938 1293.99529 32.4920239 36.7411095 40762.0478 2043.91507
99.01 63195.1241 41777.0951 1615.07178 1331.36915 33.3630424 37.9926042 42090.2041 2093.08401
100.01 64827.033 43127.6842 1648.89939 1370.02916 34.2821392 39.312939 43457.1028 2143.79316
101.01 66493.2379 44517.606 1683.67235 1410.04708 35.2533931 40.7079496 44864.0999 2196.12962
102.01 68194.7109 45948.2569 1719.44508 1451.50084 36.2813683 42.18416 46312.6281 2250.18801
103.01 69932.4811 47421.1145 1756.27687 1494.47531 37.3711784 43.7488784 47804.2035 2306.07131
104.01 71707.6392 48937.7452 1794.23243 1539.0631 38.5285673 45.4103153 49340.4333 2363.89197
105.01 73521.344 50499.8122 1833.38258 1585.36555 39.7600121 47.1777287 50923.0241 2423.77301
106.01 75374.8284 52109.0848 1873.80503 1633.49388 41.0728468 49.0616003 52553.7913 2485.84946
107.01 77269.4066 53767.4492 1915.58533 1683.57049 42.4754067 51.073842 54234.6704 2550.26994
108.01 79206.483 55476.9201 1958.81796 1735.73054 43.977205 53.2280485 55967.7283 2617.19856
109.01 81187.5614 57239.6545 2003.60759 1790.12376 45.5891488 55.5398054 57755.1783 2686.81716
110.01 83214.2527 59057.9628 2049.51694 1846.1259 -0.126632477 -9.73917718 59599.3909 2758.3873
111.01 85263.7058 60899.2201 2049.38876 1836.38964 -0.129657452 -9.73346462 61467.481 2751.78509
112.01 87313.0292 62730.7439 2049.25756 1826.65907 -0.132673763 -9.72778033 63326.4778 2745.20308
113.01 89362.2199 64552.5401 2049.12336 1816.93418 -0.135682201 -9.72212493 65176.3862 2738.64133
114.01 91411.2749 66364.6142 2048.98614 1807.21493 -0.138683442 -9.71649893 67017.2114 2732.09992
115.01 93460.1912 68166.9718 2048.84593 1797.50128 -0.141678023 -9.71090272 68848.9583 2725.57893
116.01 95508.9658 69959.6186 2048.70273 1787.79322 -0.144666368 -9.70533654 70671.6319 2719.07842
117.01 97557.5957 71742.5601 2048.55654 1778.09071 -0.147648826 -9.69980062 72485.2374 2712.59847
118.01 99606.0779 73515.8019 2048.40737 1768.39372 -0.150625672 -9.69429507 74289.7795 2706.13915
119.01 101654.409 75279.3494 2048.25523 1758.70222 -0.153597158 -9.68882001 76085.2632 2699.70054
120.01 103702.587 77033.2081 2048.10012 1749.01618 -0.156563462 -9.68337547 77871.6934 2693.2827
121.01 105750.609 78777.3836 2047.94205 1739.33557 -0.159524796 -9.67796152 79649.075 2686.88571
122.01 107798.47 80511.8811 2047.78101 1729.66035 -0.162481301 -9.67257816 81417.4128 2680.50966
123.01 109846.17 82236.7061 2047.61703 1719.99051 -0.165433082 -9.66722537 83176.7116 2674.1546
124.01 111893.704 83951.8639 2047.45009 1710.326 -0.168380226 -9.66190311 84926.9762 2667.82063
125.01 113941.069 85657.3598 2047.28021 1700.6668 -0.17132281 -9.65661132 86668.2113 2661.50781
126.01 115988.263 87353.1992 2047.10739 1691.01287 -0.174260902 -9.65134994 88400.4217 2655.21622
127.01 118035.283 89039.3873 2046.93163 1681.36419 -0.177194565 -9.64611892 90123.6121 2648.94595
128.01 120082.125 90715.9293 2046.75294 1671.72073 -0.180123853 -9.64091819 91837.787 2642.69707
129.01 122128.788 92382.8305 2046.57132 1662.08245 -0.183048825 -9.63574768 93542.9513 2636.46966
130.01 124175.267 94040.096 2046.38679 1652.44933 -0.185969537 -9.63060733 95239.1094 2630.2638
131.01 126221.56 95687.7309 2046.19933 1642.82133 -0.188886037 -9.62549705 96926.266 2624.07957
132.01 128267.665 97325.7403 2046.00896 1633.19842 -0.191798371 -9.62041679 98604.4257 2617.91706
133.01 130313.577 98954.1294 2045.81568 1623.58059 -0.194706584 -9.61536646 100273.593 2611.77635
134.01 132359.295 100572.903 2045.61949 1613.96778 -0.197610718 -9.61034599 101933.772 2605.65752
135.01 134404.815 102182.067 2045.4204 1604.35998 -0.200510815 -9.6053553 103584.968 2599.56065
136.01 136450.135 103781.625 2045.21841 1594.75716 -0.203406919 -9.60039433 105227.184 2593.48583
137.01 138495.251 105371.583 2045.01353 1585.15928 -0.20629907 -9.59546299 106860.427 2587.43315
138.01 140540.161 106951.945 2044.80575 1575.56632 -0.209187308 -9.59056122 108484.698 2581.40268
139.01 142584.862 108522.717 2044.5951 1565.97825 -0.212071671 -9.58568893 110100.004 2575.39453
140.01 144629.35 110083.903 2044.38155 1556.39503 -0.2149522 -9.58084606 111706.349 2569.40877
141.01 146673.624 111635.509 2044.16513 1546.81665 -0.217828932 -9.57603252 113303.736 2563.4455
142.01 148717.679 113177.538 2043.94584 1537.24305 -0.220701906 -9.57124826 114892.171 2557.5048
143.01 150761.514 114709.996 2043.72367 1527.67423 -0.22357116 -9.56649318 116471.656 2551.58677
144.01 152805.126 116232.888 2043.49864 1518.11015 -0.226436732 -9.56176723 118042.197 2545.69149
145.01 154848.511 117746.218 2043.27075 1508.55078 -0.229298658 -9.55707032 119603.798 2539.81905
146.01 156891.666 119249.991 2043.03999 1498.9961 -0.232156977 -9.5524024 121156.463 2533.96955
147.01 158934.59 120744.212 2042.80638 1489.44606 -0.235011726 -9.54776338 122700.196 2528.14309
148.01 160977.278 122228.885 2042.56991 1479.90065 -0.237862941 -9.54315319 124235.001 2522.33974
149.01 163019.729 123704.015 2042.33059 1470.35984 -0.24071066 -9.53857178 125760.883 2516.55962
150.01 165061.938 125169.606 2042.08843 1460.82359 -0.243554918 -9.53401906 127277.845 2510.80281
151.01 167103.905 126625.663 2041.84343 1451.29188 -0.246395754 -9.52949496 128785.891 2505.0694
152.01 169145.624 128072.191 2041.59559 1441.76468 -0.249233202 -9.52499943 130285.025 2499.3595
153.01 171187.095 129509.194 2041.34491 1432.24196 -0.2520673 -9.52053239 131775.252 2493.67321
154.01 173228.313 130936.677 2041.09139 1422.7237 -0.254898083 -9.51609378 133256.576 2488.01061
155.01 175269.277 132354.643 2040.83505 1413.20985 -0.257725588 -9.51168352 134728.999 2482.37181
156.01 177309.982 133763.098 2040.57589 1403.70041 -0.26054985 -9.50730155 136192.527 2476.75691
157.01 179350.427 135162.045 2040.3139 1394.19533 -0.263370905 -9.50294781 137647.163 2471.16601
158.01 181390.609 136551.49 2040.04909 1384.69459 -0.266188789 -9.49862223 139092.911 2465.5992
159.01 183430.525 137931.436 2039.78147 1375.19816 -0.269003536 -9.49432475 140529.775 2460.05659
160.02 185490.566 139315.544 2039.50831 1365.61112 -0.271843284 -9.49001274 141971.993 2454.48322
161.02 187529.938 140676.411 2039.23503 1356.12327 -0.274651835 -9.48577153 143391.011 2448.98956
162.02 189569.035 142027.792 2038.95895 1346.63965 -0.277457356 -9.48155823 144801.156 2443.5204
163.02 191607.855 143369.692 2038.68006 1337.16023 -0.280259882 -9.47737277 146202.432 2438.07586
164.02 193646.395 144702.114 2038.39838 1327.68498 -0.283059448 -9.47321508 147594.842 2432.65603
165.02 195684.651 146025.063 2038.11389 1318.21387 -0.285856088 -9.46908512 148978.391 2427.26102
166.02 197722.621 147338.543 2037.82661 1308.74688 -0.288649837 -9.4649828 150353.081 2421.89093
167.02 199760.303 148642.558 2037.53654 1299.28398 -0.29144073 -9.46090809 151718.917 2416.54588
168.02 201797.694 149937.113 2037.24367 1289.82514 -0.294228801 -9.4568609 153075.903 2411.22597
169.02 203834.79 151222.21 2036.94802 1280.37033 -0.297014084 -9.45284119 154424.041 2405.9313
170.02 205871.589 152497.855 2036.64959 1270.91953 -0.299796614 -9.44884889 155763.335 2400.66199
171.02 207908.088 153764.05 2036.34838 1261.4727 -0.302576424 -9.44488395 157093.789 2395.41814
172.02 209944.285 155020.801 2036.04438 1252.02983 -0.305353548 -9.44094631 158415.406 2390.19987
173.02 211980.176 156268.111 2035.73761 1242.59088 -0.30812802 -9.4370359 159728.19 2385.00728
174.02 214015.759 157505.984 2035.42807 1233.15582 -0.310899874 -9.43315268 161032.144 2379.84048
175.02 216051.031 158734.424 2035.11576 1223.72464 -0.313669143 -9.42929657 162327.272 2374.69959
176.02 218085.989 159953.435 2034.80068 1214.2973 -0.316435861 -9.42546754 163613.577 2369.58472
177.02 220120.631 161163.02 2034.48283 1204.87377 -0.319200061 -9.42166552 164891.062 2364.49597
178.02 222154.954 162363.184 2034.16222 1195.45403 -0.321961777 -9.41789045 166159.731 2359.43347
179.02 224188.955 163553.929 2033.83886 1186.03806 -0.324721041 -9.41414229 167419.587 2354.39733
180.02 226222.631 164735.261 2033.51273 1176.62582 -0.327477887 -9.41042096 168670.633 2349.38765
181.02 228255.98 165907.182 2033.18385 1167.21728 -0.330232348 -9.40672643 169912.873 2344.40456
182.02 230288.998 167069.697 2032.85221 1157.81243 -0.332984456 -9.40305864 171146.31 2339.44817
183.02 232321.683 168222.808 2032.51782 1148.41123 -0.335734244 -9.39941753 172370.946 2334.51859
184.02 234354.033 169366.521 2032.18069 1139.01366 -0.338481745 -9.39580305 173586.786 2329.61595
185.02 236386.043 170500.837 2031.8408 1129.61969 -0.341226992 -9.39221515 174793.833 2324.74035
186.02 238417.713 171625.761 2031.49818 1120.22929 -0.343970016 -9.38865377 175992.089 2319.89192
187.02 240449.039 172741.297 2031.15281 1110.84244 -0.346710851 -9.38511887 177181.558 2315.07077
188.02 242480.018 173847.447 2030.8047 1101.45911 -0.349449528 -9.38161039 178362.243 2310.27702
189.02 244510.647 174944.216 2030.45386 1092.07928 -0.352186081 -9.37812828 179534.146 2305.51079
190.02 246540.925 176031.607 2030.10028 1082.70292 -0.35492054 -9.37467249 180697.272 2300.7722
191.02 248570.847 177109.623 2029.74396 1073.33 -0.357652937 -9.37124298 181851.622 2296.06137
192.02 250600.412 178178.268 2029.38492 1063.96049 -0.360383306 -9.36783968 182997.2 2291.37842
193.02 252629.616 179237.545 2029.02314 1054.59438 -0.363111677 -9.36446256 184134.01 2286.72347
194.02 254658.457 180287.458 2028.65864 1045.23162 -0.365838083 -9.36111156 185262.053 2282.09663
195.02 256686.932 181328.009 2028.29141 1035.87221 -0.368562555 -9.35778664 186381.333 2277.49803
196.02 258715.039 182359.203 2027.92146 1026.51611 -0.371285124 -9.35448775 187491.853 2272.9278
197.02 260742.774 183381.043 2027.54879 1017.16329 -0.374005822 -9.35121484 188593.615 2268.38604
198.02 262770.136 184393.531 2027.1734 1007.81373 -0.376724681 -9.34796786 189686.623 2263.8729
199.02 264797.12 185396.671 2026.79528 998.467412 -0.379441732 -9.34474676 190770.879 2259.38848
200.02 266823.725 186390.467 2026.41446 989.124297 -0.382157006 -9.34155151 191846.387 2254.93291
201.02 268849.948 187374.921 2026.03092 979.784364 -0.384870534 -9.33838205 192913.148 2250.50632
202.02 270875.786 188350.037 2025.64466 970.447587 -0.387582347 -9.33523835 193971.166 2246.10882
203.02 272901.237 189315.817 2025.2557 961.113941 -0.390292476 -9.33212034 195020.443 2241.74054
204.02 274926.297 190272.266 2024.86402 951.7834 -0.393000953 -9.329028 196060.982 2237.40161
205.02 276950.964 191219.385 2024.46964 942.455938 -0.395707808 -9.32596128 197092.786 2233.09215
206.02 278975.235 192157.179 2024.07256 933.13153 -0.398413072 -9.32292012 198115.857 2228.81228
207.02 280999.108 193085.649 2023.67276 923.81015 -0.401116775 -9.3199045 199130.199 2224.56212
208.02 283022.58 194004.8 2023.27027 914.491773 -0.403818949 -9.31691436 200135.813 2220.34182
209.02 285045.648 194914.634 2022.86507 905.176372 -0.406519623 -9.31394966 201132.703 2216.15148
210.02 287068.309 195815.154 2022.45718 895.863924 -0.409218829 -9.31101037 202120.87 2211.99123
211.02 289090.561 196706.362 2022.04658 886.554402 -0.411916596 -9.30809643 203100.318 2207.8612
212.02 291112.401 197588.263 2021.63329 877.247781 -0.414612955 -9.30520782 204071.049 2203.76152
213.02 293133.827 198460.859 2021.2173 867.944035 -0.417307937 -9.30234448 205033.065 2199.6923
214.02 295154.835 199324.152 2020.79862 858.64314 -0.420001571 -9.29950638 205986.369 2195.65368
215.02 297175.423 200178.146 2020.37724 849.345071 -0.422693888 -9.29669348 206930.964 2191.64579
216.02 299195.589 201022.843 2019.95318 840.049801 -0.425384918 -9.29390573 207866.851 2187.66874
217.02 301215.329 201858.247 2019.52642 830.757306 -0.428074691 -9.2911431 208794.033 2183.72266
218.02 303234.641 202684.359 2019.09698 821.467561 -0.430763236 -9.28840555 209712.513 2179.80769
219.02 305253.522 203501.183 2018.66484 812.180541 -0.433450584 -9.28569304 210622.293 2175.92394
220.02 307271.969 204308.721 2018.23002 802.896221 -0.436136765 -9.28300554 211523.375 2172.07154
221.02 309289.981 205106.976 2017.79251 793.614575 -0.438821808 -9.280343 212415.762 2168.25061
222.02 311307.553 205895.951 2017.35232 784.33558 -0.441505743 -9.27770538 213299.456 2164.4613
223.02 313324.685 206675.648 2016.90945 775.059209 -0.444188599 -9.27509266 214174.459 2160.70371
224.02 315341.371 207446.07 2016.46389 765.785438 -0.446870407 -9.27250479 215040.773 2156.97797
225.02 317357.611 208207.22 2016.01566 756.514243 -0.449551196 -9.26994173 215898.401 2153.28422
226.02 319373.402 208959.1 2015.56474 747.245597 -0.452230995 -9.26740346 216747.344 2149.62257
227.02 321388.74 209701.712 2015.11114 737.979478 -0.454909834 -9.26488994 217587.606 2145.99315
228.02 323403.623 210435.059 2014.65487 728.715859 -0.457587741 -9.26240112 218419.187 2142.3961
229.02 325418.049 211159.144 2014.19591 719.454717 -0.460264748 -9.25993698 219242.091 2138.83152
230.02 327432.014 211873.97 2013.73428 710.196026 -0.462940882 -9.25749749 220056.319 2135.29955
231.02 329445.517 212579.537 2013.26998 700.939762 -0.465616173 -9.2550826 220861.874 2131.80031
232.02 331458.553 213275.85 2012.803 691.685901 -0.46829065 -9.25269228 221658.757 2128.33392
233.02 333471.122 213962.91 2012.33334 682.434417 -0.470964343 -9.25032651 222446.97 2124.90052
234.02 335483.219 214640.72 2011.86101 673.185287 -0.473637279 -9.24798524 223226.517 2121.50022
235.02 337494.843 215309.281 2011.38601 663.938485 -0.476309489 -9.24566845 223997.397 2118.13314
236.02 339505.99 215968.597 2010.90834 654.693988 -0.478981002 -9.24337611 224759.614 2114.79942
237.02 341516.659 216618.67 2010.428 645.45177 -0.481651846 -9.24110817 225513.17 2111.49917
238.02 343526.845 217259.502 2009.94499 636.211808 -0.48432205 -9.23886462 226258.066 2108.23251
239.02 345536.548 217891.094 2009.4593 626.974078 -0.486991643 -9.23664541 226994.304 2104.99957
240.02 347545.763 218513.451 2008.97095 617.738554 -0.489660653 -9.23445052 227721.886 2101.80047
241.02 349554.489 219126.572 2008.47993 608.505212 -0.492329111 -9.23227992 228440.814 2098.63532
242.02 351562.722 219730.462 2007.98624 599.274029 -0.494997044 -9.23013358 229151.09 2095.50426
243.02 353570.46 220325.121 2007.48988 590.04498 -0.49766448 -9.22801147 229852.716 2092.40739
244.02 355577.701 220910.552 2006.99086 580.81804 -0.50033145 -9.22591356 230545.693 2089.34485
245.02 357584.441 221486.758 2006.48916 571.593186 -0.50299798 -9.22383982 231230.023 2086.31674
246.02 359590.678 222053.739 2005.98481 562.370394 -0.5056641 -9.22179022 231905.709 2083.32319
247.02 361596.41 222611.499 2005.47778 553.149638 -0.508329839 -9.21976473 232572.75 2080.36431
248.02 363601.633 223160.039 2004.96809 543.930896 -0.510995224 -9.21776333 233231.151 2077.44022
249.02 365606.345 223699.362 2004.45574 534.714143 -0.513660285 -9.21578599 233880.911 2074.55104
250.02 367610.544 224229.468 2003.94072 525.499356 -0.516325049 -9.21383268 234522.032 2071.69688
251.02 369614.226 224750.361 2003.42304 516.286509 -0.518989546 -9.21190338 235154.517 2068.87787
252.02 371617.389 225262.042 2002.90269 507.075579 -0.521653803 -9.20999805 235778.367 2066.0941
253.02 373620.03 225764.513 2002.37968 497.866543 -0.524317848 -9.20811667 236393.584 2063.3457
254.02 375622.147 226257.776 2001.854 488.659375 -0.526981711 -9.20625923 237000.168 2060.63277
255.02 377623.737 226741.832 2001.32566 479.454053 -0.529645418 -9.20442568 237598.122 2057.95544
256.02 379624.798 227216.684 2000.79465 470.250552 -0.532309 -9.20261601 238187.447 2055.3138
257.02 381625.326 227682.334 2000.26099 461.048849 -0.534972483 -9.20083019 238768.144 2052.70798
258.02 383625.319 228138.783 1999.72466 451.84892 -0.537635895 -9.1990682 239340.216 2050.13808
259.02 385624.774 228586.032 1999.18566 442.65074 -0.540299266 -9.19733001 239903.663 2047.60421
260.02 387623.689 229024.085 1998.644 433.454286 -0.542962623 -9.1956156 240458.487 2045.10647
261.02 389622.061 229452.941 1998.09968 424.259535 -0.545625994 -9.19392495 241004.689 2042.64498
262.02 391619.888 229872.604 1997.5527 415.066462 -0.548289408 -9.19225803 241542.271 2040.21983
263.02 393617.166 230283.075 1997.00305 405.875044 -0.550952891 -9.19061482 242071.235 2037.83114
264.02 395613.893 230684.355 1996.45074 396.685257 -0.553616473 -9.18899531 242591.58 2035.479
265.02 397610.066 231076.446 1995.89577 387.497078 -0.556280181 -9.18739945 243103.309 2033.16352
266.02 399605.683 231459.35 1995.33813 378.310482 -0.558944044 -9.18582725 243606.424 2030.8848
267.02 401600.742 231833.067 1994.77782 369.125446 -0.561608089 -9.18427866 244100.924 2028.64294
268.02 403595.238 232197.601 1994.21486 359.941947 -0.564272343 -9.18275368 244586.812 2026.43803
269.02 405589.171 232552.952 1993.64923 350.759961 -0.566936836 -9.18125229 245064.089 2024.27019
270.02 407582.536 232899.121 1993.08093 341.579465 -0.569601595 -9.17977445 245532.756 2022.13949
271.02 409575.331 233236.111 1992.50997 332.400434 -0.572266648 -9.17832016 245992.814 2020.04605
272.02 411567.555 233563.923 1991.93634 323.222846 -0.574932023 -9.17688939 246444.264 2017.98994
273.02 413559.203 233882.557 1991.36005 314.046676 -0.577597747 -9.17548212 246887.108 2015.97127
274.02 415550.274 234192.017 1990.78109 304.871901 -0.580263848 -9.17409834 247321.346 2013.99013
275.02 417540.765 234492.302 1990.19947 295.698499 -0.582930354 -9.17273802 247746.98 2012.0466
276.02 419530.672 234783.414 1989.61518 286.526444 -0.585597294 -9.17140116 248164.011 2010.14078
277.02 421519.994 235065.355 1989.02822 277.355715 -0.588264694 -9.17008772 248572.44 2008.27276
278.02 423508.728 235338.126 1988.4386 268.186287 -0.590932583 -9.1687977 248972.267 2006.44261
279.02 425496.87 235601.728 1987.8463 259.018137 -0.593600988 -9.16753107 249363.494 2004.65042
280.02 427484.419 235856.163 1987.25134 249.851242 -0.596269937 -9.16628782 249746.123 2002.89629
281.02 429471.372 236101.431 1986.65371 240.685579 -0.598939457 -9.16506793 250120.152 2001.18028
282.02 431457.726 236337.534 1986.05341 231.521123 -0.601609578 -9.16387139 250485.585 1999.50248
283.02 433443.478 236564.474 1985.45044 222.357852 -0.604280325 -9.16269817 250842.421 1997.86297
284.02 435428.626 236782.25 1984.8448 213.195742 -0.606951728 -9.16154827 251190.662 1996.26183
285.02 437413.167 236990.865 1984.23648 204.03477 -0.609623813 -9.16042168 251530.309 1994.69912
286.02 439397.098 237190.32 1983.62549 194.874913 -0.612296608 -9.15931836 251861.361 1993.17494
287.02 441380.417 237380.616 1983.01183 185.716148 -0.614970141 -9.15823832 252183.821 1991.68934
288.02 443363.121 237561.753 1982.3955 176.55845 -0.617644441 -9.15718153 252497.689 1990.2424
289.02 445345.207 237733.733 1981.77649 167.401798 -0.620319533 -9.15614798 252802.965 1988.83419
290.02 447326.673 237896.557 1981.15481 158.246167 -0.622995447 -9.15513766 253099.651 1987.46477
291.02 449307.516 238050.226 1980.53045 149.091535 -0.625672209 -9.15415055 253387.747 1986.13422
292.02 451287.733 238194.74 1979.90341 139.937878 -0.628349848 -9.15318665 253667.254 1984.84259
293.02 453267.322 238330.102 1979.27369 130.785173 -0.631028391 -9.15224593 253938.173 1983.58996
294.02 455246.279 238456.311 1978.6413 121.633397 -0.633707866 -9.15132839 254200.504 1982.37637
295.02 457224.603 238573.369 1978.00622 112.482526 -0.6363883 -9.15043402 254454.248 1981.20189
296.02 459202.291 238681.276 1977.36847 103.332539 -0.639069722 -9.1495628 254699.406 1980.06658
297.02 461179.339 238780.034 1976.72803 94.1834101 -0.641752158 -9.14871472 254935.978 1978.97049
298.02 463155.746 238869.643 1976.08491 85.0351181 -0.644435637 -9.14788977 255163.965 1977.91368
299.02 465131.508 238950.105 1975.4391 75.8876392 -0.647120187 -9.14708795 255383.368 1976.8962
300.02 467106.623 239021.419 1974.79061 66.7409503 -0.649805834 -9.14630923 255594.186 1975.9181
301.02 469081.089 239083.587 1974.13944 57.5950283 -0.652492607 -9.14555361 255796.421 1974.97942
302.02 471054.901 239136.609 1973.48558 48.4498502 -0.655180533 -9.14482108 255990.073 1974.08022
303.02 473028.059 239180.487 1972.82902 39.3053929 -0.65786964 -9.14411164 256175.143 1973.22053
304.02 475000.559 239215.22 1972.16978 30.1616332 -0.660559956 -9.14342526 256351.63 1972.40041
305.02 476972.398 239240.81 1971.50785 21.0185482 -0.663251509 -9.14276195 256519.536 1971.61989
306.02 478943.573 239257.257 1970.84322 11.8761147 -0.665944326 -9.14212169 256678.861 1970.87901
307.02 480914.083 239264.563 1970.17591 2.73430969 -0.668638434 -9.14150448 256829.605 1970.1778
308.02 482883.924 239262.726 1969.50589 -6.40688985 -0.671333863 -9.14091031 256971.769 1969.51631
309.02 484853.094 239251.749 1968.83318 -15.547507 -0.674030639 -9.14033916 257105.352 1968.89457
310.02 486821.59 239231.631 1968.15778 -24.6875647 -0.676728791 -9.13979105 257230.356 1968.31261
311.02 488789.409 239202.374 1967.47967 -33.827086 -0.679428346 -9.13926594 257346.781 1967.77045
312.02 490756.548 239163.977 1966.79887 -42.9660939 -0.682129331 -9.13876385 257454.627 1967.26812
313.02 492723.005 239116.442 1966.11536 -52.1046116 -0.684831776 -9.13828477 257553.894 1966.80566
314.02 494688.778 239059.768 1965.42915 -61.2426618 -0.687535707 -9.13782868 257644.582 1966.38308
315.02 496653.863 238993.957 1964.74023 -70.3802677 -0.690241153 -9.13739558 257726.692 1966.0004
316.02 498618.258 238919.008 1964.04861 -79.5174522 -0.692948141 -9.13698548 257800.224 1965.65764
317.02 500581.959 238834.922 1963.35428 -88.6542383 -0.695656699 -9.13659835 257865.177 1965.35483
318.02 502544.965 238741.7 1962.65724 -97.7906491 -0.698366855 -9.13623421 257921.554 1965.09197
319.02 504507.273 238639.341 1961.95749 -106.926707 -0.701078638 -9.13589303 257969.352 1964.86909
320.02 506468.879 238527.846 1961.25503 -116.062436 -0.703792075 -9.13557483 258008.573 1964.68618
321.02 508429.782 238407.216 1960.54985 -125.197859 -0.706507193 -9.1352796 258039.217 1964.54326
322.02 510389.978 238277.451 1959.84196 -134.332997 -0.709224022 -9.13500732 258061.283 1964.44035
323.02 512349.465 238138.55 1959.13135 -143.467876 -0.711942589 -9.13475801 258074.772 1964.37743
324.02 514308.24 237990.515 1958.41802 -152.602516 -0.714662922 -9.13453165 258079.684 1964.35452
325.02 516266.3 237833.345 1957.70197 -161.736942 -0.717385049 -9.13432825 258076.018 1964.37162
326.02 518223.643 237667.041 1956.9832 -170.871177 -0.720108998 -9.1341478 258063.776 1964.42872
327.02 520180.266 237491.603 1956.2617 -180.005242 -0.722834798 -9.13399031 258042.956 1964.52582
328.02 522136.165 237307.031 1955.53747 -189.139162 -0.725562476 -9.13385576 258013.559 1964.66293
329.02 524091.34 237113.325 1954.81052 -198.272959 -0.728292061 -9.13374416 257975.584 1964.84003
330.02 526045.786 236910.485 1954.08083 -207.406656 -0.731023581 -9.13365551 257929.032 1965.0571
331.02 527999.5 236698.511 1953.34841 -216.540276 -0.733757063 -9.1335898 257873.902 1965.31415
332.02 529952.481 236477.404 1952.61326 -225.673842 -0.736492538 -9.13354705 257810.195 1965.61116
333.02 531904.726 236247.164 1951.87537 -234.807377 -0.739230031 -9.13352724 257737.909 1965.94811
334.02 533856.231 236007.79 1951.13475 -243.940904 -0.741969573 -9.13353037 257657.046 1966.32499
335.02 535806.995 235759.282 1950.39138 -253.074446 -0.744711191 -9.13355646 257567.604 1966.74178
336.02 537757.013 235501.641 1949.64527 -262.208025 -0.747454914 -9.1336055 257469.584 1967.19845
337.02 539706.284 235234.866 1948.89641 -271.341666 -0.75020077 -9.13367748 257362.985 1967.69498
338.02 541654.805 234958.957 1948.14481 -280.47539 -0.752948787 -9.13377242 257247.807 1968.23135
339.02 543602.573 234673.915 1947.39046 -289.60922 -0.755698995 -9.13389031 257124.05 1968.80753
340.02 545549.585 234379.739 1946.63336 -298.743181 -0.758451421 -9.13403117 256991.713 1969.4235
341.02 547495.839 234076.429 1945.8735 -307.877293 -0.761206094 -9.13419498 256850.796 1970.07922
342.02 549441.331 233763.984 1945.11089 -317.011582 -0.763963043 -9.13438175 256701.299 1970.77465
343.02 551386.06 233442.405 1944.34552 -326.146068 -0.766722296 -9.13459149 256543.221 1971.50977
344.02 553330.021 233111.692 1943.57739 -335.280777 -0.769483882 -9.1348242 256376.562 1972.28453
345.02 555273.213 232771.844 1942.8065 -344.415729 -0.77224783 -9.13507988 256201.321 1973.0989
346.02 557215.633 232422.86 1942.03284 -353.550949 -0.775014168 -9.13535854 256017.499 1973.95284
347.02 559157.278 232064.742 1941.25641 -362.68646 -0.777782925 -9.13566019 255825.094 1974.8463
348.02 561098.145 231697.487 1940.47722 -371.822284 -0.780554131 -9.13598482 255624.106 1975.77925
349.02 563038.232 231321.097 1939.69525 -380.958444 -0.783327814 -9.13633244 255414.535 1976.75163
350.02 564977.535 230935.57 1938.9105 -390.094964 -0.786104002 -9.13670307 255196.38 1977.76339
351.02 566916.052 230540.907 1938.12298 -399.231865 -0.788882725 -9.13709669 254969.64 1978.81449
352.02 568853.78 230137.107 1937.33268 -408.369173 -0.791664012 -9.13751333 254734.316 1979.90487
353.02 570790.716 229724.169 1936.5396 -417.506908 -0.794447892 -9.13795298 254490.406 1981.03449
354.02 572726.858 229302.093 1935.74373 -426.645095 -0.797234394 -9.13841566 254237.909 1982.20328
355.02 574662.203 228870.878 1934.94507 -435.783757 -0.800023547 -9.13890137 253976.826 1983.41118
356.02 576596.747 228430.525 1934.14363 -444.922916 -0.80281538 -9.13941012 253707.155 1984.65815
357.02 578530.489 227981.032 1933.33939 -454.062595 -0.805609924 -9.13994191 253428.896 1985.94411
358.02 580463.425 227522.4 1932.53235 -463.202818 -0.808407205 -9.14049676 253142.048 1987.26901
359.02 582395.553 227054.626 1931.72251 -472.343608 -0.811207256 -9.14107467 252846.61 1988.63279
360.02 584326.869 226577.712 1930.90988 -481.484987 -0.814010103 -9.14167565 252542.582 1990.03536
361.02 586257.372 226091.656 1930.09444 -490.626979 -0.816815778 -9.14229971 252229.963 1991.47668
362.02 588187.057 225596.458 1929.27619 -499.769607 -0.81962431 -9.14294686 251908.752 1992.95667
363.02 590115.923 225092.117 1928.45513 -508.912893 -0.822435727 -9.14361711 251578.948 1994.47525
364.02 592043.967 224578.632 1927.63126 -518.056862 -0.825250061 -9.14431047 251240.55 1996.03236
365.02 593971.185 224056.003 1926.80457 -527.201536 -0.82806734 -9.14502695 250893.558 1997.62792
366.02 595897.575 223524.229 1925.97507 -536.346938 -0.830887594 -9.14576656 250537.971 1999.26186
367.02 597823.134 222983.309 1925.14274 -545.493092 -0.833710853 -9.14652931 250173.788 2000.9341
368.02 599747.859 222433.242 1924.30759 -554.64002 -0.836537146 -9.14731522 249801.007 2002.64456
369.02 601671.748 221874.028 1923.46961 -563.787746 -0.839366505 -9.14812429 249419.628 2004.39317
370.02 603594.798 221305.666 1922.6288 -572.936293 -0.842198958 -9.14895654 249029.651 2006.17983
371.02 605517.005 220728.155 1921.78515 -582.085684 -0.845034536 -9.14981197 248631.073 2008.00446
372.02 607438.367 220141.495 1920.93867 -591.235942 -0.847873269 -9.15069061 248223.894 2009.86699
373.02 609358.881 219545.683 1920.08935 -600.387091 -0.850715186 -9.15159246 247808.114 2011.76732
374.02 611278.545 218940.72 1919.23718 -609.539153 -0.853560319 -9.15251754 247383.73 2013.70538
375.02 613197.355 218326.605 1918.38217 -618.692152 -0.856408698 -9.15346586 246950.742 2015.68106
376.02 615115.308 217703.336 1917.52431 -627.846112 -0.859260352 -9.15443743 246509.148 2017.69428
377.02 617032.402 217070.912 1916.66359 -637.001055 -0.862115312 -9.15543228 246058.949 2019.74495
378.02 618948.634 216429.333 1915.80002 -646.157004 -0.864973609 -9.15645041 245600.142 2021.83298
379.02 620864.001 215778.598 1914.93359 -655.313984 -0.867835273 -9.15749184 245132.726 2023.95826
380.02 622778.5 215118.705 1914.06429 -664.472017 -0.870700335 -9.15855658 244656.7 2026.12072
381.02 624692.129 214449.653 1913.19213 -673.631126 -0.873568825 -9.15964465 244172.063 2028.32024
382.02 626604.884 213771.442 1912.31709 -682.791336 -0.876440775 -9.16075607 243678.814 2030.55674
383.02 628516.762 213084.07 1911.43919 -691.952669 -0.879316215 -9.16189085 243176.952 2032.83011
384.02 630427.761 212387.537 1910.5584 -701.115148 -0.882195176 -9.16304901 242666.475 2035.14026
385.02 632337.878 211681.84 1909.67474 -710.278798 -0.885077689 -9.16423056 242147.381 2037.48707
386.02 634247.11 210966.979 1908.78819 -719.443641 -0.887963785 -9.16543553 241619.67 2039.87046
387.02 636155.453 210242.952 1907.89875 -728.609701 -0.890853495 -9.16666392 241083.341 2042.29032
388.02 638062.906 209509.759 1907.00642 -737.777001 -0.89374685 -9.16791577 240538.391 2044.74654
389.02 639969.465 208767.398 1906.1112 -746.945566 -0.896643883 -9.16919108 239984.82 2047.23901
390.02 641875.128 208015.867 1905.21308 -756.115417 -0.899544623 -9.17048987 239422.626 2049.76764
391.02 643779.89 207255.166 1904.31205 -765.286579 -0.902449102 -9.17181217 238851.808 2052.33232
392.02 645683.751 206485.294 1903.40812 -774.459076 -0.905357352 -9.173158 238272.364 2054.93292
393.02 647586.706 205706.248 1902.50128 -783.63293 -0.908269405 -9.17452736 237684.293 2057.56936
394.02 649488.752 204918.027 1901.59152 -792.808166 -0.911185292 -9.17592029 237087.593 2060.24151
395.02 651389.888 204120.631 1900.67885 -801.984807 -0.914105046 -9.1773368 236482.263 2062.94927
396.02 653290.109 203314.057 1899.76325 -811.162876 -0.917028696 -9.17877691 235868.301 2065.69253
397.02 655189.413 202498.305 1898.84473 -820.342398 -0.919956277 -9.18024065 235245.705 2068.47116
398.02 657087.798 201673.372 1897.92328 -829.523395 -0.922887819 -9.18172804 234614.475 2071.28507
399.02 658985.259 200839.257 1896.99889 -838.705892 -0.925823356 -9.18323909 233974.609 2074.13413
400.02 660881.794 199995.96 1896.07157 -847.889911 -0.928762918 -9.18477383 233326.104 2077.01822
401.02 662777.401 199143.477 1895.14131 -857.075478 -0.931706538 -9.18633228 232668.959 2079.93725
402.02 664672.076 198281.808 1894.2081 -866.262615 -0.934654249 -9.18791447 232003.173 2082.89108
403.02 666565.816 197410.951 1893.27194 -875.451347 -0.937606083 -9.18952041 231328.744 2085.8796
404.02 668458.619 196530.905 1892.33282 -884.641696 -0.940562073 -9.19115013 230645.67 2088.90269
405.02 670350.481 195641.667 1891.39075 -893.833688 -0.943522251 -9.19280366 229953.95 2091.96024
406.02 672241.399 194743.237 1890.44572 -903.027345 -0.946486651 -9.19448101 229253.581 2095.05212
407.02 674131.371 193835.612 1889.49772 -912.222692 -0.949455304 -9.19618222 228544.562 2098.17823
408.02 676020.394 192918.791 1888.54675 -921.419752 -0.952428243 -9.19790731 227826.891 2101.33843
409.02 677908.464 191992.772 1887.5928 -930.618549 -0.955405503 -9.19965629 227100.567 2104.5326
410.02 679795.578 191057.553 1886.63588 -939.819107 -0.958387115 -9.20142921 226365.586 2107.76063
411.02 681681.735 190113.133 1885.67597 -949.021451 -0.961373114 -9.20322608 225621.949 2111.0224
412.02 683566.929 189159.51 1884.71307 -958.225604 -0.964363532 -9.20504693 224869.652 2114.31778
413.02 685451.16 188196.681 1883.74718 -967.43159 -0.967358402 -9.20689178 224108.693 2117.64664
414.02 687334.423 187224.646 1882.77829 -976.639432 -0.970357759 -9.20876067 223339.072 2121.00888
415.02 689216.715 186243.402 1881.8064 -985.849157 -0.973361636 -9.21065361 222560.785 2124.40436
416.02 691098.035 185252.947 1880.83151 -995.060786 -0.976370067 -9.21257065 221773.831 2127.83296
417.02 692978.377 184253.28 1879.8536 -1004.27434 -0.979383085 -9.2145118 220978.208 2131.29456
418.02 694857.741 183244.398 1878.87268 -1013.48986 -0.982400724 -9.21647709 220173.913 2134.78904
419.02 696736.122 182226.299 1877.88874 -1022.70735 -0.985423019 -9.21846655 219360.945 2138.31626
420.02 698613.517 181198.982 1876.90177 -1031.92684 -0.988450003 -9.22048022 218539.302 2141.87611
421.02 700489.924 180162.445 1875.91177 -1041.14836 -0.991481712 -9.22251812 217708.982 2145.46845
422.02 702365.34 179116.685 1874.91874 -1050.37192 -0.994518178 -9.22458028 216869.982 2149.09317
423.02 704239.761 178061.7 1873.92267 -1059.59757 -0.997559437 -9.22666672 216022.3 2152.75015
424.02 706113.184 176997.489 1872.92356 -1068.82531 -1.00060552 -9.22877749 215165.934 2156.43924
425.02 707985.607 175924.049 1871.9214 -1078.05517 -1.00365647 -9.23091261 214300.883 2160.16034
426.02 709857.026 174841.378 1870.91619 -1087.28718 -1.00671232 -9.23307212 213427.143 2163.91331
427.02 711727.438 173749.474 1869.90791 -1096.52137 -1.00977309 -9.23525603 212544.712 2167.69802
428.02 713596.841 172648.335 1868.89658 -1105.75775 -1.01283884 -9.2374644 211653.588 2171.51436
429.02 715465.23 171537.958 1867.88217 -1114.99635 -1.01590958 -9.23969724 210753.77 2175.36219
430.02 717332.604 170418.341 1866.8647 -1124.23719 -1.01898536 -9.24195459 209845.254 2179.2414
431.02 719198.959 169289.483 1865.84414 -1133.48031 -1.02206622 -9.24423649 208928.038 2183.15184
432.02 721064.291 168151.38 1864.8205 -1142.72572 -1.02515218 -9.24654296 208002.121 2187.09341
433.02 722928.599 167004.03 1863.79377 -1151.97345 -1.02824329 -9.24887405 207067.498 2191.06596
434.02 724791.878 165847.432 1862.76395 -1161.22352 -1.03133957 -9.25122978 206124.169 2195.06938
435.02 726654.126 164681.583 1861.73103 -1170.47597 -1.03444107 -9.25361018 205172.131 2199.10355
436.02 728515.339 163506.479 1860.695 -1179.7308 -1.03754782 -9.25601531 204211.381 2203.16832
437.02 730375.515 162322.12 1859.65587 -1188.98805 -1.04065986 -9.25844518 203241.917 2207.26359
438.02 732234.65 161128.502 1858.61362 -1198.24775 -1.04377723 -9.26089984 202263.736 2211.38921
439.02 734092.741 159925.624 1857.56825 -1207.50991 -1.04689995 -9.26337932 201276.835 2215.54508
440.02 735949.785 158713.482 1856.51976 -1216.77457 -1.05002807 -9.26588366 200281.213 2219.73105
441.02 737805.779 157492.074 1855.46813 -1226.04174 -1.05316162 -9.26841289 199276.867 2223.94701
442.02 739660.72 156261.397 1854.41337 -1235.31145 -1.05630064 -9.27096706 198263.794 2228.19284
443.02 741514.605 155021.45 1853.35546 -1244.58373 -1.05944517 -9.27354619 197241.991 2232.4684
444.02 743367.43 153772.229 1852.29441 -1253.8586 -1.06259525 -9.27615033 196211.456 2236.77357
445.02 745219.193 152513.732 1851.23021 -1263.13609 -1.0657509 -9.27877952 195172.186 2241.10822
446.02 747069.889 151245.956 1850.16285 -1272.41622 -1.06891218 -9.28143379 194124.179 2245.47224
447.02 748919.517 149968.899 1849.09232 -1281.69902 -1.0720791 -9.28411318 193067.432 2249.8655
448.02 750768.073 148682.557 1848.01862 -1290.98451 -1.07525173 -9.28681774 192001.941 2254.28788
449.02 752615.553 147386.929 1846.94175 -1300.27272 -1.07843008 -9.28954749 190927.705 2258.73924
450.02 754461.955 146082.011 1845.8617 -1309.56367 -1.0816142 -9.2923025 189844.72 2263.21948
451.02 756307.276 144767.8 1844.77846 -1318.85739 -1.08480413 -9.29508278 188752.984 2267.72846
452.02 758151.511 143444.295 1843.69202 -1328.1539 -1.08799991 -9.29788839 187652.494 2272.26606
453.02 759994.659 142111.492 1842.60239 -1337.45323 -1.09120157 -9.30071937 186543.247 2276.83217
454.02 761836.715 140769.388 1841.50955 -1346.7554 -1.09440915 -9.30357575 185425.24 2281.42665
455.02 763677.677 139417.98 1840.41351 -1356.06045 -1.09762269 -9.30645759 184298.471 2286.04939
456.02 765517.541 138057.266 1839.31424 -1365.36839 -1.10084223 -9.30936491 183162.935 2290.70027
457.02 767356.304 136687.242 1838.21175 -1374.67924 -1.10406781 -9.31229778 182018.631 2295.37916
458.02 769193.963 135307.906 1837.10604 -1383.99305 -1.10729947 -9.31525622 180865.556 2300.08595
459.02 771030.515 133919.255 1835.99709 -1393.30982 -1.11053724 -9.31824029 179703.705 2304.82051
460.02 772865.956 132521.286 1834.8849 -1402.6296 -1.11378117 -9.32125002 178533.078 2309.58273
461.02 774700.284 131113.995 1833.76946 -1411.95239 -1.1170313 -9.32428547 177353.669 2314.37248
462.02 776533.494 129697.38 1832.65077 -1421.27824 -1.12028766 -9.32734668 176165.477 2319.18966
463.02 778365.584 128271.437 1831.52882 -1430.60716 -1.12355029 -9.33043368 174968.498 2324.03413
464.02 780196.551 126836.165 1830.4036 -1439.93918 -1.12681924 -9.33354654 173762.729 2328.90579
465.02 782026.39 125391.558 1829.27511 -1449.27432 -1.13009455 -9.33668529 172548.167 2333.80451
466.02 783855.1 123937.615 1828.14334 -1458.61262 -1.13337625 -9.33984999 171324.808 2338.73018
467.02 785682.676 122474.332 1827.00829 -1467.95409 -1.13666439 -9.34304068 170092.651 2343.68268
468.02 787509.115 121001.706 1825.86995 -1477.29877 -1.139959 -9.3462574 168851.69 2348.6619
469.02 789334.415 119519.733 1824.7283 -1486.64668 -1.14326013 -9.34950021 167601.924 2353.66772
470.02 791158.571 118028.411 1823.58336 -1495.99785 -1.14656782 -9.35276915 166343.348 2358.70003
471.02 792981.58 116527.736 1822.4351 -1505.35229 -1.14988211 -9.35606428 165075.96 2363.75871
472.02 794803.44 115017.705 1821.28352 -1514.71005 -1.15320304 -9.35938564 163799.756 2368.84364
473.02 796624.146 113498.315 1820.12863 -1524.07114 -1.15653065 -9.36273328 162514.733 2373.95473
474.02 798443.696 111969.562 1818.97039 -1533.43559 -1.15986499 -9.36610725 161220.888 2379.09185
475.02 800262.086 110431.443 1817.80883 -1542.80343 -1.16320609 -9.36950761 159918.216 2384.25489
476.02 802079.313 108883.954 1816.64391 -1552.17469 -1.166554 -9.3729344 158606.716 2389.44373
477.02 803895.373 107327.092 1815.47565 -1561.54938 -1.16990876 -9.37638768 157286.382 2394.65828
478.02 805710.263 105760.854 1814.30403 -1570.92754 -1.17327042 -9.37986749 155957.213 2399.89842
479.02 807523.98 104185.236 1813.12904 -1580.30919 -1.17663901 -9.3833739 154619.203 2405.16404
480.02 809336.52 102600.235 1811.95068 -1589.69437 -1.18001457 -9.38690695 153272.351 2410.45503
481.02 811147.88 101005.846 1810.76894 -1599.08309 -1.18339716 -9.39046669 151916.651 2415.77128
482.02 812958.057 99402.0672 1809.58381 -1608.47538 -1.18678681 -9.39405319 150552.101 2421.11268
483.02 814767.046 97788.8942 1808.3953 -1617.87127 -1.19018357 -9.39766649 149178.698 2426.47914
484.02 816574.846 96166.3234 1807.20338 -1627.27079 -1.19358748 -9.40130665 147796.436 2431.87053
485.02 818381.452 94534.3514 1806.00805 -1636.67397 -1.19699858 -9.40497372 146405.314 2437.28676
486.02 820186.861 92892.9743 1804.80931 -1646.08082 -1.20041693 -9.40866777 145005.326 2442.72772
487.02 821991.07 91242.1885 1803.60715 -1655.49139 -1.20384255 -9.41238884 143596.47 2448.19331
488.02 823794.074 89581.9903 1802.40155 -1664.90569 -1.2072755 -9.416137 142178.742 2453.68341
489.02 825595.872 87912.3759 1801.19252 -1674.32375 -1.21071583 -9.41991229 140752.138 2459.19794
490.02 827396.458 86233.3415 1799.98005 -1683.74559 -1.21416357 -9.42371478 139316.654 2464.73678
491.02 829195.83 84544.8834 1798.76412 -1693.17126 -1.21761877 -9.42754453 137872.286 2470.29984
492.02 830993.985 82846.9977 1797.54474 -1702.60077 -1.22108147 -9.43140159 136419.03 2475.88701
493.02 832790.919 81139.6806 1796.32189 -1712.03415 -1.22455173 -9.43528603 134956.884 2481.49819
494.02 834586.628 79422.9281 1795.09556 -1721.47143 -1.22802958 -9.43919789 133485.842 2487.13328
495.02 836381.109 77696.7364 1793.86576 -1730.91263 -1.23151508 -9.44313725 132005.901 2492.79219
496.02 838174.358 75961.1015 1792.63246 -1740.35779 -1.23500826 -9.44710416 130517.057 2498.47481
497.02 839966.373 74216.0195 1791.39567 -1749.80693 -1.23850918 -9.45109869 129019.306 2504.18105
498.02 841757.148 72461.4863 1790.15537 -1759.26008 -1.24201788 -9.45512088 127512.645 2509.91081
499.02 843546.682 70697.498 1788.91156 -1768.71726 -1.2455344 -9.45917082 125997.068 2515.66399
500.02 845334.97 68924.0504 1787.66423 -1778.17851 -1.2490588 -9.46324855 124472.572 2521.4405
501.02 847122.009 67141.1396 1786.41337 -1787.64385 -1.25259112 -9.46735415 122939.153 2527.24025
502.02 848907.796 65348.7614 1785.15897 -1797.11331 -1.25613141 -9.47148767 121396.807 2533.06313
503.02 850692.326 63546.9116 1783.90103 -1806.58692 -1.25967971 -9.47564917 119845.529 2538.90906
504.02 852475.597 61735.5861 1782.63954 -1816.0647 -1.26323608 -9.47983874 118285.317 2544.77793
505.02 854257.604 59914.7808 1781.37449 -1825.54669 -1.26680055 -9.48405641 116716.164 2550.66967
506.02 856038.345 58084.4913 1780.10587 -1835.03291 -1.27037319 -9.48830228 115138.068 2556.58418
507.02 857817.815 56244.7136 1778.83367 -1844.52339 -1.27395403 -9.49257639 113551.024 2562.52136
508.02 859596.011 54395.4431 1777.55788 -1854.01816 -1.27754313 -9.49687881 111955.027 2568.48114
509.02 861372.929 52536.6758 1776.27851 -1863.51724 -1.28114053 -9.50120962 110350.074 2574.46341
510.02 863148.566 50668.4072 1774.99553 -1873.02067 -1.28474628 -9.50556888 108736.16 2580.46809
511.02 864922.919 48790.633 1773.70894 -1882.52848 -1.28836043 -9.50995666 107113.281 2586.49509
512.02 866695.983 46903.3488 1772.41873 -1892.04068 -1.29198304 -9.51437303 105481.433 2592.54433
513.02 868467.755 45006.5502 1771.1249 -1901.55732 -1.29561413 -9.51881806 103840.61 2598.61572
514.02 870238.232 43100.2327 1769.82743 -1911.07842 -1.29925378 -9.52329182 102190.809 2604.70917
515.02 872007.409 41184.3918 1768.52631 -1920.604 -1.30290202 -9.52779438 100532.025 2610.82459
516.02 873775.283 39259.0231 1767.22155 -1930.13411 -1.3065589 -9.53232582 98864.2544 2616.96192
517.02 875541.851 37324.1221 1765.91312 -1939.66876 -1.31022446 -9.5368862 97187.4917 2623.12105
518.02 877307.108 35379.6841 1764.60102 -1949.20798 -1.31389877 -9.54147562 95501.7328 2629.30191
519.02 879071.052 33425.7046 1763.28525 -1958.75181 -1.31758185 -9.54609415 93806.973 2635.50441
520.02 880833.677 31462.1789 1761.96578 -1968.30027 -1.32127376 -9.55074186 92103.2077 2641.72848
521.02 882594.982 29489.1025 1760.64262 -1977.8534 -1.32497452 -9.55541886 90390.4325 2647.97404
522.02 884354.961 27506.4706 1759.31576 -1987.41121 -1.3286842 -9.56012521 88668.6426 2654.24099
523.02 886113.612 25514.2785 1757.98518 -1996.97375 -1.33240281 -9.56486103 86937.8334 2660.52928
524.02 887870.931 23512.5215 1756.65087 -2006.54104 -1.3361304 -9.5696264 85198.0002 2666.83881
525.02 889626.913 21501.1948 1755.31284 -2016.11311 -1.33986699 -9.57442142 83449.1383 2673.16951
526.02 891381.555 19480.2937 1753.97106 -2025.68999 -1.34361262 -9.57924621 81691.2429 2679.5213
527.02 893134.854 17449.8132 1752.62553 -2035.27171 -1.34736729 -9.58410089 79924.3093 2685.89411
528.02 894886.805 15409.7486 1751.27625 -2044.8583 -1.35113098 -9.58898563 78148.3326 2692.28787
529.02 896637.405 13360.095 1749.92319 -2054.44979 -1.35490369 -9.5939006 76363.308 2698.70249
530.02 898386.65 11300.8474 1748.56636 -2064.04621 -1.35868535 -9.59884598 74569.2306 2705.1379
531.02 900134.536 9232.00094 1747.20574 -2073.64759 -1.36247591 -9.60382204 72766.0956 2711.59404
532.02 901881.06 7153.55058 1745.84133 -2083.25396 -1.36627523 -9.60882906 70953.8981 2718.07083
533.02 903626.218 5065.49134 1744.47311 -2092.86536 -1.37008318 -9.61386736 69132.633 2724.5682
534.02 905370.005 2967.81818 1743.10109 -2102.48181 -1.37389958 -9.61893735 67302.2954 2731.08607
535.02 907112.419 860.526033 1741.72524 -2112.10334 -1.37772417 -9.62403949 65462.8804 2737.6244
536.02 908853.454 -1256.39021 1740.34556 -2121.73 -1.38155662 -9.62917436 63614.3827 2744.18309
537.02 910593.108 -3382.93568 1738.96204 -2131.36181 -1.38539647 -9.63434273 61756.7975 2750.7621
538.02 912331.377 -5519.11556 1737.57469 -2140.9988 -1.38924318 -9.63954546 59890.1195 2757.36136
539.02 914068.256 -7664.93503 1736.18348 -2150.64102 -1.39309599 -9.64478369 58014.3437 2763.9808
540.02 915803.743 -9820.39934 1734.78842 -2160.28849 -1.39695379 -9.65005905 56129.4648 2770.62036
541.02 917537.832 -11985.5138 1733.38949 -2169.94125 -1.40081566 -9.65537292 54235.4777 2777.28
542.02 919270.52 -14160.2836 1731.98671 -2179.59935 -1.40468015 -9.66072743 52332.3771 2783.95964
543.02 921001.804 -16344.7143 1730.58006 -2189.26283 -1.40854503 -9.66612571 50420.1577 2790.65925
544.02 922731.679 -18538.8111 1729.16954 -2198.93173 -1.41240716 -9.67157208 48498.8143 2797.37878
545.02 924460.142 -20742.5795 1727.75517 -2208.6061 -1.4162616 -9.6770733 46568.3414 2804.11819
546.02 926187.188 -22956.0251 1726.33695 -2218.28601 -1.42010121 -9.68263906 44628.7337 2810.87745
547.02 927912.815 -25179.1534 1724.9149 -2227.97152 -1.42391516 -9.68828402 42679.9856 2817.65656
548.02 929637.017 -27411.9701 1723.48905 -2237.66272 -1.42768786 -9.69402933 40722.0916 2824.45551
549.02 931359.791 -29654.4808 1722.05946 -2247.35973 -1.43139698 -9.69990533 38755.0461 2831.27437
550.02 933081.135 -31906.6915 1720.62621 -2257.0627 -1.43501007 -9.70595626 36778.8433 2838.11321
551.02 934801.043 -34168.6083 1719.18941 -2266.77183 -1.43847841 -9.7122487 34793.4773 2844.97219
552.02 936519.512 -36440.2373 1717.74924 -2276.48742 -1.4417299 -9.71888155 32798.942 2851.85158
553.02 938236.54 -38721.5854 1716.30597 -2286.20986 -1.44466796 -9.72598827 30795.2309 2858.75178
554.02 939952.123 -41012.6595 1714.85997 -2295.93972 -1.44716055 -9.73375247 28782.3372 2865.67338
555.02 941666.259 -43313.4675 1713.41178 -2305.67778 -1.44902116 -9.74243472 26760.2534 2872.61727
556.02 943378.946 -45624.0182 1711.96214 -2315.42513 -1.44999819 -9.75238871 24728.9713 2879.58468
557.02 945090.183 -47944.3214 1710.51211 -2325.18327 -1.44976211 -9.76408108 22688.4815 2886.57737
558.02 946799.971 -50274.3889 1709.0631 -2334.95422 -1.44790327 -9.77809707 20638.773 2893.59774
559.02 948508.311 -52614.2349 1707.61699 -2344.74067 -1.44391364 -9.79516847 18579.8329 2900.649
560.02 950215.207 -54963.8766 1706.17629 -2354.54624 -1.43697549 -9.81646863 16511.6453 2907.73547
561.02 951920.666 -57323.3354 1704.74467 -2364.37618 -1.42557645 -9.84415722 14434.1908 2914.86348
562.02 953624.701 -59692.6395 1703.32762 -2374.23835 -1.40773115 -9.88109555 12347.444 2922.04257
563.02 955327.328 -62071.8262 1701.93235 -2384.14313 -1.38222716 -9.92911806 10251.3715 2929.28527
564.02 957028.575 -64460.9436 1700.56634 -2394.10146 -1.34967294 -9.98753045 8145.93032 2936.60479
565.02 958728.473 -66860.0502 1699.23624 -2404.12321 -1.31085397 -10.0553719 6031.06825 2944.01294
566.02 960427.062 -69269.2143 1697.94846 -2414.21812 -1.26509645 -10.133735 3906.7246 2951.52132
567.02 962124.387 -71688.5152 1696.71165 -2424.39921 -1.20801069 -10.2290415 1772.829 2959.14548
567.84 963532.249 -73704.3018 1695.73507 -2432.93168 -1.14660739 -10.3289623 -5.61938397 2965.58156
