0 0 0 31.9612 31.9612
0 0.319223 0.318734 31.8835 31.7856
0.01 0.637671 0.635715 31.8062 31.6107
0.02 0.95535 0.95095 31.7295 31.4366
0.03 1.27226 1.26445 31.6532 31.2631
0.04 1.58842 1.57622 31.5775 31.0904
0.05 1.90381 1.88626 31.5022 30.9184
0.06 2.21846 2.19459 31.4274 30.7471
0.07 2.53236 2.5012 31.353 30.5765
0.08 2.84552 2.80612 31.2792 30.4066
0.09 3.15795 3.10934 31.2058 30.2373
0.1 3.46964 3.41087 31.1328 30.0688
0.11 3.78061 3.71071 31.0603 29.9009
0.12 4.09085 4.00889 30.9883 29.7336
0.13 4.40037 4.30539 30.9167 29.5671
0.14 4.70919 4.60023 30.8456 29.4011
0.15 5.01729 4.89341 30.7749 29.2359
0.16 5.32468 5.18495 30.7046 29.0712
0.17 5.63138 5.47484 30.6348 28.9072
0.18 5.93738 5.7631 30.5654 28.7439
0.19 6.24269 6.04972 30.4965 28.5811
0.2 6.54731 6.33472 30.4279 28.419
0.21 6.85125 6.6181 30.3598 28.2575
0.22 7.15451 6.89987 30.2921 28.0966
0.23 7.45709 7.18004 30.2248 27.9363
0.24 7.75901 7.4586 30.1579 27.7766
0.25 8.06025 7.73557 30.0914 27.6174
0.26 8.36084 8.01095 30.0253 27.4589
0.27 8.66076 8.28475 29.9597 27.3009
0.28 8.96003 8.55697 29.8944 27.1436
0.29 9.25865 8.82762 29.8295 26.9867
0.3 9.55662 9.09671 29.765 26.8305
0.31 9.85395 9.36423 29.7009 26.6748
0.32 10.1506 9.63021 29.6371 26.5197
0.33 10.4467 9.89463 29.5738 26.3651
0.34 10.7421 10.1575 29.5108 26.211
0.35 11.0369 10.4189 29.4482 26.0575
0.36 11.3311 10.6787 29.386 25.9046
0.37 11.6246 10.9369 29.3241 25.7521
0.38 11.9176 11.1937 29.2626 25.6002
0.39 12.2099 11.449 29.2014 25.4488
0.4 12.5016 11.7027 29.1407 25.298
0.41 12.7927 11.9549 29.0802 25.1476
0.42 13.0832 12.2056 29.0201 24.9977
0.43 13.3731 12.4549 28.9604 24.8484
0.44 13.6624 12.7026 28.901 24.6995
0.45 13.9511 12.9489 28.842 24.5512
0.46 14.2393 13.1936 28.7833 24.4033
0.47 14.5268 13.4369 28.7249 24.2559
0.48 14.8138 13.6788 28.6669 24.109
0.49 15.1001 13.9191 28.6092 23.9626
0.5 15.3859 14.158 28.5519 23.8167
0.51 15.6712 14.3954 28.4948 23.6712
0.52 15.9558 14.6314 28.4381 23.5262
0.53 16.2399 14.866 28.3817 23.3816
0.54 16.5235 15.0991 28.3257 23.2376
0.55 16.8065 15.3307 28.2699 23.0939
0.56 17.0889 15.5609 28.2145 22.9507
0.57 17.3707 15.7897 28.1594 22.808
0.58 17.6521 16.0171 28.1046 22.6657
0.59 17.9328 16.2431 28.0501 22.5238
0.6 18.2131 16.4676 27.9959 22.3824
0.61 18.4928 16.6907 27.942 22.2414
0.62 18.7719 16.9124 27.8884 22.1008
0.63 19.0505 17.1327 27.8351 21.9607
0.64 19.3286 17.3516 27.7821 21.821
0.65 19.6062 17.5691 27.7294 21.6817
0.66 19.8832 17.7853 27.6769 21.5428
0.67 20.1597 18 27.6248 21.4043
0.68 20.4357 18.2134 27.573 21.2662
0.69 20.7112 18.4253 27.5214 21.1285
0.7 20.9861 18.6359 27.4701 20.9913
0.71 21.2606 18.8452 27.4191 20.8544
0.72 21.5345 19.053 27.3684 20.7179
0.73 21.8079 19.2595 27.318 20.5818
0.74 22.0809 19.4647 27.2678 20.4461
0.75 22.3533 19.6684 27.2179 20.3108
0.76 22.6252 19.8709 27.1683 20.1758
0.77 22.8967 20.072 27.1189 20.0413
0.78 23.1676 20.2717 27.0698 19.9071
0.79 23.4381 20.4701 27.021 19.7733
0.8 23.708 20.6672 26.9724 19.6398
0.81 23.9775 20.8629 26.9241 19.5067
0.82 24.2465 21.0573 26.8761 19.374
0.83 24.515 21.2504 26.8283 19.2416
0.84 24.7831 21.4421 26.7807 19.1096
0.85 25.0506 21.6326 26.7334 18.9779
0.86 25.3177 21.8217 26.6864 18.8466
0.87 25.5844 22.0095 26.6396 18.7157
0.88 25.8505 22.196 26.593 18.585
0.89 26.1162 22.3812 26.5467 18.4548
0.9 26.3815 22.5651 26.5007 18.3248
0.91 26.6462 22.7477 26.4548 18.1952
0.92 26.9106 22.929 26.4092 18.0659
0.93 27.1744 23.109 26.3639 17.937
0.94 27.4378 23.2877 26.3188 17.8084
0.95 27.7008 23.4652 26.2739 17.6801
0.96 27.9633 23.6414 26.2292 17.5521
0.97 28.2254 23.8162 26.1848 17.4245
0.98 28.487 23.9898 26.1406 17.2972
0.99 28.7482 24.1622 26.0966 17.1702
1 29.009 24.3332 26.0529 17.0434
1.01 29.2693 24.503 26.0094 16.9171
1.02 29.5291 24.6716 25.9661 16.791
1.03 29.7886 24.8389 25.923 16.6652
1.04 30.0476 25.0049 25.8801 16.5397
1.05 30.3062 25.1697 25.8374 16.4145
1.06 30.5644 25.3332 25.795 16.2897
1.07 30.8221 25.4955 25.7528 16.1651
1.08 31.0794 25.6565 25.7108 16.0408
1.09 31.3363 25.8163 25.669 15.9168
1.1 31.5928 25.9748 25.6274 15.7931
1.11 31.8489 26.1321 25.586 15.6696
1.12 32.1045 26.2882 25.5448 15.5465
1.13 32.3598 26.4431 25.5038 15.4236
1.14 32.6146 26.5967 25.463 15.301
1.15 32.869 26.7491 25.4224 15.1787
1.16 33.123 26.9003 25.3821 15.0567
1.17 33.3767 27.0502 25.3419 14.9349
1.18 33.6299 27.199 25.3019 14.8134
1.19 33.8827 27.3465 25.2621 14.6922
1.2 34.1351 27.4928 25.2225 14.5713
1.21 34.3871 27.6379 25.1831 14.4506
1.22 34.6388 27.7818 25.1438 14.3301
1.23 34.89 27.9245 25.1048 14.21
1.24 35.1409 28.066 25.066 14.0901
1.25 35.3913 28.2063 25.0273 13.9704
1.26 35.6414 28.3454 24.9888 13.851
1.27 35.8911 28.4833 24.9505 13.7318
1.28 36.1404 28.6201 24.9124 13.6129
1.29 36.3894 28.7556 24.8745 13.4943
1.3 36.6379 28.89 24.8367 13.3759
1.31 36.8861 29.0231 24.7991 13.2577
1.32 37.1339 29.1551 24.7617 13.1398
1.33 37.3813 29.2859 24.7245 13.0221
1.34 37.6284 29.4156 24.6874 12.9047
1.35 37.8751 29.544 24.6505 12.7875
1.36 38.1214 29.6713 24.6138 12.6705
1.37 38.3674 29.7974 24.5773 12.5537
1.38 38.613 29.9224 24.5409 12.4372
1.39 38.8582 30.0462 24.5047 12.321
1.4 39.103 30.1688 24.4686 12.2049
1.41 39.3476 30.2903 24.4328 12.0891
1.42 39.5917 30.4106 24.397 11.9735
1.43 39.8355 30.5297 24.3615 11.8581
1.44 40.0789 30.6477 24.3261 11.7429
1.45 40.322 30.7646 24.2908 11.628
1.46 40.5648 30.8803 24.2558 11.5133
1.47 40.8071 30.9949 24.2208 11.3988
1.48 41.0492 31.1083 24.1861 11.2845
1.49 41.2909 31.2206 24.1514 11.1704
1.5 41.5322 31.3317 24.117 11.0565
1.51 41.7732 31.4417 24.0827 10.9429
1.52 42.0139 31.5505 24.0485 10.8294
1.53 42.2542 31.6583 24.0145 10.7162
1.54 42.4941 31.7649 23.9806 10.6031
1.55 42.7338 31.8703 23.9469 10.4903
1.56 42.9731 31.9747 23.9133 10.3776
1.57 43.212 32.0779 23.8799 10.2652
1.58 43.4507 32.18 23.8466 10.153
1.59 43.689 32.281 23.8135 10.0409
1.6 43.927 32.3808 23.7805 9.92906
1.61 44.1646 32.4795 23.7476 9.81741
1.62 44.4019 32.5771 23.7149 9.70595
1.63 44.6389 32.6737 23.6823 9.59468
1.64 44.8756 32.769 23.6499 9.4836
1.65 45.1119 32.8633 23.6175 9.37271
1.66 45.3479 32.9565 23.5854 9.262
1.67 45.5836 33.0486 23.5533 9.15149
1.68 45.819 33.1395 23.5214 9.04115
1.69 46.054 33.2294 23.4896 8.931
1.7 46.2888 33.3181 23.458 8.82103
1.71 46.5232 33.4058 23.4265 8.71125
1.72 46.7573 33.4924 23.3951 8.60164
1.73 46.9911 33.5778 23.3638 8.49221
1.74 47.2246 33.6622 23.3326 8.38295
1.75 47.4577 33.7455 23.3016 8.27387
1.76 47.6906 33.8277 23.2707 8.16497
1.77 47.9232 33.9088 23.24 8.05624
1.78 48.1554 33.9888 23.2093 7.94768
1.79 48.3873 34.0678 23.1788 7.83929
1.8 48.619 34.1456 23.1484 7.73106
1.81 48.8503 34.2224 23.1181 7.62301
1.82 49.0813 34.2981 23.0879 7.51513
1.83 49.3121 34.3727 23.0578 7.40741
1.84 49.5425 34.4462 23.0279 7.29985
1.85 49.7726 34.5187 22.9981 7.19246
1.86 50.0025 34.5901 22.9684 7.08523
1.87 50.232 34.6604 22.9388 6.97816
1.88 50.4612 34.7296 22.9093 6.87125
1.89 50.6902 34.7978 22.8799 6.7645
1.9 50.9188 34.8649 22.8506 6.65791
1.91 51.1472 34.931 22.8215 6.55148
1.92 51.3753 34.996 22.7924 6.4452
1.93 51.603 35.0599 22.7635 6.33908
1.94 51.8305 35.1227 22.7346 6.23311
1.95 52.0577 35.1845 22.7059 6.12729
1.96 52.2846 35.2453 22.6772 6.02163
1.97 52.5113 35.305 22.6487 5.91611
1.98 52.7376 35.3636 22.6203 5.81075
1.99 52.9637 35.4212 22.592 5.70553
2 53.1895 35.4777 22.5637 5.60047
2.01 53.415 35.5332 22.5356 5.49554
2.02 53.6402 35.5876 22.5076 5.39077
2.03 53.8651 35.641 22.4797 5.28614
2.04 54.0898 35.6933 22.4518 5.18166
2.05 54.3141 35.7446 22.4241 5.07732
2.06 54.5382 35.7949 22.3964 4.97312
2.07 54.7621 35.8441 22.3689 4.86906
2.08 54.9856 35.8923 22.3414 4.76514
2.09 55.2089 35.9394 22.3141 4.66137
2.1 55.4319 35.9855 22.2868 4.55773
2.11 55.6546 36.0306 22.2596 4.45423
2.12 55.8771 36.0746 22.2325 4.35087
2.13 56.0993 36.1176 22.2055 4.24764
2.14 56.3212 36.1595 22.1786 4.14455
2.15 56.5429 36.2005 22.1517 4.04159
2.16 56.7642 36.2404 22.125 3.93877
2.17 56.9854 36.2793 22.0983 3.83609
2.18 57.2062 36.3171 22.0718 3.73353
2.19 57.4268 36.3539 22.0453 3.63111
2.2 57.6471 36.3897 22.0188 3.52882
2.21 57.8672 36.4245 21.9925 3.42666
2.22 58.087 36.4583 21.9663 3.32462
2.23 58.3065 36.491 21.9401 3.22272
2.24 58.5258 36.5227 21.914 3.12095
2.25 58.7448 36.5534 21.888 3.0193
2.26 58.9635 36.5831 21.8621 2.91778
2.27 59.182 36.6118 21.8362 2.81639
2.28 59.4003 36.6394 21.8104 2.71512
2.29 59.6182 36.6661 21.7847 2.61398
2.3 59.836 36.6917 21.7591 2.51296
2.31 60.0534 36.7163 21.7335 2.41207
2.32 60.2706 36.7399 21.708 2.3113
2.33 60.4876 36.7626 21.6826 2.21065
2.34 60.7043 36.7842 21.6573 2.11012
2.35 60.9207 36.8048 21.632 2.00972
2.36 61.1369 36.8244 21.6068 1.90943
2.37 61.3529 36.8429 21.5817 1.80927
2.38 61.5685 36.8605 21.5566 1.70922
2.39 61.784 36.8771 21.5316 1.6093
2.4 61.9992 36.8927 21.5067 1.50949
2.41 62.2141 36.9073 21.4818 1.4098
2.42 62.4288 36.9209 21.457 1.31023
2.43 62.6433 36.9335 21.4323 1.21078
2.44 62.8575 36.9451 21.4076 1.11144
2.45 63.0714 36.9558 21.383 1.01222
2.46 63.2851 36.9654 21.3584 0.913111
2.47 63.4986 36.974 21.3339 0.81412
2.48 63.7118 36.9817 21.3095 0.715244
2.49 63.9248 36.9883 21.2851 0.616482
2.5 64.1375 36.994 21.2608 0.517834
2.51 64.35 36.9987 21.2366 0.419299
2.52 64.5622 37.0024 21.2124 0.320877
2.53 64.7742 37.0051 21.1882 0.222568
2.54 64.986 37.0068 21.1641 0.124371
2.55 65.1975 37.0076 21.1401 0.0262851
2.56 65.4088 37.0074 21.1161 -0.0716891
2.57 65.6198 37.0062 21.0922 -0.169552
2.58 65.8306 37.004 21.0684 -0.267305
2.59 66.0412 37.0008 21.0446 -0.364948
2.6 66.2515 36.9967 21.0208 -0.46248
2.61 66.4616 36.9916 20.9971 -0.559903
2.62 66.6715 36.9855 20.9734 -0.657217
2.63 66.8811 36.9784 20.9498 -0.754422
2.64 67.0905 36.9704 20.9263 -0.851519
2.65 67.2996 36.9614 20.9027 -0.948507
2.66 67.5085 36.9514 20.8793 -1.04539
2.67 67.7172 36.9405 20.8559 -1.14216
2.68 67.9256 36.9286 20.8325 -1.23882
2.69 68.1339 36.9157 20.8092 -1.33538
2.7 68.3418 36.9019 20.7859 -1.43183
2.71 68.5496 36.8871 20.7626 -1.52818
2.72 68.7571 36.8713 20.7395 -1.62442
2.73 68.9644 36.8546 20.7163 -1.72055
2.74 69.1714 36.8369 20.6932 -1.81658
2.75 69.3782 36.8182 20.6701 -1.9125
2.76 69.5848 36.7986 20.6471 -2.00831
2.77 69.7912 36.7781 20.6241 -2.10402
2.78 69.9973 36.7566 20.6012 -2.19963
2.79 70.2032 36.7341 20.5783 -2.29513
2.8 70.4089 36.7107 20.5554 -2.39052
2.81 70.6143 36.6863 20.5326 -2.48581
2.82 70.8195 36.6609 20.5098 -2.581
2.83 71.0245 36.6347 20.4871 -2.67608
2.84 71.2293 36.6074 20.4644 -2.77106
2.85 71.4338 36.5792 20.4417 -2.86594
2.86 71.6381 36.5501 20.419 -2.96071
2.87 71.8422 36.52 20.3964 -3.05538
2.88 72.046 36.489 20.3738 -3.14994
2.89 72.2496 36.457 20.3513 -3.2444
2.9 72.453 36.4241 20.3288 -3.33876
2.91 72.6562 36.3903 20.3063 -3.43301
2.92 72.8592 36.3554 20.2839 -3.52716
2.93 73.0619 36.3197 20.2615 -3.62121
2.94 73.2644 36.283 20.2391 -3.71516
2.95 73.4667 36.2454 20.2167 -3.809
2.96 73.6687 36.2068 20.1944 -3.90274
2.97 73.8706 36.1674 20.1721 -3.99638
2.98 74.0722 36.1269 20.1498 -4.08991
2.99 74.2736 36.0856 20.1276 -4.18334
3 74.4747 36.0433 20.1054 -4.27667
3.01 74.6757 36 20.0832 -4.3699
3.02 74.8764 35.9559 20.0611 -4.46303
3.03 75.0769 35.9108 20.0389 -4.55605
3.04 75.2772 35.8647 20.0168 -4.64897
3.05 75.4772 35.8178 19.9947 -4.74179
3.06 75.6771 35.7699 19.9727 -4.8345
3.07 75.8767 35.7211 19.9507 -4.92711
3.08 76.0761 35.6714 19.9286 -5.01963
3.09 76.2753 35.6207 19.9067 -5.11203
3.1 76.4742 35.5691 19.8847 -5.20434
3.11 76.673 35.5166 19.8627 -5.29654
3.12 76.8715 35.4632 19.8408 -5.38864
3.13 77.0698 35.4088 19.8189 -5.48064
3.14 77.2678 35.3536 19.797 -5.57253
3.15 77.4657 35.2974 19.7752 -5.66433
3.16 77.6634 35.2403 19.7533 -5.75602
3.17 77.8608 35.1823 19.7315 -5.8476
3.18 78.058 35.1233 19.7097 -5.93909
3.19 78.255 35.0635 19.6879 -6.03047
3.2 78.4517 35.0027 19.6662 -6.12175
3.21 78.6483 34.9411 19.6444 -6.21292
3.22 78.8446 34.8785 19.6227 -6.304
3.23 79.0407 34.815 19.601 -6.39496
3.24 79.2366 34.7506 19.5793 -6.48583
3.25 79.4323 34.6853 19.5576 -6.57659
3.26 79.6278 34.619 19.5359 -6.66725
3.27 79.8231 34.5519 19.5143 -6.75781
3.28 80.0181 34.4839 19.4926 -6.84826
3.29 80.2129 34.4149 19.471 -6.9386
3.3 80.4075 34.3451 19.4494 -7.02885
3.31 80.6019 34.2744 19.4278 -7.11899
3.32 80.7961 34.2027 19.4062 -7.20902
3.33 80.99 34.1302 19.3846 -7.29895
3.34 81.1838 34.0568 19.363 -7.38878
3.35 81.3773 33.9824 19.3415 -7.4785
3.36 81.5706 33.9072 19.3199 -7.56811
3.37 81.7637 33.8311 19.2984 -7.65762
3.38 81.9566 33.754 19.2769 -7.74703
3.39 82.1492 33.6761 19.2554 -7.83633
3.4 82.3417 33.5973 19.2339 -7.92552
3.41 82.5339 33.5176 19.2124 -8.01461
3.42 82.7259 33.437 19.1909 -8.10359
3.43 82.9177 33.3555 19.1694 -8.19247
3.44 83.1093 33.2732 19.1479 -8.28124
3.45 83.3007 33.1899 19.1265 -8.36991
3.46 83.4918 33.1058 19.105 -8.45846
3.47 83.6828 33.0207 19.0836 -8.54691
3.48 83.8735 32.9348 19.0622 -8.63526
3.49 84.064 32.848 19.0407 -8.72349
3.5 84.2543 32.7604 19.0193 -8.81162
3.51 84.4444 32.6718 18.9979 -8.89964
3.52 84.6343 32.5824 18.9765 -8.98756
3.53 84.8239 32.4921 18.9551 -9.07536
3.54 85.0134 32.4009 18.9337 -9.16306
3.55 85.2026 32.3088 18.9123 -9.25065
3.56 85.3916 32.2158 18.8909 -9.33813
3.57 85.5804 32.122 18.8695 -9.4255
3.58 85.769 32.0273 18.8481 -9.51276
3.59 85.9574 31.9318 18.8267 -9.59991
3.6 86.1455 31.8353 18.8053 -9.68695
3.61 86.3335 31.738 18.7839 -9.77389
3.62 86.5212 31.6399 18.7626 -9.86071
3.63 86.7087 31.5408 18.7412 -9.94742
3.64 86.896 31.4409 18.7198 -10.034
3.65 87.0831 31.3401 18.6985 -10.1205
3.66 87.27 31.2385 18.6771 -10.2069
3.67 87.4567 31.136 18.6557 -10.2932
3.68 87.6431 31.0326 18.6344 -10.3793
3.69 87.8294 30.9284 18.613 -10.4654
3.7 88.0154 30.8233 18.5916 -10.5513
3.71 88.2012 30.7174 18.5703 -10.6371
3.72 88.3868 30.6106 18.5489 -10.7228
3.73 88.5722 30.5029 18.5276 -10.8084
3.74 88.7573 30.3944 18.5062 -10.8939
3.75 88.9423 30.2851 18.4848 -10.9793
3.76 89.127 30.1748 18.4635 -11.0645
3.77 89.3116 30.0638 18.4421 -11.1497
3.78 89.4959 29.9518 18.4207 -11.2347
3.79 89.68 29.8391 18.3994 -11.3196
3.8 89.8639 29.7255 18.378 -11.4044
3.81 90.0475 29.611 18.3566 -11.4891
3.82 90.231 29.4957 18.3353 -11.5736
3.83 90.4142 29.3795 18.3139 -11.6581
3.84 90.5973 29.2625 18.2925 -11.7424
3.85 90.7801 29.1447 18.2711 -11.8267
3.86 90.9627 29.026 18.2498 -11.9108
3.87 91.1451 28.9065 18.2284 -11.9947
3.88 91.3273 28.7861 18.207 -12.0786
3.89 91.5092 28.6649 18.1856 -12.1624
3.9 91.691 28.5428 18.1642 -12.246
3.91 91.8725 28.42 18.1428 -12.3295
3.92 92.0538 28.2962 18.1214 -12.4129
3.93 92.2349 28.1717 18.1 -12.4962
3.94 92.4158 28.0463 18.0786 -12.5794
3.95 92.5965 27.9201 18.0572 -12.6624
3.96 92.777 27.7931 18.0358 -12.7453
3.97 92.9572 27.6652 18.0143 -12.8281
3.98 93.1373 27.5365 17.9929 -12.9108
3.99 93.3171 27.407 17.9715 -12.9934
4 93.4967 27.2766 17.9501 -13.0758
4.01 93.6761 27.1455 17.9286 -13.1581
4.02 93.8553 27.0135 17.9072 -13.2404
4.03 94.0342 26.8807 17.8857 -13.3224
4.04 94.213 26.747 17.8643 -13.4044
4.05 94.3915 26.6126 17.8428 -13.4862
4.06 94.5698 26.4773 17.8213 -13.5679
4.07 94.7479 26.3412 17.7999 -13.6495
4.08 94.9258 26.2043 17.7784 -13.731
4.09 95.1035 26.0666 17.7569 -13.8124
4.1 95.281 25.9281 17.7354 -13.8936
4.11 95.4582 25.7887 17.7139 -13.9747
4.12 95.6353 25.6486 17.6924 -14.0557
4.13 95.8121 25.5076 17.6709 -14.1365
4.14 95.9887 25.3659 17.6494 -14.2173
4.15 96.1651 25.2233 17.6279 -14.2979
4.16 96.3412 25.0799 17.6064 -14.3783
4.17 96.5172 24.9357 17.5848 -14.4587
4.18 96.6929 24.7907 17.5633 -14.5389
4.19 96.8684 24.6449 17.5417 -14.619
4.2 97.0438 24.4983 17.5202 -14.699
4.21 97.2189 24.351 17.4986 -14.7789
4.22 97.3937 24.2028 17.4771 -14.8586
4.23 97.5684 24.0538 17.4555 -14.9382
4.24 97.7428 23.904 17.4339 -15.0177
4.25 97.9171 23.7534 17.4123 -15.097
4.26 98.0911 23.6021 17.3907 -15.1762
4.27 98.2649 23.4499 17.3691 -15.2553
4.28 98.4385 23.297 17.3475 -15.3343
4.29 98.6118 23.1432 17.3259 -15.4131
4.3 98.785 22.9887 17.3043 -15.4918
4.31 98.9579 22.8334 17.2827 -15.5704
4.32 99.1306 22.6773 17.261 -15.6488
4.33 99.3031 22.5204 17.2394 -15.7271
4.34 99.4754 22.3627 17.2177 -15.8053
4.35 99.6475 22.2043 17.1961 -15.8834
4.36 99.8193 22.0451 17.1744 -15.9613
4.37 99.991 21.8851 17.1527 -16.0391
4.38 100.162 21.7243 17.131 -16.1168
4.39 100.334 21.5627 17.1093 -16.1943
4.4 100.505 21.4004 17.0877 -16.2717
4.41 100.675 21.2373 17.0659 -16.349
4.42 100.846 21.0734 17.0442 -16.4261
4.43 101.016 20.9088 17.0225 -16.5031
4.44 101.186 20.7434 17.0008 -16.58
4.45 101.356 20.5772 16.9791 -16.6567
4.46 101.526 20.4102 16.9573 -16.7333
4.47 101.695 20.2425 16.9356 -16.8098
4.48 101.865 20.074 16.9138 -16.8861
4.49 102.034 19.9048 16.892 -16.9624
4.5 102.202 19.7348 16.8703 -17.0384
4.51 102.371 19.564 16.8485 -17.1144
4.52 102.539 19.3925 16.8267 -17.1902
4.53 102.708 19.2202 16.8049 -17.2658
4.54 102.876 19.0472 16.7831 -17.3414
4.55 103.043 18.8734 16.7613 -17.4168
4.56 103.211 18.6989 16.7395 -17.492
4.57 103.378 18.5236 16.7176 -17.5672
4.58 103.545 18.3475 16.6958 -17.6422
4.59 103.712 18.1707 16.674 -17.717
4.6 103.879 17.9932 16.6521 -17.7917
4.61 104.045 17.8149 16.6303 -17.8663
4.62 104.211 17.6358 16.6084 -17.9408
4.63 104.377 17.4561 16.5865 -18.0151
4.64 104.543 17.2755 16.5647 -18.0893
4.65 104.708 17.0943 16.5428 -18.1633
4.66 104.874 16.9123 16.5209 -18.2372
4.67 105.039 16.7295 16.499 -18.311
4.68 105.204 16.5461 16.4771 -18.3846
4.69 105.368 16.3618 16.4552 -18.4581
4.7 105.533 16.1769 16.4333 -18.5314
4.71 105.697 15.9912 16.4113 -18.6046
4.72 105.861 15.8048 16.3894 -18.6777
4.73 106.025 15.6177 16.3675 -18.7506
4.74 106.188 15.4298 16.3455 -18.8234
4.75 106.352 15.2412 16.3236 -18.8961
4.76 106.515 15.0519 16.3016 -18.9686
4.77 106.678 14.8618 16.2796 -19.041
4.78 106.841 14.6711 16.2576 -19.1132
4.79 107.003 14.4796 16.2357 -19.1853
4.8 107.165 14.2873 16.2137 -19.2572
4.81 107.327 14.0944 16.1917 -19.329
4.82 107.489 13.9008 16.1697 -19.4007
4.83 107.651 13.7064 16.1477 -19.4722
4.84 107.812 13.5113 16.1257 -19.5436
4.85 107.973 13.3155 16.1037 -19.6149
4.86 108.134 13.119 16.0816 -19.686
4.87 108.295 12.9218 16.0596 -19.757
4.88 108.455 12.7239 16.0376 -19.8278
4.89 108.616 12.5253 16.0155 -19.8985
4.9 108.776 12.3259 15.9935 -19.969
4.91 108.935 12.1259 15.9714 -20.0394
4.92 109.095 11.9251 15.9494 -20.1096
4.93 109.254 11.7237 15.9273 -20.1798
4.94 109.414 11.5215 15.9052 -20.2497
4.95 109.573 11.3187 15.8831 -20.3196
4.96 109.731 11.1151 15.8611 -20.3892
4.97 109.89 10.9109 15.839 -20.4588
4.98 110.048 10.706 15.8169 -20.5282
4.99 110.206 10.5003 15.7948 -20.5974
5 110.364 10.294 15.7727 -20.6665
5.01 110.522 10.087 15.7506 -20.7355
5.02 110.679 9.87931 15.7285 -20.8043
5.03 110.836 9.67093 15.7063 -20.873
5.04 110.993 9.46186 15.6842 -20.9415
5.05 111.15 9.2521 15.6621 -21.0099
5.06 111.306 9.04166 15.64 -21.0782
5.07 111.463 8.83054 15.6178 -21.1463
5.08 111.619 8.61873 15.5957 -21.2142
5.09 111.775 8.40625 15.5735 -21.282
5.1 111.93 8.19309 15.5514 -21.3497
5.11 112.086 7.97926 15.5292 -21.4172
5.12 112.241 7.76475 15.5071 -21.4846
5.13 112.396 7.54957 15.4849 -21.5518
5.14 112.55 7.33371 15.4628 -21.6189
5.15 112.705 7.11719 15.4406 -21.6858
5.16 112.859 6.9 15.4184 -21.7526
5.17 113.013 6.68214 15.3963 -21.8193
5.18 113.167 6.46361 15.3741 -21.8858
5.19 113.321 6.24442 15.3519 -21.9521
5.2 113.474 6.02457 15.3297 -22.0183
5.21 113.627 5.80406 15.3075 -22.0844
5.22 113.78 5.58288 15.2853 -22.1503
5.23 113.933 5.36105 15.2632 -22.2161
5.24 114.086 5.13856 15.241 -22.2817
5.25 114.238 4.91542 15.2188 -22.3472
5.26 114.39 4.69162 15.1966 -22.4125
5.27 114.542 4.46717 15.1744 -22.4777
5.28 114.693 4.24207 15.1522 -22.5427
5.29 114.845 4.01631 15.1299 -22.6076
5.3 114.996 3.78991 15.1077 -22.6724
5.31 115.147 3.56287 15.0855 -22.737
5.32 115.298 3.33518 15.0633 -22.8014
5.33 115.448 3.10684 15.0411 -22.8657
5.34 115.599 2.87786 15.0189 -22.9299
5.35 115.749 2.64824 14.9967 -22.9939
5.36 115.899 2.41799 14.9745 -23.0577
5.37 116.048 2.18709 14.9522 -23.1215
5.38 116.198 1.95556 14.93 -23.185
5.39 116.347 1.72339 14.9078 -23.2484
5.4 116.496 1.49059 14.8856 -23.3117
5.41 116.644 1.25716 14.8633 -23.3748
5.42 116.793 1.02309 14.8411 -23.4378
5.43 116.941 0.7884 14.8189 -23.5006
5.44 117.089 0.55308 14.7967 -23.5633
5.45 117.237 0.317134 14.7745 -23.6259
5.46 117.385 0.0805631 14.7522 -23.6882
5.47 117.532 -0.156631 14.73 -23.7505
