0 0 0 39.1443 22.6
0 0.390967 0.225235 39.0491 22.4471
0.01 0.780984 0.448945 38.9544 22.2948
0.02 1.17006 0.671134 38.8603 22.1431
0.03 1.55819 0.891808 38.7668 21.9919
0.04 1.9454 1.11097 38.6738 21.8413
0.05 2.33167 1.32864 38.5814 21.6912
0.06 2.71702 1.5448 38.4895 21.5416
0.07 3.10146 1.75947 38.3981 21.3926
0.08 3.48499 1.97265 38.3073 21.2441
0.09 3.86761 2.18435 38.217 21.0962
0.1 4.24933 2.39458 38.1272 20.9487
0.11 4.63015 2.60333 38.0379 20.8018
0.12 5.01009 2.81062 37.9492 20.6554
0.13 5.38914 3.01644 37.861 20.5095
0.14 5.76731 3.22081 37.7732 20.3641
0.15 6.14461 3.42372 37.686 20.2192
0.16 6.52103 3.62519 37.5993 20.0747
0.17 6.89659 3.82522 37.5131 19.9308
0.18 7.2713 4.02381 37.4273 19.7874
0.19 7.64514 4.22097 37.3421 19.6444
0.2 8.01814 4.4167 37.2573 19.5019
0.21 8.39029 4.61101 37.173 19.3599
0.22 8.7616 4.8039 37.0892 19.2184
0.23 9.13208 4.99538 37.0059 19.0773
0.24 9.50172 5.18545 36.923 18.9367
0.25 9.87054 5.37411 36.8405 18.7965
0.26 10.2385 5.56138 36.7586 18.6568
0.27 10.6057 5.74725 36.6771 18.5175
0.28 10.9721 5.93173 36.596 18.3787
0.29 11.3376 6.11483 36.5154 18.2403
0.3 11.7024 6.29654 36.4352 18.1024
0.31 12.0663 6.47688 36.3555 17.9649
0.32 12.4295 6.65584 36.2762 17.8278
0.33 12.7919 6.83343 36.1973 17.6912
0.34 13.1534 7.00966 36.1189 17.5549
0.35 13.5142 7.18453 36.0408 17.4191
0.36 13.8743 7.35805 35.9632 17.2837
0.37 14.2335 7.53021 35.8861 17.1487
0.38 14.592 7.70102 35.8093 17.0142
0.39 14.9497 7.87049 35.7329 16.88
0.4 15.3066 8.03862 35.657 16.7462
0.41 15.6628 8.20542 35.5815 16.6128
0.42 16.0183 8.37088 35.5063 16.4798
0.43 16.373 8.53502 35.4316 16.3473
0.44 16.7269 8.69783 35.3572 16.2151
0.45 17.0801 8.85932 35.2832 16.0832
0.46 17.4326 9.01949 35.2097 15.9518
0.47 17.7843 9.17836 35.1365 15.8207
0.48 18.1353 9.33591 35.0637 15.6901
0.49 18.4856 9.49216 34.9912 15.5598
0.5 18.8351 9.64711 34.9192 15.4298
0.51 19.184 9.80076 34.8475 15.3002
0.52 19.5321 9.95311 34.7762 15.171
0.53 19.8795 10.1042 34.7052 15.0422
0.54 20.2262 10.254 34.6347 14.9137
0.55 20.5722 10.4025 34.5644 14.7855
0.56 20.9175 10.5497 34.4946 14.6578
0.57 21.2621 10.6956 34.425 14.5303
0.58 21.606 10.8403 34.3559 14.4032
0.59 21.9492 10.9837 34.2871 14.2765
0.6 22.2917 11.1258 34.2186 14.1501
0.61 22.6336 11.2667 34.1505 14.024
0.62 22.9747 11.4063 34.0827 13.8982
0.63 23.3152 11.5446 34.0152 13.7728
0.64 23.655 11.6817 33.9481 13.6478
0.65 23.9942 11.8176 33.8813 13.523
0.66 24.3327 11.9522 33.8149 13.3986
0.67 24.6705 12.0856 33.7488 13.2745
0.68 25.0076 12.2177 33.683 13.1507
0.69 25.3441 12.3486 33.6175 13.0272
0.7 25.68 12.4782 33.5523 12.9041
0.71 26.0152 12.6067 33.4875 12.7812
0.72 26.3497 12.7339 33.423 12.6587
0.73 26.6837 12.8598 33.3588 12.5365
0.74 27.0169 12.9846 33.2948 12.4145
0.75 27.3496 13.1081 33.2312 12.2929
0.76 27.6815 13.2305 33.1679 12.1716
0.77 28.0129 13.3516 33.105 12.0506
0.78 28.3436 13.4715 33.0423 11.9298
0.79 28.6738 13.5902 32.9799 11.8094
0.8 29.0032 13.7077 32.9178 11.6893
0.81 29.3321 13.824 32.8559 11.5694
0.82 29.6604 13.9391 32.7944 11.4498
0.83 29.988 14.053 32.7332 11.3306
0.84 30.315 14.1657 32.6723 11.2115
0.85 30.6414 14.2772 32.6116 11.0928
0.86 30.9673 14.3875 32.5512 10.9744
0.87 31.2925 14.4967 32.4911 10.8562
0.88 31.6171 14.6046 32.4313 10.7383
0.89 31.9411 14.7114 32.3717 10.6207
0.9 32.2645 14.8171 32.3124 10.5033
0.91 32.5874 14.9215 32.2534 10.3862
0.92 32.9096 15.0248 32.1947 10.2694
0.93 33.2312 15.1269 32.1362 10.1528
0.94 33.5523 15.2278 32.078 10.0365
0.95 33.8728 15.3276 32.02 9.92048
0.96 34.1927 15.4263 31.9624 9.8047
0.97 34.5121 15.5237 31.9049 9.68917
0.98 34.8308 15.62 31.8477 9.57389
0.99 35.149 15.7152 31.7908 9.45887
1 35.4666 15.8092 31.7342 9.34409
1.01 35.7837 15.9021 31.6777 9.22957
1.02 36.1002 15.9938 31.6216 9.11529
1.03 36.4161 16.0844 31.5656 9.00125
1.04 36.7315 16.1738 31.5099 8.88746
1.05 37.0463 16.2621 31.4545 8.7739
1.06 37.3606 16.3493 31.3993 8.66059
1.07 37.6743 16.4354 31.3443 8.54752
1.08 37.9875 16.5203 31.2896 8.43468
1.09 38.3001 16.604 31.2351 8.32207
1.1 38.6122 16.6867 31.1808 8.2097
1.11 38.9237 16.7682 31.1268 8.09756
1.12 39.2347 16.8487 31.073 7.98565
1.13 39.5452 16.928 31.0194 7.87396
1.14 39.8551 17.0061 30.9661 7.7625
1.15 40.1645 17.0832 30.9129 7.65127
1.16 40.4734 17.1592 30.86 7.54026
1.17 40.7817 17.234 30.8073 7.42947
1.18 41.0895 17.3078 30.7549 7.3189
1.19 41.3968 17.3804 30.7026 7.20855
1.2 41.7036 17.4519 30.6506 7.09841
1.21 42.0098 17.5224 30.5988 6.98849
1.22 42.3155 17.5917 30.5471 6.87879
1.23 42.6208 17.6599 30.4957 6.76929
1.24 42.9255 17.7271 30.4445 6.66001
1.25 43.2297 17.7931 30.3936 6.55094
1.26 43.5333 17.8581 30.3428 6.44208
1.27 43.8365 17.922 30.2922 6.33342
1.28 44.1392 17.9848 30.2418 6.22497
1.29 44.4413 18.0465 30.1916 6.11672
1.3 44.743 18.1071 30.1416 6.00867
1.31 45.0442 18.1667 30.0919 5.90083
1.32 45.3448 18.2251 30.0423 5.79319
1.33 45.645 18.2825 29.9929 5.68574
1.34 45.9447 18.3388 29.9437 5.57849
1.35 46.2439 18.3941 29.8947 5.47144
1.36 46.5426 18.4483 29.8458 5.36459
1.37 46.8408 18.5014 29.7972 5.25792
1.38 47.1385 18.5534 29.7487 5.15145
1.39 47.4358 18.6044 29.7005 5.04518
1.4 47.7326 18.6543 29.6524 4.93909
1.41 48.0288 18.7032 29.6045 4.83319
1.42 48.3246 18.751 29.5568 4.72747
1.43 48.62 18.7977 29.5092 4.62195
1.44 48.9148 18.8434 29.4618 4.51661
1.45 49.2092 18.8881 29.4147 4.41145
1.46 49.5031 18.9317 29.3676 4.30648
1.47 49.7966 18.9742 29.3208 4.20169
1.48 50.0895 19.0157 29.2741 4.09708
1.49 50.382 19.0561 29.2276 3.99265
1.5 50.6741 19.0956 29.1813 3.88839
1.51 50.9657 19.1339 29.1351 3.78432
1.52 51.2568 19.1712 29.0891 3.68042
1.53 51.5475 19.2075 29.0433 3.5767
1.54 51.8377 19.2428 28.9976 3.47315
1.55 52.1274 19.277 28.9521 3.36978
1.56 52.4167 19.3102 28.9067 3.26657
1.57 52.7055 19.3423 28.8615 3.16354
1.58 52.9939 19.3734 28.8165 3.06068
1.59 53.2819 19.4035 28.7716 2.95799
1.6 53.5694 19.4326 28.7269 2.85547
1.61 53.8564 19.4606 28.6823 2.75312
1.62 54.143 19.4877 28.6379 2.65093
1.63 54.4292 19.5137 28.5936 2.54891
1.64 54.7149 19.5386 28.5495 2.44705
1.65 55.0002 19.5626 28.5056 2.34536
1.66 55.285 19.5856 28.4617 2.24383
1.67 55.5694 19.6075 28.4181 2.14246
1.68 55.8534 19.6284 28.3745 2.04125
1.69 56.1369 19.6483 28.3311 1.94021
1.7 56.42 19.6672 28.2879 1.83932
1.71 56.7026 19.6851 28.2448 1.73859
1.72 56.9849 19.702 28.2018 1.63802
1.73 57.2667 19.7179 28.159 1.53761
1.74 57.5481 19.7327 28.1163 1.43735
1.75 57.829 19.7466 28.0738 1.33725
1.76 58.1095 19.7595 28.0314 1.23731
1.77 58.3896 19.7714 27.9891 1.13752
1.78 58.6693 19.7822 27.947 1.03788
1.79 58.9486 19.7921 27.905 0.93839
1.8 59.2274 19.801 27.8631 0.839055
1.81 59.5058 19.8089 27.8213 0.739871
1.82 59.7838 19.8158 27.7797 0.640838
1.83 60.0614 19.8217 27.7382 0.541954
1.84 60.3386 19.8266 27.6969 0.443219
1.85 60.6154 19.8306 27.6556 0.344632
1.86 60.8917 19.8335 27.6145 0.246192
1.87 61.1677 19.8355 27.5735 0.1479
1.88 61.4432 19.8365 27.5326 0.0497529
1.89 61.7183 19.8365 27.4919 -0.0482482
1.9 61.993 19.8355 27.4513 -0.146104
1.91 62.2673 19.8336 27.4108 -0.243817
1.92 62.5413 19.8306 27.3704 -0.341385
1.93 62.8148 19.8267 27.3301 -0.438811
1.94 63.0879 19.8219 27.2899 -0.536094
1.95 63.3606 19.816 27.2499 -0.633235
1.96 63.6329 19.8092 27.21 -0.730236
1.97 63.9048 19.8014 27.1702 -0.827095
1.98 64.1763 19.7927 27.1304 -0.923815
1.99 64.4474 19.7829 27.0909 -1.0204
2 64.7181 19.7723 27.0514 -1.11684
2.01 64.9884 19.7606 27.012 -1.21314
2.02 65.2583 19.748 26.9727 -1.30931
2.03 65.5278 19.7344 26.9336 -1.40533
2.04 65.797 19.7199 26.8945 -1.50122
2.05 66.0657 19.7044 26.8556 -1.59698
2.06 66.3341 19.6879 26.8167 -1.6926
2.07 66.6021 19.6705 26.778 -1.78808
2.08 66.8697 19.6522 26.7394 -1.88343
2.09 67.1369 19.6329 26.7008 -1.97865
2.1 67.4037 19.6126 26.6624 -2.07373
2.11 67.6701 19.5914 26.624 -2.16868
2.12 67.9362 19.5692 26.5858 -2.26349
2.13 68.2018 19.5461 26.5477 -2.35817
2.14 68.4671 19.5221 26.5096 -2.45272
2.15 68.732 19.4971 26.4717 -2.54714
2.16 68.9965 19.4711 26.4338 -2.64143
2.17 69.2607 19.4443 26.3961 -2.73559
2.18 69.5245 19.4164 26.3584 -2.82961
2.19 69.7879 19.3877 26.3208 -2.92351
2.2 70.0509 19.358 26.2833 -3.01728
2.21 70.3135 19.3273 26.2459 -3.11092
2.22 70.5758 19.2957 26.2086 -3.20442
2.23 70.8377 19.2632 26.1714 -3.29781
2.24 71.0992 19.2298 26.1343 -3.39106
2.25 71.3604 19.1954 26.0973 -3.48418
2.26 71.6212 19.1601 26.0603 -3.57718
2.27 71.8816 19.1239 26.0235 -3.67005
2.28 72.1416 19.0867 25.9867 -3.76279
2.29 72.4013 19.0486 25.95 -3.85541
2.3 72.6606 19.0096 25.9134 -3.9479
2.31 72.9196 18.9696 25.8768 -4.04027
2.32 73.1782 18.9288 25.8404 -4.13251
2.33 73.4364 18.887 25.804 -4.22462
2.34 73.6943 18.8443 25.7677 -4.31661
2.35 73.9518 18.8007 25.7315 -4.40848
2.36 74.2089 18.7561 25.6954 -4.50022
2.37 74.4657 18.7107 25.6594 -4.59184
2.38 74.7221 18.6643 25.6234 -4.68333
2.39 74.9781 18.617 25.5875 -4.7747
2.4 75.2338 18.5688 25.5517 -4.86595
2.41 75.4892 18.5197 25.5159 -4.95707
2.42 75.7441 18.4697 25.4802 -5.04807
2.43 75.9988 18.4187 25.4446 -5.13895
2.44 76.253 18.3669 25.4091 -5.22971
2.45 76.507 18.3141 25.3736 -5.32034
2.46 76.7605 18.2605 25.3383 -5.41085
2.47 77.0137 18.2059 25.3029 -5.50124
2.48 77.2666 18.1504 25.2677 -5.59151
2.49 77.5191 18.0941 25.2325 -5.68166
2.5 77.7712 18.0368 25.1974 -5.77169
2.51 78.023 17.9786 25.1624 -5.86159
2.52 78.2745 17.9196 25.1274 -5.95138
2.53 78.5256 17.8596 25.0925 -6.04104
2.54 78.7763 17.7988 25.0577 -6.13059
2.55 79.0267 17.737 25.0229 -6.22001
2.56 79.2768 17.6744 24.9882 -6.30931
2.57 79.5265 17.6108 24.9535 -6.3985
2.58 79.7758 17.5464 24.9189 -6.48756
2.59 80.0249 17.4811 24.8844 -6.5765
2.6 80.2735 17.4149 24.85 -6.66533
2.61 80.5219 17.3478 24.8156 -6.75403
2.62 80.7698 17.2798 24.7812 -6.84262
2.63 81.0175 17.2109 24.7469 -6.93109
2.64 81.2648 17.1412 24.7127 -7.01944
2.65 81.5117 17.0705 24.6786 -7.10766
2.66 81.7584 16.999 24.6444 -7.19577
2.67 82.0046 16.9266 24.6104 -7.28377
2.68 82.2506 16.8533 24.5764 -7.37164
2.69 82.4962 16.7792 24.5425 -7.45939
2.7 82.7414 16.7041 24.5086 -7.54703
2.71 82.9863 16.6282 24.4748 -7.63455
2.72 83.2309 16.5515 24.441 -7.72194
2.73 83.4752 16.4738 24.4073 -7.80922
2.74 83.7191 16.3953 24.3736 -7.89639
2.75 83.9626 16.3159 24.34 -7.98343
2.76 84.2059 16.2356 24.3065 -8.07036
2.77 84.4488 16.1545 24.273 -8.15717
2.78 84.6913 16.0725 24.2395 -8.24386
2.79 84.9335 15.9896 24.2061 -8.33043
2.8 85.1754 15.9058 24.1728 -8.41688
2.81 85.417 15.8212 24.1395 -8.50322
2.82 85.6582 15.7358 24.1062 -8.58944
2.83 85.8991 15.6495 24.073 -8.67554
2.84 86.1397 15.5623 24.0398 -8.76152
2.85 86.3799 15.4742 24.0067 -8.84739
2.86 86.6198 15.3853 23.9737 -8.93314
2.87 86.8594 15.2956 23.9407 -9.01877
2.88 87.0986 15.205 23.9077 -9.10428
2.89 87.3376 15.1135 23.8748 -9.18967
2.9 87.5761 15.0212 23.8419 -9.27495
2.91 87.8144 14.928 23.809 -9.36011
2.92 88.0523 14.834 23.7762 -9.44515
2.93 88.2899 14.7391 23.7435 -9.53007
2.94 88.5272 14.6434 23.7108 -9.61488
2.95 88.7641 14.5468 23.6781 -9.69957
2.96 89.0007 14.4494 23.6455 -9.78414
2.97 89.237 14.3511 23.6129 -9.86859
2.98 89.473 14.252 23.5804 -9.95292
2.99 89.7086 14.152 23.5479 -10.0371
3 89.944 14.0513 23.5154 -10.1212
3.01 90.179 13.9496 23.483 -10.2052
3.02 90.4136 13.8471 23.4507 -10.2891
3.03 90.648 13.7438 23.4183 -10.3728
3.04 90.882 13.6397 23.386 -10.4564
3.05 91.1157 13.5347 23.3538 -10.54
3.06 91.3491 13.4289 23.3215 -10.6233
3.07 91.5821 13.3222 23.2894 -10.7066
3.08 91.8149 13.2148 23.2572 -10.7898
3.09 92.0473 13.1064 23.2251 -10.8728
3.1 92.2794 12.9973 23.193 -10.9557
3.11 92.5111 12.8873 23.161 -11.0385
3.12 92.7426 12.7765 23.129 -11.1212
3.13 92.9737 12.6649 23.097 -11.2038
3.14 93.2045 12.5525 23.0651 -11.2862
3.15 93.435 12.4392 23.0332 -11.3685
3.16 93.6652 12.3251 23.0013 -11.4507
3.17 93.895 12.2102 22.9695 -11.5328
3.18 94.1246 12.0944 22.9377 -11.6148
3.19 94.3538 11.9779 22.9059 -11.6966
3.2 94.5827 11.8605 22.8742 -11.7784
3.21 94.8113 11.7423 22.8425 -11.86
3.22 95.0395 11.6233 22.8108 -11.9414
3.23 95.2675 11.5035 22.7792 -12.0228
3.24 95.4951 11.3828 22.7475 -12.1041
3.25 95.7224 11.2614 22.716 -12.1852
3.26 95.9494 11.1391 22.6844 -12.2662
3.27 96.1761 11.0161 22.6529 -12.3471
3.28 96.4025 10.8922 22.6214 -12.4279
3.29 96.6286 10.7675 22.59 -12.5085
3.3 96.8543 10.642 22.5585 -12.589
3.31 97.0797 10.5157 22.5271 -12.6695
3.32 97.3048 10.3886 22.4958 -12.7497
3.33 97.5296 10.2607 22.4644 -12.8299
3.34 97.7541 10.132 22.4331 -12.91
3.35 97.9783 10.0025 22.4018 -12.9899
3.36 98.2022 9.87225 22.3706 -13.0697
3.37 98.4257 9.74115 22.3393 -13.1494
3.38 98.649 9.60926 22.3081 -13.2289
3.39 98.8719 9.47657 22.2769 -13.3084
3.4 99.0945 9.34309 22.2458 -13.3877
3.41 99.3168 9.20882 22.2147 -13.4669
3.42 99.5388 9.07376 22.1836 -13.546
3.43 99.7605 8.9379 22.1525 -13.6249
3.44 99.9818 8.80126 22.1214 -13.7038
3.45 100.203 8.66383 22.0904 -13.7825
3.46 100.424 8.52561 22.0594 -13.8611
3.47 100.644 8.38661 22.0284 -13.9395
3.48 100.864 8.24682 21.9975 -14.0179
3.49 101.084 8.10625 21.9665 -14.0961
3.5 101.304 7.9649 21.9356 -14.1742
3.51 101.523 7.82277 21.9048 -14.2522
3.52 101.742 7.67985 21.8739 -14.33
3.53 101.96 7.53617 21.8431 -14.4078
3.54 102.178 7.3917 21.8123 -14.4854
3.55 102.396 7.24646 21.7815 -14.5628
3.56 102.614 7.10044 21.7507 -14.6402
3.57 102.831 6.95365 21.72 -14.7174
3.58 103.049 6.80609 21.6892 -14.7946
3.59 103.265 6.65776 21.6585 -14.8715
3.6 103.482 6.50866 21.6279 -14.9484
3.61 103.698 6.3588 21.5972 -15.0252
3.62 103.914 6.20816 21.5666 -15.1018
3.63 104.129 6.05676 21.5359 -15.1783
3.64 104.344 5.9046 21.5053 -15.2546
3.65 104.559 5.75167 21.4748 -15.3309
3.66 104.774 5.59798 21.4442 -15.407
3.67 104.988 5.44353 21.4137 -15.483
3.68 105.202 5.28832 21.3832 -15.5588
3.69 105.416 5.13235 21.3527 -15.6346
3.7 105.629 4.97563 21.3222 -15.7102
3.71 105.842 4.81815 21.2917 -15.7857
3.72 106.055 4.65992 21.2613 -15.8611
3.73 106.267 4.50093 21.2309 -15.9363
3.74 106.48 4.34119 21.2005 -16.0114
3.75 106.691 4.1807 21.1701 -16.0864
3.76 106.903 4.01946 21.1397 -16.1613
3.77 107.114 3.85748 21.1094 -16.236
3.78 107.325 3.69474 21.0791 -16.3106
3.79 107.536 3.53127 21.0488 -16.3851
3.8 107.746 3.36704 21.0185 -16.4594
3.81 107.956 3.20208 20.9882 -16.5337
3.82 108.166 3.03637 20.958 -16.6077
3.83 108.375 2.86992 20.9277 -16.6817
3.84 108.585 2.70274 20.8975 -16.7556
3.85 108.793 2.53481 20.8673 -16.8293
3.86 109.002 2.36615 20.8371 -16.9029
3.87 109.21 2.19675 20.807 -16.9763
3.88 109.418 2.02662 20.7768 -17.0497
3.89 109.626 1.85576 20.7467 -17.1229
3.9 109.833 1.68417 20.7166 -17.1959
3.91 110.04 1.51184 20.6865 -17.2689
3.92 110.247 1.33879 20.6564 -17.3417
3.93 110.453 1.16501 20.6263 -17.4144
3.94 110.659 0.990503 20.5963 -17.487
3.95 110.865 0.815271 20.5663 -17.5594
3.96 111.071 0.639316 20.5363 -17.6317
3.97 111.276 0.462638 20.5063 -17.7039
3.98 111.481 0.285239 20.4763 -17.7759
3.99 111.685 0.10712 20.4463 -17.8478
4 111.89 -0.0717174 20.4164 -17.9196
