3	0.707075179	-0.0572330952
5	-1.22048557	-1.86300588
7	0.777240515	0.703505039
9	0.0368769504	0.455997795
11	1.03490543	1.35781217
13	0.0317667387	-0.21672447
15	0.0647335798	-0.0701190904
17	1.32687116	1.75686896
19	1.66425192	1.70032811
21	0.455843449	0.262822747
23	0.655070186	0.761651754
25	0.264447093	0.34200725
27	0.212770134	-0.0798341855
29	0.339664668	0.431308538
31	0.517113149	0.625923336
33	0.793542325	0.615766168
35	1.08591866	1.29337108
37	1.12103355	0.93996048
39	0.76386553	0.829782665
41	0.47888279	0.48656255
43	0.763176143	0.697763085
45	0.989451647	1.10091221
47	0.662216425	0.522295892
49	0.725476921	0.87915349
51	0.882959962	0.725241542
53	0.678551137	0.833811164
55	0.833128333	0.685736001
57	0.740218163	0.873735785
59	0.792458713	0.680485368
61	0.75987637	0.840797365
63	0.784785569	0.745176136
65	0.763384223	0.753331542
67	0.780970454	0.842999637
69	0.768884718	0.663206756
71	0.774748266	0.902213991
73	0.773807943	0.658066213
75	0.772503257	0.840404689
77	0.773705602	0.776985943
79	0.773414671	0.703828871
81	0.773222148	0.871335268
83	0.773354888	0.702236593
85	0.773368835	0.776766598
87	0.773339629	0.833149016
89	0.773338556	0.701300502
91	0.773343503	0.798553586
93	0.77334404	0.810386658
95	0.773343205	0.717661858
97	0.773342967	0.789298058
99	0.773342788	0.807240963
101	0.77334255	0.736803472
103	0.773343265	0.768594325
105	0.773342669	0.804939806
107	0.773343325	0.762217164
109	0.773342788	0.753414452
111	0.773341954	0.788294137
113	0.773342848	0.784383893
115	0.773342788	0.760256946
117	0.77334249	0.766970992
119	0.773343086	0.783033907
121	0.773343861	0.77783227
123	0.773343801	0.766959429
125	0.773343325	0.769529045
127	0.773343801	0.776909471
129	0.773342967	0.776662588
131	0.773343563	0.771999061
133	0.773343265	0.770801127
135	0.773343623	0.773203969
137	0.77334255	0.774828374
139	0.773342967	0.774127126
141	0.773342788	0.772874773
143	0.773343265	0.772633493
145	0.773343325	0.773188293
147	0.773341954	0.773638725
149	0.773342311	0.773621738
151	0.773342609	0.773377538
153	0.773343086	0.77322185
155	0.773342848	0.773233473
157	0.773343801	0.773320079
159	0.773342729	0.773377836
161	0.773343027	0.773383081
163	0.773342788	0.773359776
165	0.773343205	0.773339331
167	0.773342907	0.773331106
169	0.773343444	0.77333492
171	0.773343027	0.773339808
173	0.773342371	0.773343682
175	0.773342371	0.773344457
177	0.773343205	0.773344815
179	0.773343503	0.773343861
181	0.773343205	0.773343027
183	0.773343086	0.773342192
185	0.773343205	0.773342729
187	0.773343027	0.773343325
189	0.773343027	0.773343086
191	0.773343325	0.773343027
193	0.773342729	0.773343265
195	0.773343325	0.773343205
197	0.77334249	0.773342311
199	0.773343384	0.773343563
201	0.77334255	0.773342252
203	0.773342729	0.773342729
205	0.773343146	0.773343265
207	0.773343146	0.773342967
209	0.773343086	0.773343146
211	0.773342311	0.773342729
213	0.773342609	0.773343086
215	0.773342311	0.77334255
217	0.773342907	0.773342788
219	0.773343444	0.773342967
221	0.773342729	0.77334255
223	0.773343742	0.773342967
225	0.773342967	0.773342907
227	0.773343384	0.773342788
229	0.773343682	0.773343384
231	0.773343325	0.773342669
233	0.773342848	0.773343325
235	0.773343265	0.773343027
237	0.773343086	0.773343384
239	0.773342848	0.773342788
241	0.773342848	0.773343205
243	0.773343027	0.773342907
245	0.773342907	0.77334249
247	0.773343027	0.773343623
249	0.773342848	0.773342907
251	0.773343086	0.773342907
253	0.773343682	0.773343384
255	0.773343325	0.773343623
257	0.773343265	0.773342788
259	0.773342788	0.773343205
261	0.773343027	0.773343205
263	0.77334255	0.773343086
265	0.773343623	0.773343205
267	0.773342788	0.773343027
269	0.773343265	0.773342967
271	0.773343146	0.773342729
273	0.773342609	0.773343265
275	0.77334249	0.773343265
277	0.773342669	0.773343325
279	0.773343205	0.773343205
281	0.773343384	0.773342967
283	0.773342788	0.773342729
285	0.773342788	0.773343146
287	0.773342669	0.773342609
289	0.773342907	0.773343027
291	0.773343027	0.77334255
293	0.773342371	0.773342729
295	0.773343146	0.773342848
297	0.773343027	0.773342967
299	0.773343265	0.773343563
301	0.773342729	0.773342967
303	0.773343205	0.773342848
305	0.773342907	0.773342907
307	0.773343027	0.773343027
309	0.773342848	0.773342788
311	0.773342609	0.773342431
313	0.773343444	0.773343146
315	0.773343205	0.773343444
317	0.773342729	0.773342371
319	0.773343086	0.773343384
321	0.773343086	0.773342907
323	0.773342669	0.773342669
325	0.773342967	0.773343146
327	0.773342073	0.773343205
329	0.773343623	0.773343503
331	0.773343801	0.773343801
333	0.773342788	0.773342729
335	0.773343325	0.773343325
337	0.773342669	0.77334255
339	0.77334398	0.773343623
341	0.773342967	0.773343086
343	0.773341835	0.773342729
345	0.773342907	0.773342967
347	0.773342967	0.773343027
349	0.773342431	0.773342788
351	0.773342788	0.773343027
353	0.773342609	0.773343027
355	0.773341954	0.773342073
357	0.773342848	0.773342848
359	0.773342609	0.773342311
361	0.773343325	0.773342669
363	0.773342967	0.773343742
365	0.773342669	0.773342729
367	0.773342967	0.77334398
369	0.773342967	0.773343146
371	0.773342967	0.773343265
373	0.773343146	0.773343563
375	0.773343444	0.773342669
377	0.773342848	0.773343027
379	0.773343027	0.773343265
381	0.773342609	0.773342907
383	0.773342729	0.773342252
385	0.773343563	0.773343086
387	0.773343205	0.773343384
389	0.773342431	0.773342311
391	0.773342907	0.773342252
393	0.773343146	0.773343325
395	0.773342133	0.773343325
397	0.773343444	0.773343027
399	0.773342371	0.773343265
401	0.773342907	0.773343384
403	0.773342788	0.773342609
405	0.773342311	0.77334249
407	0.773342669	0.773343265
409	0.773343265	0.773342967
411	0.773342967	0.773342669
413	0.77334255	0.77334255
415	0.773342729	0.77334255
417	0.773342609	0.773343027
419	0.773342609	0.773342788
421	0.773342907	0.773343146
423	0.773342848	0.773343027
425	0.773342729	0.773342788
427	0.773342252	0.773343265
429	0.773342252	0.773343086
431	0.773342907	0.773343086
433	0.773343146	0.773342907
435	0.773343205	0.773342073
437	0.773342729	0.773343742
439	0.773341954	0.773342311
441	0.773342192	0.773342967
443	0.773342252	0.773342669
445	0.773343027	0.773343086
447	0.773342907	0.773343325
449	0.773342967	0.773343205
451	0.773342729	0.773343265
453	0.773342729	0.773343265
455	0.773342729	0.77334249
457	0.773342848	0.773342848
459	0.773342848	0.773342967
461	0.773342669	0.773342848
463	0.773343921	0.773343444
465	0.773342669	0.773343146
467	0.773343146	0.773343265
469	0.773343146	0.773342788
471	0.773343027	0.773343146
473	0.773343086	0.773343742
475	0.773343861	0.773343205
477	0.773342907	0.773342907
479	0.773343086	0.773342907
481	0.773343086	0.773342371
483	0.773342967	0.773343146
485	0.773343384	0.773342609
487	0.773342729	0.773341954
489	0.773343027	0.773343027
491	0.773342967	0.773343086
493	0.773343921	0.773343682
495	0.773342669	0.773343205
497	0.773343027	0.773343384
499	0.773342907	0.773343265
501	0.773342729	0.77334255
503	0.773343027	0.773343444
505	0.773343623	0.773343265
507	0.773343682	0.773342788
509	0.773343742	0.773343027
511	0.773343146	0.773342848
513	0.773343384	0.773343027
515	0.773343146	0.773343384
517	0.773342967	0.773343027
519	0.773342609	0.773343444
521	0.773342729	0.773343265
523	0.77334255	0.773342788
525	0.773343146	0.77334398
527	0.773342133	0.773343503
529	0.773342907	0.77334249
531	0.773342848	0.773342311
533	0.773343146	0.773342729
535	0.773342431	0.773342252
537	0.773342967	0.773343027
539	0.77334255	0.773343384
541	0.773342729	0.773342967
543	0.773342669	0.773343086
545	0.773343325	0.773343205
547	0.773342848	0.77334255
549	0.773342967	0.773342788
551	0.773342192	0.773342371
553	0.773342967	0.773343205
555	0.773342729	0.773342609
557	0.773343265	0.773342729
559	0.773341715	0.773342311
561	0.773342669	0.773343205
563	0.773342788	0.773342729
565	0.773343265	0.773343682
567	0.773343205	0.773342311
569	0.773343682	0.773343682
571	0.773343086	0.77334249
573	0.773342311	0.773342729
575	0.773342967	0.773343503
577	0.773343205	0.773343027
579	0.773342848	0.773343503
581	0.773342729	0.773342311
583	0.773342907	0.773342729
585	0.773342907	0.773342907
587	0.773342431	0.773343146
589	0.773342788	0.773343146
591	0.773343086	0.773343444
593	0.773342371	0.77334255
595	0.773343086	0.773342133
597	0.773342848	0.773342967
599	0.773342848	0.773342788
601	0.773343205	0.773342311
603	0.773342907	0.773343146
605	0.773343146	0.77334249
607	0.773342967	0.773343027
609	0.773342311	0.773342788
611	0.773342609	0.773342967
613	0.773343027	0.773342669
615	0.773343265	0.773342848
617	0.773343444	0.773343384
619	0.773342431	0.773342848
621	0.773342848	0.773342729
623	0.773343027	0.773342967
625	0.773343205	0.773343325
627	0.773343384	0.773343444
629	0.773344278	0.773343563
631	0.773343086	0.773343027
633	0.773342729	0.773342967
635	0.77334255	0.773343623
637	0.773343563	0.773342907
639	0.77334255	0.773342729
641	0.773343146	0.773343086
643	0.773342967	0.773342907
645	0.773342669	0.773343027
647	0.773343325	0.773343444
649	0.773343265	0.773343265
651	0.773342669	0.773343265
653	0.773343205	0.773343027
655	0.773342788	0.773342907
657	0.773342907	0.773343384
659	0.773342788	0.773342848
661	0.773343384	0.773343146
663	0.773342907	0.77334249
665	0.77334398	0.773342907
667	0.773343325	0.773343503
669	0.773343086	0.773342311
671	0.773342907	0.773343265
673	0.773342311	0.773342252
675	0.773343027	0.773342609
677	0.773343086	0.773342252
679	0.773343563	0.773342907
681	0.773342967	0.773343384
683	0.77334249	0.773342252
685	0.773342252	0.773343086
687	0.773343563	0.773343265
689	0.773343086	0.773343384
691	0.773342729	0.773342609
693	0.773342729	0.773343384
695	0.773343205	0.773343146
697	0.773343503	0.773342788
699	0.773343503	0.773342431
701	0.773342788	0.773343146
703	0.773343444	0.773342788
705	0.77334404	0.773343265
707	0.773343146	0.773342431
709	0.773342192	0.773342431
711	0.773343205	0.773343325
713	0.773343801	0.773342848
715	0.773342848	0.773343623
717	0.773342371	0.773343205
719	0.773343265	0.773341954
721	0.773343146	0.773343444
723	0.773341835	0.773342967
725	0.773343265	0.773343623
727	0.773343086	0.773343801
729	0.773343444	0.773343146
731	0.77334255	0.773343861
733	0.773342311	0.773342252
735	0.773343444	0.773343205
737	0.773343086	0.773343265
739	0.773343027	0.773343027
741	0.773343086	0.773343503
743	0.773342967	0.773342788
745	0.773343086	0.773342788
747	0.773342192	0.773343146
749	0.773343086	0.773343205
751	0.773342609	0.773343325
753	0.773342907	0.773341715
755	0.773342967	0.773342848
757	0.773342431	0.773342371
759	0.773343027	0.773343503
761	0.773343027	0.773343027
763	0.773343444	0.773342311
765	0.773342788	0.773343265
767	0.773343325	0.773342669
769	0.773342431	0.773343086
771	0.773343205	0.773343086
773	0.773342669	0.773341954
775	0.773343444	0.77334249
777	0.773342848	0.773342252
779	0.773343265	0.773343623
781	0.773343861	0.773342907
783	0.773342729	0.773342907
785	0.773343623	0.773343563
787	0.773343027	0.773341835
789	0.773343205	0.773342669
791	0.773342073	0.773342073
793	0.773343027	0.7733441
795	0.773343563	0.773342967
797	0.773343146	0.773343146
799	0.773343205	0.773343503
801	0.773342907	0.773343503
803	0.773343742	0.773342788
805	0.773343265	0.7733441
807	0.773342669	0.773343027
809	0.773342609	0.773342967
811	0.773342967	0.773343205
813	0.773343086	0.773342967
815	0.773342431	0.773342669
817	0.773342192	0.773342788
819	0.773343205	0.773343027
821	0.773341835	0.773342431
823	0.773342848	0.773342431
825	0.773342848	0.773343086
827	0.773342788	0.773343384
829	0.773342669	0.77334255
831	0.773342788	0.773343801
833	0.773343384	0.77334255
835	0.773342848	0.773343205
837	0.77334255	0.773342431
839	0.773343563	0.773342848
841	0.773343563	0.773342848
843	0.773342967	0.773342907
845	0.773343146	0.773344338
847	0.773343086	0.773342013
849	0.773343027	0.773341775
851	0.773343086	0.773343444
853	0.77334249	0.773342133
855	0.77334255	0.773343027
857	0.773342371	0.773342907
859	0.77334249	0.773343027
861	0.773343503	0.773342669
863	0.773343027	0.773343086
865	0.773342669	0.773343384
867	0.77334255	0.773342252
869	0.773342848	0.773342192
871	0.773343503	0.773342669
873	0.773343205	0.773343146
875	0.773342907	0.773343563
877	0.773343205	0.773341775
879	0.773343265	0.773343444
881	0.77334255	0.773342073
883	0.773343563	0.773343027
885	0.773342311	0.77334249
887	0.773342073	0.773342669
889	0.773343086	0.773342311
891	0.773342848	0.773342431
893	0.773342907	0.773343086
895	0.773343027	0.773341835
897	0.773343801	0.773343086
899	0.77334249	0.77334249
901	0.773343682	0.773343444
903	0.773344457	0.773343801
905	0.773343146	0.773343325
907	0.773343444	0.773342013
909	0.773343921	0.773342669
911	0.773342729	0.773342788
913	0.773343146	0.773342311
915	0.773343384	0.773342729
917	0.773342669	0.773342967
919	0.773342609	0.773343682
921	0.773343027	0.773343682
923	0.773343265	0.773342967
925	0.77334249	0.773342848
927	0.773343384	0.77334255
929	0.773344159	0.773342609
931	0.773342311	0.773341954
933	0.773342788	0.77334255
935	0.773342729	0.773343086
937	0.773342371	0.773342311
939	0.77334255	0.773343682
941	0.773343027	0.773342133
943	0.773341715	0.773342669
945	0.773343325	0.773343086
947	0.773343325	0.77334249
949	0.773343384	0.773343325
951	0.773343682	0.77334249
953	0.773342609	0.773343265
955	0.773342848	0.773342133
957	0.773342907	0.773342967
959	0.773343444	0.773343086
961	0.773343265	0.773342967
963	0.773343146	0.77334255
965	0.773342371	0.773343086
967	0.773342848	0.773342848
969	0.773342371	0.773343384
971	0.773343623	0.773343205
973	0.773343444	0.773342788
975	0.773343503	0.773342669
977	0.773343027	0.773342252
979	0.773342669	0.77334255
981	0.773342073	0.77334249
983	0.773343682	0.77334249
985	0.773343503	0.773343384
987	0.773343503	0.77334255
989	0.773343623	0.773343205
991	0.773343801	0.773343503
993	0.773343146	0.773342311
995	0.773343563	0.773343146
997	0.773342371	0.773342907
999	0.773342133	0.773342967
1001	0.773343503	0.773342967
1003	0.773343563	0.773342729
1005	0.773342967	0.773342371
1007	0.773343265	0.773343086
1009	0.773343623	0.773343205
1011	0.773342431	0.773343384
1013	0.77334249	0.773343503
1015	0.773342848	0.773342788
1017	0.773342967	0.773343086
1019	0.773342788	0.773343027
1021	0.773342311	0.773343146
1023	0.773343801	0.773343027
1025	0.773342371	0.773343205
1027	0.773343027	0.773343742
1029	0.773342729	0.773342907
1031	0.773343205	0.773344278
1033	0.773342311	0.773343921
1035	0.773342729	0.773342252
1037	0.773343086	0.77334255
1039	0.773342967	0.773341954
1041	0.773343801	0.773342609
1043	0.773342729	0.77334249
1045	0.77334404	0.773343146
1047	0.773342729	0.773343146
1049	0.773343027	0.773342729
1051	0.773342311	0.773342133
1053	0.773343146	0.773342073
1055	0.77334398	0.773342609
1057	0.77334249	0.773343563
1059	0.773343086	0.773343205
1061	0.773342013	0.77334249
1063	0.773342311	0.773343265
1065	0.773342371	0.773342729
1067	0.773342967	0.773342967
1069	0.773342788	0.77334255
1071	0.773341477	0.773342192
1073	0.773342609	0.773342788
1075	0.773342192	0.773343623
1077	0.77334249	0.773342907
1079	0.773343146	0.773342907
1081	0.773342907	0.773342609
1083	0.773343146	0.77334249
1085	0.773343146	0.773342192
1087	0.773342252	0.773342848
1089	0.773342609	0.773342192
1091	0.773342669	0.773342967
1093	0.773343027	0.773343682
1095	0.773342371	0.773343563
1097	0.773343086	0.773342907
1099	0.773342133	0.773342133
1101	0.773342907	0.773342907
1103	0.773342788	0.773341835
1105	0.773342967	0.773342013
1107	0.773342669	0.773343384
1109	0.773342848	0.773342371
1111	0.773343921	0.773343861
1113	0.77334255	0.773343086
1115	0.773343682	0.773342729
1117	0.773343325	0.773343027
1119	0.77334255	0.773342848
1121	0.773343742	0.773343086
1123	0.773343384	0.773341656
1125	0.773343563	0.773342907
1127	0.773343861	0.773343682
1129	0.773342967	0.773343325
1131	0.773342669	0.773343027
1133	0.773342311	0.773341715
1135	0.773343086	0.773343682
1137	0.773342788	0.773343921
1139	0.773342609	0.773343325
1141	0.773342311	0.773342788
1143	0.773342609	0.773342967
1145	0.773343265	0.773342729
1147	0.773342431	0.773343027
1149	0.773342907	0.773343444
1151	0.773342371	0.773343384
1153	0.773343921	0.773342609
1155	0.773343205	0.773342431
1157	0.773343861	0.773342371
1159	0.773342431	0.773342252
1161	0.773342609	0.773343086
1163	0.773342431	0.773342967
1165	0.773342431	0.773343325
1167	0.773342669	0.77334255
1169	0.773342669	0.773343086
1171	0.773343205	0.773343027
1173	0.773343265	0.773342311
1175	0.773341656	0.773342729
1177	0.773342907	0.773342788
1179	0.773343146	0.773343205
1181	0.773344278	0.773344159
1183	0.773343444	0.773343384
1185	0.773342609	0.773342669
1187	0.77334249	0.773342848
1189	0.773342311	0.773343265
1191	0.773342431	0.773343742
1193	0.773343265	0.773343086
1195	0.773342669	0.773342609
1197	0.773343384	0.773342729
1199	0.773342669	0.773342848
1201	0.773342967	0.773343146
1203	0.773342133	0.77334249
1205	0.773341656	0.773343623
1207	0.773342788	0.773343086
1209	0.773341954	0.773342788
1211	0.773342133	0.773342967
1213	0.773342907	0.773342848
1215	0.773343444	0.773342609
1217	0.773342192	0.773343384
1219	0.773342848	0.773342967
1221	0.773343623	0.773342788
1223	0.773343086	0.773342907
1225	0.773342133	0.773342609
1227	0.773343444	0.773343205
1229	0.773342371	0.773342431
1231	0.773342192	0.77334255
1233	0.773342907	0.773343027
1235	0.773342788	0.77334255
1237	0.773342848	0.773343027
1239	0.773341954	0.773342609
1241	0.773342431	0.773341715
1243	0.773343623	0.77334255
1245	0.773342729	0.77334255
1247	0.773343086	0.773343205
1249	0.773342311	0.773342431
1251	0.773342907	0.773343563
1253	0.773342252	0.773343086
1255	0.773342967	0.773343027
1257	0.773342252	0.773343801
1259	0.773343384	0.773343205
1261	0.773343742	0.77334255
1263	0.773342431	0.773342788
1265	0.77334255	0.773343086
1267	0.77334398	0.773343027
1269	0.773342848	0.773342907
1271	0.773342431	0.773342252
1273	0.773342788	0.773342192
1275	0.773343325	0.773342729
1277	0.773342967	0.773342907
1279	0.773342609	0.773343027
1281	0.773343265	0.773342669
1283	0.773343205	0.773342967
1285	0.773342133	0.773342609
1287	0.773342788	0.773342967
1289	0.773343623	0.773343205
1291	0.773342133	0.773343086
1293	0.773343503	0.773343563
1295	0.773342788	0.773343742
1297	0.773343146	0.773343921
1299	0.773342252	0.773341954
1301	0.773342907	0.773343265
1303	0.77334249	0.773342907
1305	0.773343205	0.773343384
1307	0.773343205	0.773342907
1309	0.773342192	0.773342907
1311	0.773342609	0.77334249
1313	0.773342609	0.773343742
1315	0.773342252	0.773343682
1317	0.773343027	0.77334255
1319	0.773341656	0.773342311
1321	0.773343801	0.773343384
1323	0.773342133	0.773342967
1325	0.773343205	0.773343265
1327	0.773344219	0.773343384
1329	0.773342311	0.773343325
1331	0.773343623	0.773343205
1333	0.773342371	0.77334255
1335	0.773343265	0.773343444
1337	0.773342729	0.773343027
1339	0.77334249	0.773343503
1341	0.773343265	0.773343027
1343	0.773342788	0.773342729
1345	0.773342788	0.773343682
1347	0.77334255	0.773343682
1349	0.77334249	0.773342788
1351	0.773343086	0.773342013
1353	0.773343742	0.773342192
1355	0.773342788	0.773343027
1357	0.773342609	0.773343503
1359	0.773343027	0.773344398
1361	0.773342609	0.773343801
1363	0.773343742	0.77334249
1365	0.773342192	0.773342609
1367	0.773342311	0.773343921
1369	0.773343205	0.773343027
1371	0.773341954	0.773343503
1373	0.773342609	0.773343027
1375	0.773343384	0.773343861
1377	0.77334249	0.773341715
1379	0.773341715	0.773343265
1381	0.773342907	0.773342192
1383	0.773342669	0.773343384
1385	0.773342371	0.773343027
1387	0.773343742	0.773343623
1389	0.773342788	0.773343623
1391	0.773343384	0.773343146
1393	0.773342788	0.773343384
1395	0.773343444	0.773343027
1397	0.773343146	0.773343563
1399	0.773341835	0.773343623
1401	0.773342907	0.77334398
1403	0.773342311	0.773342729
1405	0.773343086	0.773343742
1407	0.773343265	0.773342609
1409	0.773342788	0.773343444
1411	0.773342788	0.773343444
1413	0.773342609	0.773344159
1415	0.773343801	0.773342729
1417	0.773342311	0.773342907
1419	0.773341715	0.773343801
1421	0.773342848	0.773343325
1423	0.773343325	0.773341656
1425	0.773343205	0.773343265
1427	0.773343801	0.77334398
1429	0.773343205	0.773343921
1431	0.773342907	0.773343921
1433	0.773343742	0.773342729
1435	0.77334255	0.773342729
1437	0.773341715	0.773343265
1439	0.773343146	0.773342967
1441	0.773343682	0.773342788
1443	0.773343205	0.773342609
1445	0.773343563	0.773343027
1447	0.773342788	0.773342848
1449	0.773343563	0.773342669
1451	0.773343146	0.773343086
1453	0.773343325	0.773343563
1455	0.773342967	0.773342609
1457	0.773343027	0.773343146
1459	0.773342192	0.773342371
1461	0.773342431	0.773342907
1463	0.773341596	0.773342967
1465	0.773343623	0.77334249
1467	0.773343027	0.773343146
1469	0.773343682	0.773341835
1471	0.773342967	0.773343325
1473	0.773341894	0.773343265
1475	0.773342907	0.773343384
1477	0.773344457	0.773343623
1479	0.773342609	0.773341835
1481	0.773343205	0.773343801
1483	0.773342848	0.77334404
1485	0.773342788	0.773341954
1487	0.77334255	0.773342967
1489	0.773342788	0.773343027
1491	0.773341954	0.773343682
1493	0.773343205	0.773343861
1495	0.773343265	0.773344576
1497	0.773343146	0.773343384
1499	0.773343205	0.773342311
1501	0.773342431	0.773343325
1503	0.773341477	0.773343205
1505	0.773343205	0.773343265
1507	0.773342431	0.773343503
1509	0.773342729	0.773343444
1511	0.773341596	0.773343027
1513	0.773341775	0.773342669
1515	0.773342907	0.773341358
1517	0.773342013	0.773343384
1519	0.773343146	0.773342133
1521	0.77334249	0.773342967
1523	0.773343861	0.77334249
1525	0.773342967	0.773343086
1527	0.773343682	0.773343146
1529	0.773342967	0.773342609
1531	0.773343265	0.773342848
1533	0.773341179	0.773341596
1535	0.773341954	0.773343623
1537	0.773342848	0.773343801
1539	0.773343444	0.773343444
1541	0.773343086	0.773342729
1543	0.773343086	0.773343503
1545	0.773343444	0.773343384
1547	0.773343444	0.773343205
1549	0.773343205	0.773343742
1551	0.773343325	0.773342907
1553	0.773341715	0.773342907
1555	0.773343503	0.773344159
1557	0.773342967	0.773343384
1559	0.773343086	0.773341835
1561	0.773343086	0.773343444
1563	0.773343265	0.773343861
1565	0.773341715	0.773342311
1567	0.773342609	0.773342669
1569	0.773341596	0.773342013
1571	0.773341477	0.773342669
1573	0.77334249	0.773342669
1575	0.773342609	0.77334255
1577	0.773342609	0.773343384
1579	0.773342609	0.773342669
1581	0.77334398	0.773343444
1583	0.77334255	0.773342907
1585	0.773344517	0.773342907
1587	0.773342669	0.773342192
1589	0.773342907	0.773344159
1591	0.773343384	0.773343325
1593	0.773343027	0.773342431
1595	0.773342431	0.773343444
1597	0.773344338	0.773343921
1599	0.773342907	0.773343205
1601	0.773342967	0.77334249
1603	0.773342371	0.773342848
1605	0.773342371	0.773343503
1607	0.773341954	0.773342192
1609	0.773342967	0.77334249
1611	0.773342431	0.773343682
1613	0.773342967	0.773343623
1615	0.773342788	0.773342788
1617	0.773343444	0.773343444
1619	0.773343623	0.773343027
1621	0.773343146	0.773341954
1623	0.773342967	0.773342907
1625	0.773341596	0.773342729
1627	0.77334255	0.773343205
1629	0.773342133	0.773343503
1631	0.773341894	0.773342013
1633	0.773343205	0.773343861
1635	0.77334398	0.773343205
1637	0.77334249	0.773344517
1639	0.773342729	0.773342788
1641	0.773342431	0.773342252
1643	0.773343503	0.773342848
1645	0.773343384	0.773342729
1647	0.773343027	0.773343027
1649	0.773341596	0.773342252
1651	0.773342729	0.773341715
1653	0.77334094	0.773343503
1655	0.773341894	0.77334255
1657	0.773343742	0.773344219
1659	0.773343205	0.773343325
1661	0.773342609	0.773342311
1663	0.773343325	0.773343027
1665	0.773342252	0.773343086
1667	0.773343146	0.773343325
1669	0.773343325	0.773343205
1671	0.773343265	0.773342311
1673	0.773343146	0.773343742
1675	0.773342729	0.773343265
1677	0.77334255	0.773342371
1679	0.773342431	0.773342609
1681	0.773342073	0.773343027
1683	0.773343325	0.773343146
1685	0.773341775	0.773343563
1687	0.773342013	0.773344517
1689	0.773342967	0.773342907
1691	0.773343027	0.773342729
1693	0.773343146	0.773342848
1695	0.773342848	0.773343623
1697	0.773343027	0.773342669
1699	0.773343146	0.773343265
1701	0.773343921	0.7733441
1703	0.773343146	0.773344338
1705	0.773342729	0.773343503
1707	0.773342907	0.773342669
1709	0.773343623	0.773342669
1711	0.773341656	0.773343027
1713	0.773343742	0.773343027
1715	0.773342788	0.773343623
1717	0.773343384	0.773343444
1719	0.773342133	0.773343921
1721	0.773342848	0.773343742
1723	0.773342967	0.773343444
1725	0.773343384	0.77334249
1727	0.773342729	0.773342788
1729	0.773343921	0.773343086
1731	0.773343205	0.773343146
1733	0.773342133	0.773342609
1735	0.773342669	0.773344159
1737	0.77334404	0.773344159
1739	0.773343027	0.773343205
1741	0.77334249	0.77334249
1743	0.773341358	0.77334398
1745	0.773343027	0.773343325
1747	0.773342967	0.773343325
1749	0.773342073	0.773344278
1751	0.773341775	0.773342907
1753	0.77334255	0.773343027
1755	0.773343801	0.773343205
1757	0.773342907	0.773342669
1759	0.773342669	0.773342669
1761	0.773342907	0.773342788
1763	0.773342729	0.773343623
1765	0.773344517	0.773342669
1767	0.773343503	0.773342967
1769	0.773343027	0.77334255
1771	0.773343027	0.773342371
1773	0.773342371	0.773343503
1775	0.773342609	0.77334398
1777	0.773343742	0.77334404
1779	0.773342788	0.773343921
1781	0.773343682	0.773343265
1783	0.773342431	0.773343623
1785	0.773342609	0.773342252
1787	0.773343205	0.773343563
1789	0.773342133	0.773344696
1791	0.773343563	0.773343027
1793	0.773343861	0.773343325
1795	0.773344219	0.773342431
1797	0.773342609	0.773343146
1799	0.773343801	0.773342967
1801	0.773344338	0.773344278
1803	0.773342431	0.773343682
1805	0.773343265	0.773342967
1807	0.773343325	0.773343623
1809	0.773343146	0.773343921
1811	0.773343325	0.773343146
1813	0.77334398	0.773342788
1815	0.77334249	0.773343742
1817	0.773342371	0.773343027
1819	0.773343682	0.773343682
1821	0.773342848	0.77334404
1823	0.773342907	0.77334249
1825	0.773342729	0.773343861
1827	0.77334398	0.773342788
1829	0.773342669	0.773344159
1831	0.773343384	0.773343205
1833	0.773343623	0.773341477
1835	0.773342073	0.773343503
1837	0.773342431	0.773343384
1839	0.773343325	0.77334255
1841	0.773344457	0.773342669
1843	0.773341954	0.773343086
1845	0.773342311	0.773343623
1847	0.773342252	0.773343265
1849	0.773343861	0.773343563
1851	0.77334255	0.773342609
1853	0.773342848	0.773343027
1855	0.773343205	0.773342788
1857	0.773342192	0.773343563
1859	0.773342848	0.773343623
1861	0.773342609	0.773343205
1863	0.773343384	0.773343325
1865	0.77334255	0.773343205
1867	0.773342311	0.773343742
1869	0.773343325	0.773343265
1871	0.773342848	0.773343325
1873	0.77334249	0.773343623
1875	0.773342431	0.773342907
1877	0.773341894	0.773343146
1879	0.773342311	0.773343086
1881	0.773342609	0.77334404
1883	0.773342967	0.773343384
1885	0.773344159	0.773343742
1887	0.773342609	0.773342311
1889	0.773342848	0.773342431
1891	0.773343205	0.7733441
1893	0.773342729	0.773342669
1895	0.7733441	0.773342907
1897	0.773342967	0.773343086
1899	0.77334398	0.773343027
1901	0.77334249	0.773343027
1903	0.773342729	0.773343623
1905	0.773342967	0.77334255
1907	0.773343086	0.773343742
1909	0.773341656	0.773343325
1911	0.773343623	0.773342907
1913	0.773342907	0.773343027
1915	0.773342669	0.773344517
1917	0.773341656	0.773343027
1919	0.77334398	0.773342848
1921	0.773342967	0.773343742
1923	0.77334249	0.773343742
1925	0.773343801	0.77334249
1927	0.773342192	0.773343146
1929	0.773343086	0.773343325
1931	0.773342311	0.773343325
1933	0.77334249	0.773343503
1935	0.773341656	0.773343682
1937	0.773343146	0.773342669
1939	0.773343623	0.773343265
1941	0.773342609	0.773342609
1943	0.773343086	0.773342788
1945	0.773342252	0.773342848
1947	0.773342967	0.773342371
1949	0.773344338	0.773343265
1951	0.773343444	0.773341715
1953	0.77334249	0.773342609
1955	0.77334249	0.773343801
1957	0.773342133	0.773342669
1959	0.773343861	0.77334249
1961	0.773342907	0.773343623
1963	0.773343563	0.77334249
1965	0.7733441	0.773344815
1967	0.773342788	0.773343623
1969	0.773343503	0.773343325
1971	0.77334398	0.773341417
1973	0.773343384	0.773342431
1975	0.773342192	0.773343563
1977	0.773342371	0.773342192
1979	0.773343503	0.773343503
1981	0.773343623	0.773343325
1983	0.773343682	0.773342669
1985	0.773343563	0.773343444
1987	0.773344159	0.77334249
1989	0.773343265	0.773343861
1991	0.773343265	0.773343325
1993	0.773343682	0.773344696
1995	0.773343682	0.773342788
1997	0.773343682	0.773343086
1999	0.773342967	0.773343205
2001	0.773341596	0.7733441
2003	0.773343503	0.773343325
2005	0.77334398	0.773343146
2007	0.773342729	0.773342967
2009	0.773343861	0.77334255
2011	0.773343861	0.773343027
2013	0.773341715	0.773343325
2015	0.773342073	0.773343563
2017	0.773342907	0.77334249
2019	0.773343623	0.773342669
2021	0.773343682	0.77334249
2023	0.773342192	0.773343384
2025	0.773342192	0.77334404
2027	0.773343146	0.773344159
2029	0.773343205	0.773341954
2031	0.7733441	0.773342907
2033	0.773343742	0.773343325
2035	0.773343682	0.773344636
2037	0.773343861	0.773343027
2039	0.773342848	0.773342609
2041	0.773343205	0.773344219
2043	0.77334398	0.773342788
2045	0.773343563	0.773343742
2047	0.773342252	0.773342967
2049	0.773343503	0.773341537
2051	0.773342371	0.773343027
2053	0.773343205	0.773343384
2055	0.773343503	0.77334404
2057	0.773343623	0.77334249
2059	0.773343027	0.77334255
2061	0.773343623	0.773342967
2063	0.773340881	0.773343503
2065	0.773343384	0.773341537
2067	0.773344994	0.773342848
2069	0.773342669	0.773342907
2071	0.773343265	0.773343205
2073	0.77334249	0.773343205
2075	0.773343265	0.773343086
2077	0.773342609	0.77334249
2079	0.773343444	0.773343146
2081	0.773341954	0.77334249
2083	0.773343325	0.773343682
2085	0.773344159	0.773342252
2087	0.773344398	0.773341715
2089	0.773343384	0.77334255
2091	0.773342311	0.77334249
2093	0.773343265	0.773341835
2095	0.773343742	0.773342192
2097	0.7733441	0.773343027
2099	0.773342907	0.773342669
2101	0.773342192	0.773344219
2103	0.773343384	0.773343027
2105	0.773343027	0.773343623
2107	0.773343325	0.773342788
2109	0.773342729	0.773343384
2111	0.773342729	0.773342609
2113	0.773344159	0.773341656
2115	0.773343444	0.773342907
2117	0.773343265	0.773342669
2119	0.773341477	0.773343027
2121	0.773342431	0.773343205
2123	0.773343861	0.773342669
2125	0.773343861	0.773342609
2127	0.773343086	0.773342073
2129	0.773343861	0.773343205
2131	0.773343444	0.773343325
2133	0.773342967	0.773342967
2135	0.773342013	0.773341715
2137	0.773344517	0.773343682
2139	0.773342371	0.77334249
2141	0.773344159	0.773343444
2143	0.773343325	0.773342192
2145	0.773345411	0.773343503
2147	0.773342669	0.773342252
2149	0.773344278	0.773343086
2151	0.773342371	0.773343086
2153	0.773342729	0.773342788
2155	0.773343325	0.773344636
2157	0.773343861	0.773342669
2159	0.773342133	0.773344755
2161	0.773343325	0.773344398
2163	0.773343205	0.773343265
2165	0.773342848	0.773342967
2167	0.773342431	0.773343265
2169	0.773342967	0.773343742
2171	0.773343027	0.773343921
2173	0.773343444	0.773343623
2175	0.773343623	0.773343563
2177	0.773344517	0.773342907
2179	0.773343742	0.773342073
2181	0.773342729	0.77334398
2183	0.773343384	0.773342967
2185	0.773344159	0.773342133
2187	0.773342431	0.773343444
2189	0.773343384	0.773343563
2191	0.773342669	0.773343205
2193	0.773343921	0.773342013
2195	0.773343921	0.773342907
2197	0.773342311	0.77334255
2199	0.773341894	0.77334398
2201	0.773343205	0.773343086
2203	0.773342967	0.773342907
2205	0.773342311	0.773342967
2207	0.773343742	0.773343086
2209	0.773343384	0.773344398
2211	0.773343503	0.773342609
2213	0.773343742	0.773343801
2215	0.773342788	0.773342013
2217	0.773342073	0.77334404
2219	0.773342669	0.77334398
2221	0.773342669	0.7733441
2223	0.773342907	0.773343086
2225	0.773342729	0.77334404
2227	0.773343861	0.773342907
2229	0.773343205	0.773342192
2231	0.773344398	0.773342073
2233	0.773343503	0.773342729
2235	0.773342907	0.773342133
2237	0.773342252	0.773342848
2239	0.773343563	0.773342431
2241	0.773342729	0.773343146
2243	0.773342729	0.773342311
2245	0.7733441	0.773343682
2247	0.773343027	0.77334249
2249	0.7733441	0.773344636
2251	0.773343861	0.773343444
2253	0.773342967	0.773342073
2255	0.773344278	0.773342907
2257	0.773343146	0.773342848
2259	0.773343086	0.773342907
2261	0.77334255	0.773342669
2263	0.773344994	0.773343503
2265	0.773343027	0.773343384
2267	0.77334249	0.773343027
2269	0.773343265	0.773342431
2271	0.77334255	0.773343325
2273	0.77334398	0.773342431
2275	0.773343384	0.773343861
2277	0.773342609	0.773342729
2279	0.773341656	0.773343205
2281	0.773343086	0.773342669
2283	0.773342073	0.773343623
2285	0.773342311	0.773342967
2287	0.773342192	0.773343742
2289	0.773343742	0.773344278
2291	0.773342848	0.773344636
2293	0.773343682	0.773343205
2295	0.773343623	0.773342788
2297	0.773342609	0.773343861
2299	0.7733441	0.773343384
2301	0.773342967	0.773343146
2303	0.773344338	0.773343503
2305	0.773341537	0.773343027
2307	0.773343146	0.773342431
2309	0.773343444	0.773342788
2311	0.773343146	0.773342729
2313	0.773342431	0.773343801
2315	0.773343205	0.773343265
2317	0.773343265	0.773343742
2319	0.773341835	0.773342669
2321	0.77334249	0.773343503
2323	0.773343503	0.773344696
2325	0.773343444	0.773343146
2327	0.773343086	0.773342907
2329	0.773343623	0.773343205
2331	0.773343503	0.773343921
2333	0.77334398	0.773341894
2335	0.773344159	0.77334398
2337	0.773343563	0.773342609
2339	0.773343146	0.773342431
2341	0.773343742	0.773343205
2343	0.773345113	0.773342729
2345	0.773343325	0.773342907
2347	0.773343384	0.773342133
2349	0.773341954	0.773343265
2351	0.773342848	0.773341954
2353	0.773343384	0.773342609
2355	0.773341298	0.77334106
2357	0.773342848	0.773342371
2359	0.773342431	0.773342967
2361	0.773342371	0.773341775
2363	0.77334398	0.773342073
2365	0.773342371	0.7733441
2367	0.773343027	0.773341775
2369	0.773342073	0.773343086
2371	0.77334255	0.773343325
2373	0.77334249	0.773343861
2375	0.773341715	0.773341775
2377	0.773343563	0.773342371
2379	0.773342133	0.773343503
2381	0.773343146	0.773342967
2383	0.773343623	0.773342967
2385	0.77334249	0.773343623
2387	0.773342669	0.773341537
2389	0.773343027	0.773343563
2391	0.773342311	0.773343027
2393	0.773341596	0.773342967
2395	0.77334255	0.773343146
2397	0.773344278	0.773342371
2399	0.773344219	0.773342609
2401	0.773343027	0.773343623
2403	0.773341537	0.773343086
2405	0.77334404	0.773342907
2407	0.773343146	0.77334255
2409	0.773341417	0.773342669
2411	0.773342669	0.773342848
2413	0.773343086	0.773342967
2415	0.773342788	0.773343682
2417	0.773343742	0.773343682
2419	0.773342967	0.773342431
2421	0.773342609	0.773342609
2423	0.773343623	0.773343027
2425	0.773342669	0.773342371
2427	0.773343384	0.773343444
2429	0.773342729	0.773341835
2431	0.773343384	0.773342669
2433	0.773343623	0.773341775
2435	0.773343861	0.773342073
2437	0.773342967	0.773343503
2439	0.773343384	0.773343503
2441	0.773343086	0.773342669
2443	0.773342788	0.773343205
2445	0.773343265	0.773343265
2447	0.773341835	0.773343205
2449	0.773342788	0.773343146
2451	0.773343086	0.773344934
2453	0.773343444	0.773342967
2455	0.773344278	0.773342967
2457	0.773342848	0.773342669
2459	0.77334404	0.773343146
2461	0.773342788	0.773341
2463	0.773343801	0.773342729
2465	0.773342013	0.773343325
2467	0.773342967	0.773343265
2469	0.773343921	0.773343623
2471	0.773341775	0.773343801
2473	0.773341894	0.773343146
2475	0.773342609	0.773343503
2477	0.773343325	0.773341656
2479	0.773343205	0.773343325
2481	0.773343563	0.773343027
2483	0.773344278	0.773342371
2485	0.773343325	0.773343503
2487	0.773342729	0.773343205
2489	0.773343444	0.773342073
2491	0.773342848	0.773342311
2493	0.773343384	0.773343444
2495	0.773342967	0.773343623
2497	0.773343146	0.77334404
2499	0.77334255	0.773344636
2501	0.773341894	0.773343384
2503	0.77334249	0.773342431
2505	0.773341715	0.773342907
2507	0.773343682	0.773344219
2509	0.773343146	0.773343265
2511	0.773343444	0.773343265
2513	0.773343444	0.773344219
2515	0.773343444	0.773343027
2517	0.773343742	0.773342073
2519	0.77334255	0.773342609
2521	0.773343563	0.773343205
2523	0.773343205	0.773342907
2525	0.77334398	0.77334255
2527	0.773343205	0.773343086
2529	0.773342431	0.773343205
2531	0.773343384	0.773342252
2533	0.77334255	0.773342609
2535	0.773341775	0.773343146
2537	0.773343265	0.773342609
2539	0.773344278	0.773342967
2541	0.7733441	0.773342848
2543	0.77334249	0.773344517
2545	0.773343742	0.773342788
2547	0.773342013	0.773343086
2549	0.773343563	0.77334255
2551	0.773342729	0.773343146
2553	0.773344159	0.773342371
2555	0.773342371	0.773342729
2557	0.773343325	0.773343623
2559	0.773343086	0.773341954
2561	0.773343325	0.773344278
2563	0.773343563	0.773343623
2565	0.773342073	0.773342967
2567	0.773342907	0.773342848
2569	0.773343325	0.773342907
2571	0.773343265	0.773342073
2573	0.773342073	0.773342907
2575	0.773342669	0.773343205
2577	0.773342907	0.773341298
2579	0.773342669	0.773343503
2581	0.77334249	0.773342252
2583	0.773343742	0.773342729
2585	0.773342669	0.773343444
2587	0.773342788	0.773342848
2589	0.773342609	0.773342013
2591	0.773342848	0.773343205
2593	0.773344338	0.773342967
2595	0.773342788	0.773343503
2597	0.773342013	0.773343861
2599	0.773344755	0.773343444
2601	0.773341119	0.773342609
2603	0.773343623	0.773343384
2605	0.773343384	0.773343563
2607	0.7733441	0.773341894
2609	0.773343325	0.773342669
2611	0.773343742	0.773343325
2613	0.77334255	0.773344874
2615	0.773342013	0.773342669
2617	0.773343265	0.773343027
2619	0.773344278	0.773343325
2621	0.773343146	0.773343265
2623	0.773343086	0.773341775
2625	0.773341954	0.773343861
2627	0.773341656	0.773344159
2629	0.773343801	0.773342192
2631	0.773342729	0.773344576
2633	0.773343623	0.773344636
2635	0.773343563	0.773341715
2637	0.773343861	0.773343444
2639	0.773343086	0.773342609
2641	0.773343682	0.773342609
2643	0.773343384	0.773341954
2645	0.773344696	0.773342013
2647	0.773343682	0.773341835
2649	0.773343325	0.773342192
2651	0.773343503	0.773341954
2653	0.773343384	0.773344159
2655	0.773343444	0.773342311
2657	0.773343027	0.773343444
2659	0.773342371	0.773343801
2661	0.773343444	0.773344517
2663	0.773343742	0.773342609
2665	0.773344338	0.773341775
2667	0.77334255	0.773343921
2669	0.773343086	0.773342967
2671	0.773342788	0.773342967
2673	0.773343086	0.773342967
2675	0.773343444	0.773342609
2677	0.773343861	0.773344755
2679	0.773342848	0.773343563
2681	0.77334249	0.773343563
2683	0.77334255	0.773343623
2685	0.773343742	0.773342729
2687	0.773343682	0.773343265
2689	0.77334553	0.773341596
2691	0.773343682	0.77334249
2693	0.773344278	0.773342967
2695	0.77334404	0.7733441
2697	0.773342609	0.773342609
2699	0.773342907	0.773342192
2701	0.773343444	0.77334094
2703	0.773343503	0.773343623
2705	0.773343623	0.773343444
2707	0.773343146	0.77334404
2709	0.773342073	0.773342967
2711	0.773343027	0.773340881
2713	0.773344815	0.773342252
2715	0.773342848	0.773341656
2717	0.773342788	0.773343205
2719	0.773343801	0.77334249
2721	0.773343503	0.773342133
2723	0.773344815	0.773342133
2725	0.773342907	0.77334255
2727	0.773343027	0.773343325
2729	0.77334255	0.773342073
2731	0.773343086	0.773343086
2733	0.773342967	0.773343563
2735	0.773344159	0.77334249
2737	0.773342967	0.773342371
2739	0.773345172	0.773343801
2741	0.773345113	0.773343444
2743	0.773345292	0.773343742
2745	0.773343444	0.77334249
2747	0.773344517	0.773340762
2749	0.773343384	0.77334255
2751	0.773342371	0.773344219
2753	0.773342371	0.773343682
2755	0.773343444	0.773343086
2757	0.773343325	0.77334255
2759	0.773343444	0.773343146
2761	0.773343027	0.773344696
2763	0.773343623	0.773341537
2765	0.773343205	0.773341894
2767	0.773343444	0.773343086
2769	0.773343205	0.773342729
2771	0.773342073	0.773342192
2773	0.773343921	0.773343086
2775	0.773343682	0.773343623
2777	0.773343503	0.773342311
2779	0.77334404	0.773342729
2781	0.773342788	0.773343205
2783	0.773342133	0.773344159
2785	0.773343205	0.7733441
2787	0.773344398	0.773343027
2789	0.773342252	0.773345053
2791	0.773343861	0.773343265
2793	0.773342133	0.773343384
2795	0.773342788	0.773342371
2797	0.773342311	0.773343027
2799	0.77334106	0.773343265
2801	0.773343027	0.773342848
2803	0.773341894	0.773342431
2805	0.773343623	0.773343384
2807	0.773342907	0.773342788
2809	0.773342431	0.773342609
2811	0.773343384	0.773343682
2813	0.773342729	0.773344219
2815	0.773342073	0.773343801
2817	0.773343265	0.773342252
2819	0.773342013	0.773342729
2821	0.77334404	0.773341477
2823	0.773344219	0.773343623
2825	0.773343861	0.773343742
2827	0.77334249	0.773343265
2829	0.773343146	0.773341477
2831	0.77334404	0.773342192
2833	0.773343503	0.773342609
2835	0.773343265	0.77334398
2837	0.7733441	0.773343027
2839	0.773343861	0.77334249
2841	0.773343742	0.773342788
2843	0.773342669	0.773343265
2845	0.773343742	0.773343146
2847	0.773344159	0.773344457
2849	0.773342252	0.773343384
2851	0.773343265	0.773341358
2853	0.773342431	0.773344934
2855	0.773343503	0.773344874
2857	0.773343205	0.773341954
2859	0.7733441	0.773343503
2861	0.773344159	0.773341894
2863	0.773343444	0.773343742
2865	0.773342669	0.773341954
2867	0.773343205	0.773344576
2869	0.773344934	0.773343146
2871	0.773343563	0.773341596
2873	0.773343861	0.773343086
2875	0.773343623	0.773342609
2877	0.773343623	0.773341715
2879	0.773343623	0.773344159
2881	0.773343146	0.773342788
2883	0.773343444	0.773342013
2885	0.773341119	0.773342669
2887	0.773343503	0.77334249
2889	0.773343503	0.773344338
2891	0.773343205	0.773341
2893	0.7733441	0.773343921
2895	0.773343861	0.773344576
2897	0.773342371	0.773344278
2899	0.773343742	0.77334398
2901	0.773341715	0.773342073
2903	0.773343682	0.773343861
2905	0.77334255	0.773343503
2907	0.773342371	0.773343205
2909	0.773343265	0.773342431
2911	0.773342609	0.773342907
2913	0.773342967	0.773343027
2915	0.773342133	0.773342371
2917	0.773342848	0.773342967
2919	0.77334255	0.773343027
2921	0.773343682	0.773342848
2923	0.773343801	0.773342967
2925	0.773341835	0.773344457
2927	0.773342729	0.773341238
2929	0.773344517	0.773343801
2931	0.77334255	0.773343682
2933	0.773343801	0.773342192
2935	0.773343861	0.773344398
2937	0.773343623	0.773342133
2939	0.773343861	0.773342848
2941	0.77334249	0.773343444
2943	0.773342729	0.773342431
2945	0.773343682	0.773343921
2947	0.773344219	0.773343921
2949	0.773342013	0.773342609
2951	0.7733441	0.773343623
2953	0.773343146	0.773342669
2955	0.773342729	0.773344517
2957	0.773343027	0.773343861
2959	0.773342967	0.773343861
2961	0.773344696	0.773341954
2963	0.773343205	0.77334249
2965	0.773343801	0.773341477
2967	0.773344517	0.773344398
2969	0.773342729	0.773343205
2971	0.773343921	0.773341835
2973	0.773344636	0.77334249
2975	0.773342371	0.773342133
2977	0.773342371	0.773342311
2979	0.773343682	0.773341835
2981	0.773344874	0.773343325
2983	0.773343623	0.773340642
2985	0.773343861	0.773343384
2987	0.773342848	0.773343742
2989	0.77334094	0.773342311
2991	0.773342609	0.77334255
2993	0.773342669	0.773342669
2995	0.773343146	0.773341835
2997	0.773344338	0.773342967
2999	0.773343325	0.773342788
3001	0.773343384	0.773344219
