0 0 0 34.6252 29.054
0 0.345949 0.289735 34.5647 28.8931
0.01 0.691294 0.577864 34.5045 28.7328
0.02 1.03604 0.864393 34.4447 28.5731
0.03 1.38019 1.14933 34.3852 28.4139
0.04 1.72375 1.43267 34.3261 28.2554
0.05 2.06671 1.71444 34.2674 28.0974
0.06 2.40909 1.99462 34.209 27.94
0.07 2.75089 2.27324 34.151 27.7832
0.08 3.09212 2.55029 34.0933 27.6269
0.09 3.43276 2.82578 34.036 27.4712
0.1 3.77284 3.09971 33.979 27.316
0.11 4.11234 3.3721 33.9224 27.1614
0.12 4.45129 3.64294 33.8661 27.0073
0.13 4.78967 3.91225 33.8101 26.8537
0.14 5.12749 4.18002 33.7545 26.7007
0.15 5.46476 4.44627 33.6992 26.5482
0.16 5.80148 4.71099 33.6442 26.3963
0.17 6.13764 4.97419 33.5896 26.2448
0.18 6.47327 5.23588 33.5352 26.0939
0.19 6.80835 5.49607 33.4812 25.9434
0.2 7.14289 5.75476 33.4275 25.7935
0.21 7.4769 6.01194 33.3742 25.6441
0.22 7.81038 6.26764 33.3211 25.4952
0.23 8.14332 6.52185 33.2683 25.3467
0.24 8.47574 6.77458 33.2159 25.1988
0.25 8.80764 7.02582 33.1637 25.0513
0.26 9.13902 7.2756 33.1119 24.9043
0.27 9.46988 7.52391 33.0604 24.7578
0.28 9.80023 7.77076 33.0091 24.6118
0.29 10.1301 8.01615 32.9582 24.4662
0.3 10.4594 8.26009 32.9075 24.3211
0.31 10.7882 8.50257 32.8571 24.1764
0.32 11.1165 8.74361 32.8071 24.0322
0.33 11.4444 8.98322 32.7573 23.8885
0.34 11.7717 9.22139 32.7078 23.7452
0.35 12.0985 9.45812 32.6585 23.6023
0.36 12.4249 9.69343 32.6096 23.4599
0.37 12.7507 9.92732 32.5609 23.3179
0.38 13.0761 10.1598 32.5125 23.1763
0.39 13.401 10.3908 32.4644 23.0352
0.4 13.7254 10.6205 32.4166 22.8945
0.41 14.0493 10.8487 32.369 22.7542
0.42 14.3727 11.0756 32.3217 22.6144
0.43 14.6957 11.301 32.2746 22.4749
0.44 15.0182 11.5251 32.2278 22.3359
0.45 15.3403 11.7477 32.1813 22.1973
0.46 15.6619 11.969 32.135 22.0591
0.47 15.983 12.1889 32.089 21.9212
0.48 16.3036 12.4075 32.0433 21.7838
0.49 16.6239 12.6246 31.9978 21.6468
0.5 16.9436 12.8404 31.9525 21.5101
0.51 17.2629 13.0548 31.9075 21.3739
0.52 17.5818 13.2679 31.8628 21.238
0.53 17.9002 13.4796 31.8183 21.1025
0.54 18.2181 13.6899 31.774 20.9674
0.55 18.5356 13.8989 31.73 20.8327
0.56 18.8527 14.1066 31.6862 20.6983
0.57 19.1694 14.3129 31.6427 20.5643
0.58 19.4856 14.5179 31.5994 20.4307
0.59 19.8014 14.7215 31.5563 20.2974
0.6 20.1167 14.9238 31.5134 20.1645
0.61 20.4316 15.1248 31.4708 20.032
0.62 20.7461 15.3245 31.4284 19.8998
0.63 21.0602 15.5228 31.3863 19.7679
0.64 21.3738 15.7198 31.3444 19.6364
0.65 21.6871 15.9155 31.3027 19.5053
0.66 21.9999 16.1099 31.2612 19.3745
0.67 22.3123 16.303 31.2199 19.244
0.68 22.6243 16.4948 31.1789 19.1139
0.69 22.9359 16.6853 31.1381 18.9841
0.7 23.2471 16.8745 31.0975 18.8546
0.71 23.5578 17.0624 31.0571 18.7254
0.72 23.8682 17.249 31.0169 18.5966
0.73 24.1782 17.4343 30.9769 18.4681
0.74 24.4877 17.6184 30.9372 18.34
0.75 24.7969 17.8011 30.8976 18.2121
0.76 25.1057 17.9826 30.8583 18.0846
0.77 25.4141 18.1628 30.8191 17.9573
0.78 25.7221 18.3418 30.7802 17.8304
0.79 26.0297 18.5194 30.7414 17.7038
0.8 26.3369 18.6958 30.7029 17.5775
0.81 26.6437 18.871 30.6646 17.4515
0.82 26.9502 19.0449 30.6264 17.3258
0.83 27.2563 19.2175 30.5885 17.2004
0.84 27.562 19.3889 30.5508 17.0753
0.85 27.8673 19.559 30.5132 16.9505
0.86 28.1722 19.7279 30.4758 16.826
0.87 28.4768 19.8955 30.4387 16.7017
0.88 28.781 20.0619 30.4017 16.5778
0.89 29.0848 20.2271 30.3649 16.4541
0.9 29.3883 20.391 30.3283 16.3307
0.91 29.6914 20.5537 30.2918 16.2076
0.92 29.9941 20.7152 30.2556 16.0848
0.93 30.2965 20.8754 30.2195 15.9622
0.94 30.5985 21.0344 30.1837 15.8399
0.95 30.9002 21.1922 30.148 15.7179
0.96 31.2015 21.3488 30.1124 15.5962
0.97 31.5024 21.5041 30.0771 15.4747
0.98 31.803 21.6583 30.0419 15.3535
0.99 32.1033 21.8112 30.0069 15.2326
1 32.4032 21.9629 29.9721 15.1119
1.01 32.7027 22.1134 29.9374 14.9914
1.02 33.0019 22.2627 29.903 14.8712
1.03 33.3008 22.4108 29.8687 14.7513
1.04 33.5993 22.5578 29.8345 14.6316
1.05 33.8975 22.7035 29.8005 14.5122
1.06 34.1953 22.848 29.7667 14.393
1.07 34.4928 22.9913 29.7331 14.2741
1.08 34.79 23.1335 29.6996 14.1554
1.09 35.0868 23.2745 29.6662 14.037
1.1 35.3833 23.4142 29.6331 13.9188
1.11 35.6795 23.5528 29.6001 13.8008
1.12 35.9753 23.6902 29.5672 13.6831
1.13 36.2708 23.8265 29.5345 13.5656
1.14 36.566 23.9616 29.502 13.4483
1.15 36.8608 24.0955 29.4696 13.3313
1.16 37.1554 24.2282 29.4374 13.2145
1.17 37.4496 24.3597 29.4053 13.0979
1.18 37.7435 24.4901 29.3733 12.9815
1.19 38.0371 24.6194 29.3416 12.8654
1.2 38.3303 24.7475 29.3099 12.7495
1.21 38.6233 24.8744 29.2784 12.6338
1.22 38.9159 25.0001 29.2471 12.5183
1.23 39.2082 25.1247 29.2159 12.4031
1.24 39.5002 25.2482 29.1849 12.288
1.25 39.7919 25.3705 29.154 12.1732
1.26 40.0833 25.4917 29.1232 12.0586
1.27 40.3744 25.6117 29.0926 11.9442
1.28 40.6651 25.7305 29.0621 11.83
1.29 40.9556 25.8483 29.0317 11.716
1.3 41.2458 25.9649 29.0015 11.6022
1.31 41.5356 26.0803 28.9715 11.4886
1.32 41.8252 26.1946 28.9415 11.3752
1.33 42.1145 26.3078 28.9117 11.2621
1.34 42.4034 26.4199 28.882 11.1491
1.35 42.6921 26.5308 28.8525 11.0363
1.36 42.9805 26.6406 28.8231 10.9237
1.37 43.2686 26.7493 28.7938 10.8113
1.38 43.5564 26.8568 28.7647 10.6991
1.39 43.8439 26.9633 28.7356 10.5871
1.4 44.1311 27.0686 28.7068 10.4753
1.41 44.418 27.1728 28.678 10.3636
1.42 44.7046 27.2758 28.6493 10.2522
1.43 44.991 27.3778 28.6208 10.1409
1.44 45.2771 27.4787 28.5924 10.0298
1.45 45.5628 27.5784 28.5641 9.91895
1.46 45.8483 27.677 28.536 9.80824
1.47 46.1336 27.7746 28.508 9.69771
1.48 46.4185 27.871 28.48 9.58735
1.49 46.7032 27.9663 28.4522 9.47718
1.5 46.9875 28.0605 28.4246 9.36718
1.51 47.2717 28.1537 28.397 9.25735
1.52 47.5555 28.2457 28.3695 9.1477
1.53 47.839 28.3366 28.3422 9.03822
1.54 48.1223 28.4265 28.315 8.92891
1.55 48.4053 28.5152 28.2879 8.81977
1.56 48.6881 28.6028 28.2609 8.71079
1.57 48.9706 28.6894 28.234 8.60199
1.58 49.2528 28.7749 28.2072 8.49335
1.59 49.5347 28.8593 28.1805 8.38487
1.6 49.8164 28.9426 28.154 8.27656
1.61 50.0978 29.0248 28.1275 8.16841
1.62 50.3789 29.106 28.1012 8.06043
1.63 50.6598 29.186 28.0749 7.9526
1.64 50.9404 29.265 28.0488 7.84493
1.65 51.2208 29.3429 28.0227 7.73742
1.66 51.5009 29.4198 27.9968 7.63006
1.67 51.7807 29.4955 27.971 7.52286
1.68 52.0603 29.5702 27.9452 7.41582
1.69 52.3396 29.6438 27.9196 7.30892
1.7 52.6187 29.7164 27.894 7.20218
1.71 52.8975 29.7879 27.8686 7.09559
1.72 53.1761 29.8583 27.8433 6.98915
1.73 53.4544 29.9277 27.818 6.88286
1.74 53.7324 29.996 27.7928 6.77672
1.75 54.0102 30.0632 27.7678 6.67073
1.76 54.2878 30.1294 27.7428 6.56488
1.77 54.5651 30.1945 27.7179 6.45917
1.78 54.8421 30.2586 27.6932 6.35361
1.79 55.119 30.3216 27.6685 6.24819
1.8 55.3955 30.3835 27.6439 6.14292
1.81 55.6718 30.4444 27.6194 6.03778
1.82 55.9479 30.5043 27.5949 5.93279
1.83 56.2237 30.5631 27.5706 5.82793
1.84 56.4993 30.6208 27.5463 5.72322
1.85 56.7747 30.6776 27.5222 5.61863
1.86 57.0498 30.7332 27.4981 5.51419
1.87 57.3246 30.7878 27.4741 5.40988
1.88 57.5992 30.8414 27.4502 5.30571
1.89 57.8736 30.894 27.4263 5.20167
1.9 58.1478 30.9454 27.4026 5.09776
1.91 58.4217 30.9959 27.3789 4.99399
1.92 58.6953 31.0453 27.3553 4.89035
1.93 58.9688 31.0937 27.3318 4.78683
1.94 59.242 31.1411 27.3084 4.68345
1.95 59.5149 31.1874 27.285 4.5802
1.96 59.7877 31.2327 27.2617 4.47707
1.97 60.0602 31.2769 27.2385 4.37407
1.98 60.3325 31.3202 27.2154 4.2712
1.99 60.6045 31.3624 27.1923 4.16845
2 60.8763 31.4035 27.1694 4.06583
2.01 61.1479 31.4437 27.1464 3.96333
2.02 61.4192 31.4828 27.1236 3.86096
2.03 61.6903 31.5209 27.1008 3.75871
2.04 61.9612 31.558 27.0781 3.65658
2.05 62.2319 31.594 27.0555 3.55457
2.06 62.5024 31.6291 27.033 3.45269
2.07 62.7726 31.6631 27.0105 3.35092
2.08 63.0426 31.6961 26.988 3.24928
2.09 63.3123 31.7281 26.9657 3.14775
2.1 63.5819 31.759 26.9434 3.04634
2.11 63.8512 31.789 26.9212 2.94505
2.12 64.1203 31.8179 26.899 2.84387
2.13 64.3892 31.8459 26.8769 2.74281
2.14 64.6578 31.8728 26.8549 2.64187
2.15 64.9263 31.8987 26.8329 2.54104
2.16 65.1945 31.9236 26.811 2.44033
2.17 65.4625 31.9475 26.7891 2.33973
2.18 65.7303 31.9704 26.7673 2.23924
2.19 65.9978 31.9923 26.7456 2.13887
2.2 66.2652 32.0132 26.7239 2.03861
2.21 66.5323 32.0331 26.7023 1.93846
2.22 66.7992 32.052 26.6807 1.83843
2.23 67.0659 32.0698 26.6592 1.7385
2.24 67.3324 32.0867 26.6378 1.63868
2.25 67.5987 32.1026 26.6164 1.53898
2.26 67.8648 32.1175 26.595 1.43938
2.27 68.1306 32.1314 26.5738 1.33989
2.28 68.3962 32.1443 26.5525 1.24051
2.29 68.6616 32.1562 26.5313 1.14124
2.3 68.9269 32.1671 26.5102 1.04208
2.31 69.1918 32.1771 26.4891 0.943019
2.32 69.4566 32.186 26.4681 0.844068
2.33 69.7212 32.1939 26.4471 0.745224
2.34 69.9856 32.2009 26.4262 0.646486
2.35 70.2497 32.2069 26.4053 0.547853
2.36 70.5137 32.2118 26.3845 0.449325
2.37 70.7774 32.2158 26.3637 0.350902
2.38 71.041 32.2189 26.3429 0.252584
2.39 71.3043 32.2209 26.3222 0.154369
2.4 71.5674 32.222 26.3016 0.0562581
2.41 71.8303 32.222 26.2809 -0.0417495
2.42 72.093 32.2211 26.2604 -0.139654
2.43 72.3555 32.2192 26.2398 -0.237456
2.44 72.6178 32.2164 26.2194 -0.335156
2.45 72.8799 32.2125 26.1989 -0.432753
2.46 73.1418 32.2077 26.1785 -0.530249
2.47 73.4035 32.2019 26.1581 -0.627643
2.48 73.665 32.1952 26.1378 -0.724936
2.49 73.9262 32.1874 26.1175 -0.822128
2.5 74.1873 32.1787 26.0973 -0.919219
2.51 74.4482 32.169 26.0771 -1.01621
2.52 74.7089 32.1584 26.0569 -1.1131
2.53 74.9693 32.1468 26.0367 -1.20989
2.54 75.2296 32.1342 26.0166 -1.30658
2.55 75.4897 32.1207 25.9966 -1.40317
2.56 75.7495 32.1061 25.9765 -1.49967
2.57 76.0092 32.0907 25.9565 -1.59606
2.58 76.2686 32.0742 25.9366 -1.69235
2.59 76.5279 32.0568 25.9166 -1.78855
2.6 76.787 32.0384 25.8967 -1.88464
2.61 77.0459 32.0191 25.8769 -1.98064
2.62 77.3045 31.9988 25.857 -2.07654
2.63 77.563 31.9776 25.8372 -2.17234
2.64 77.8213 31.9554 25.8174 -2.26804
2.65 78.0793 31.9322 25.7977 -2.36365
2.66 78.3372 31.9081 25.778 -2.45916
2.67 78.5949 31.883 25.7583 -2.55457
2.68 78.8524 31.857 25.7386 -2.64988
2.69 79.1097 31.83 25.7189 -2.74509
2.7 79.3668 31.8021 25.6993 -2.84021
2.71 79.6237 31.7732 25.6797 -2.93523
2.72 79.8804 31.7434 25.6602 -3.03015
2.73 80.1369 31.7126 25.6406 -3.12498
2.74 80.3932 31.6809 25.6211 -3.21971
2.75 80.6493 31.6482 25.6016 -3.31434
2.76 80.9052 31.6146 25.5821 -3.40887
2.77 81.1609 31.5801 25.5627 -3.50331
2.78 81.4165 31.5446 25.5433 -3.59765
2.79 81.6718 31.5081 25.5239 -3.69189
2.8 81.9269 31.4707 25.5045 -3.78604
2.81 82.1819 31.4324 25.4851 -3.88009
2.82 82.4366 31.3931 25.4658 -3.97404
2.83 82.6912 31.3529 25.4464 -4.0679
2.84 82.9456 31.3118 25.4271 -4.16166
2.85 83.1997 31.2697 25.4079 -4.25532
2.86 83.4537 31.2267 25.3886 -4.34888
2.87 83.7075 31.1827 25.3693 -4.44235
2.88 83.9611 31.1378 25.3501 -4.53572
2.89 84.2145 31.092 25.3309 -4.629
2.9 84.4677 31.0452 25.3117 -4.72217
2.91 84.7207 30.9975 25.2925 -4.81525
2.92 84.9736 30.9489 25.2733 -4.90823
2.93 85.2262 30.8994 25.2541 -5.00112
2.94 85.4787 30.8489 25.235 -5.09391
2.95 85.7309 30.7975 25.2159 -5.1866
2.96 85.983 30.7452 25.1967 -5.27919
2.97 86.2348 30.6919 25.1776 -5.37168
2.98 86.4865 30.6377 25.1585 -5.46408
2.99 86.738 30.5826 25.1395 -5.55638
3 86.9893 30.5266 25.1204 -5.64858
3.01 87.2404 30.4697 25.1013 -5.74068
3.02 87.4913 30.4118 25.0823 -5.83269
3.03 87.7421 30.353 25.0632 -5.92459
3.04 87.9926 30.2933 25.0442 -6.0164
3.05 88.243 30.2327 25.0252 -6.10811
3.06 88.4931 30.1712 25.0062 -6.19972
3.07 88.7431 30.1087 24.9872 -6.29123
3.08 88.9929 30.0453 24.9682 -6.38264
3.09 89.2424 29.981 24.9492 -6.47395
3.1 89.4918 29.9158 24.9302 -6.56517
3.11 89.741 29.8497 24.9112 -6.65628
3.12 89.9901 29.7827 24.8923 -6.7473
3.13 90.2389 29.7148 24.8733 -6.83821
3.14 90.4875 29.646 24.8544 -6.92902
3.15 90.736 29.5762 24.8354 -7.01974
3.16 90.9842 29.5056 24.8165 -7.11035
3.17 91.2323 29.434 24.7975 -7.20086
3.18 91.4802 29.3615 24.7786 -7.29127
3.19 91.7279 29.2882 24.7596 -7.38158
3.2 91.9754 29.2139 24.7407 -7.47179
3.21 92.2227 29.1387 24.7218 -7.5619
3.22 92.4698 29.0627 24.7029 -7.65191
3.23 92.7168 28.9857 24.6839 -7.74181
3.24 92.9635 28.9078 24.665 -7.83161
3.25 93.2101 28.8291 24.6461 -7.92131
3.26 93.4564 28.7494 24.6272 -8.01091
3.27 93.7026 28.6689 24.6083 -8.1004
3.28 93.9486 28.5874 24.5894 -8.18979
3.29 94.1944 28.5051 24.5704 -8.27908
3.3 94.44 28.4218 24.5515 -8.36826
3.31 94.6854 28.3377 24.5326 -8.45734
3.32 94.9306 28.2527 24.5137 -8.54632
3.33 95.1757 28.1668 24.4948 -8.63519
3.34 95.4205 28.08 24.4759 -8.72395
3.35 95.6652 27.9923 24.457 -8.81261
3.36 95.9097 27.9037 24.438 -8.90117
3.37 96.154 27.8143 24.4191 -8.98962
3.38 96.3981 27.7239 24.4002 -9.07797
3.39 96.642 27.6327 24.3813 -9.1662
3.4 96.8857 27.5406 24.3624 -9.25434
3.41 97.1292 27.4476 24.3434 -9.34236
3.42 97.3726 27.3538 24.3245 -9.43028
3.43 97.6157 27.259 24.3056 -9.51809
3.44 97.8587 27.1634 24.2866 -9.6058
3.45 98.1014 27.0669 24.2677 -9.6934
3.46 98.344 26.9695 24.2487 -9.78089
3.47 98.5864 26.8713 24.2298 -9.86827
3.48 98.8286 26.7722 24.2108 -9.95554
3.49 99.0706 26.6722 24.1919 -10.0427
3.5 99.3125 26.5713 24.1729 -10.1298
3.51 99.5541 26.4696 24.1539 -10.2167
3.52 99.7955 26.367 24.1349 -10.3035
3.53 100.037 26.2635 24.116 -10.3903
3.54 100.278 26.1592 24.097 -10.4769
3.55 100.519 26.054 24.078 -10.5634
3.56 100.759 25.9479 24.059 -10.6498
3.57 101 25.841 24.04 -10.7361
3.58 101.24 25.7332 24.0209 -10.8222
3.59 101.48 25.6245 24.0019 -10.9083
3.6 101.72 25.515 23.9829 -10.9942
3.61 101.96 25.4047 23.9639 -11.0801
3.62 102.2 25.2934 23.9448 -11.1658
3.63 102.439 25.1813 23.9258 -11.2514
3.64 102.678 25.0684 23.9067 -11.3369
3.65 102.917 24.9546 23.8876 -11.4223
3.66 103.156 24.84 23.8686 -11.5075
3.67 103.394 24.7244 23.8495 -11.5927
3.68 103.633 24.6081 23.8304 -11.6777
3.69 103.871 24.4909 23.8113 -11.7626
3.7 104.109 24.3728 23.7922 -11.8474
3.71 104.347 24.2539 23.7731 -11.9321
3.72 104.584 24.1342 23.7539 -12.0167
3.73 104.822 24.0136 23.7348 -12.1012
3.74 105.059 23.8922 23.7157 -12.1855
3.75 105.296 23.7699 23.6965 -12.2697
3.76 105.533 23.6468 23.6773 -12.3538
3.77 105.77 23.5228 23.6582 -12.4378
3.78 106.006 23.398 23.639 -12.5217
3.79 106.243 23.2724 23.6198 -12.6054
3.8 106.479 23.1459 23.6006 -12.6891
3.81 106.715 23.0186 23.5814 -12.7726
3.82 106.95 22.8905 23.5622 -12.856
3.83 107.186 22.7615 23.5429 -12.9392
3.84 107.421 22.6317 23.5237 -13.0224
3.85 107.656 22.501 23.5044 -13.1054
3.86 107.891 22.3696 23.4852 -13.1884
3.87 108.126 22.2373 23.4659 -13.2711
3.88 108.361 22.1042 23.4466 -13.3538
3.89 108.595 21.9702 23.4273 -13.4364
3.9 108.829 21.8354 23.408 -13.5188
3.91 109.063 21.6998 23.3887 -13.6011
3.92 109.297 21.5634 23.3693 -13.6833
3.93 109.53 21.4262 23.35 -13.7653
3.94 109.764 21.2881 23.3306 -13.8473
3.95 109.997 21.1492 23.3113 -13.9291
3.96 110.23 21.0095 23.2919 -14.0108
3.97 110.463 20.869 23.2725 -14.0923
3.98 110.696 20.7277 23.2531 -14.1738
3.99 110.928 20.5855 23.2337 -14.2551
4 111.16 20.4426 23.2143 -14.3363
4.01 111.392 20.2988 23.1948 -14.4173
4.02 111.624 20.1542 23.1754 -14.4983
4.03 111.856 20.0088 23.1559 -14.5791
4.04 112.087 19.8626 23.1364 -14.6598
4.05 112.318 19.7156 23.117 -14.7403
4.06 112.55 19.5678 23.0975 -14.8208
4.07 112.78 19.4192 23.078 -14.9011
4.08 113.011 19.2698 23.0584 -14.9813
4.09 113.242 19.1196 23.0389 -15.0613
4.1 113.472 18.9686 23.0194 -15.1412
4.11 113.702 18.8168 22.9998 -15.221
4.12 113.932 18.6642 22.9802 -15.3007
4.13 114.162 18.5108 22.9607 -15.3802
4.14 114.391 18.3566 22.9411 -15.4596
4.15 114.62 18.2016 22.9215 -15.5389
4.16 114.85 18.0458 22.9018 -15.618
4.17 115.078 17.8892 22.8822 -15.697
4.18 115.307 17.7318 22.8626 -15.7759
4.19 115.536 17.5737 22.8429 -15.8547
4.2 115.764 17.4148 22.8233 -15.9333
4.21 115.992 17.255 22.8036 -16.0118
4.22 116.22 17.0945 22.7839 -16.0901
4.23 116.448 16.9332 22.7642 -16.1684
4.24 116.675 16.7712 22.7445 -16.2464
4.25 116.903 16.6083 22.7247 -16.3244
4.26 117.13 16.4447 22.705 -16.4022
4.27 117.357 16.2803 22.6853 -16.4799
4.28 117.584 16.1151 22.6655 -16.5575
4.29 117.81 15.9491 22.6457 -16.6349
4.3 118.037 15.7824 22.6259 -16.7122
4.31 118.263 15.6149 22.6061 -16.7893
4.32 118.489 15.4466 22.5863 -16.8664
4.33 118.714 15.2775 22.5665 -16.9433
4.34 118.94 15.1077 22.5467 -17.02
4.35 119.165 14.9371 22.5268 -17.0966
4.36 119.391 14.7658 22.507 -17.1731
4.37 119.615 14.5937 22.4871 -17.2494
4.38 119.84 14.4208 22.4672 -17.3256
4.39 120.065 14.2472 22.4473 -17.4017
4.4 120.289 14.0728 22.4274 -17.4776
4.41 120.513 13.8976 22.4075 -17.5534
4.42 120.737 13.7217 22.3875 -17.6291
4.43 120.961 13.545 22.3676 -17.7046
4.44 121.185 13.3676 22.3477 -17.78
4.45 121.408 13.1894 22.3277 -17.8552
4.46 121.631 13.0105 22.3077 -17.9303
4.47 121.854 12.8308 22.2877 -18.0053
4.48 122.077 12.6504 22.2677 -18.0801
4.49 122.3 12.4692 22.2477 -18.1548
4.5 122.522 12.2873 22.2277 -18.2294
4.51 122.744 12.1046 22.2077 -18.3038
4.52 122.966 11.9212 22.1876 -18.378
4.53 123.188 11.7371 22.1676 -18.4522
4.54 123.409 11.5522 22.1475 -18.5262
4.55 123.631 11.3666 22.1274 -18.6
4.56 123.852 11.1802 22.1073 -18.6737
4.57 124.073 10.9931 22.0872 -18.7473
4.58 124.294 10.8052 22.0671 -18.8207
4.59 124.514 10.6167 22.047 -18.894
4.6 124.735 10.4274 22.0269 -18.9671
4.61 124.955 10.2373 22.0067 -19.0401
4.62 125.175 10.0466 21.9866 -19.113
4.63 125.395 9.85506 21.9664 -19.1857
4.64 125.614 9.66284 21.9462 -19.2583
4.65 125.834 9.4699 21.926 -19.3307
4.66 126.053 9.27623 21.9058 -19.403
4.67 126.272 9.08184 21.8856 -19.4751
4.68 126.49 8.88673 21.8654 -19.5471
4.69 126.709 8.6909 21.8452 -19.619
4.7 126.927 8.49435 21.825 -19.6907
4.71 127.145 8.29708 21.8047 -19.7623
4.72 127.363 8.0991 21.7845 -19.8337
4.73 127.581 7.90041 21.7642 -19.905
4.74 127.799 7.701 21.7439 -19.9761
4.75 128.016 7.50089 21.7236 -20.0471
4.76 128.233 7.30006 21.7034 -20.118
4.77 128.45 7.09853 21.6831 -20.1887
4.78 128.667 6.89629 21.6627 -20.2592
4.79 128.883 6.69334 21.6424 -20.3296
4.8 129.1 6.4897 21.6221 -20.3999
4.81 129.316 6.28535 21.6018 -20.47
4.82 129.532 6.0803 21.5814 -20.54
4.83 129.747 5.87455 21.5611 -20.6098
4.84 129.963 5.6681 21.5407 -20.6795
4.85 130.178 5.46096 21.5203 -20.749
4.86 130.393 5.25312 21.4999 -20.8184
4.87 130.608 5.04459 21.4796 -20.8877
4.88 130.823 4.83537 21.4592 -20.9568
4.89 131.037 4.62545 21.4388 -21.0257
4.9 131.252 4.41485 21.4184 -21.0945
4.91 131.466 4.20356 21.3979 -21.1632
4.92 131.68 3.99159 21.3775 -21.2317
4.93 131.893 3.77893 21.3571 -21.3001
4.94 132.107 3.56559 21.3366 -21.3683
4.95 132.32 3.35157 21.3162 -21.4363
4.96 132.533 3.13686 21.2957 -21.5043
4.97 132.746 2.92148 21.2753 -21.572
4.98 132.959 2.70542 21.2548 -21.6396
4.99 133.171 2.48869 21.2343 -21.7071
5 133.383 2.27128 21.2138 -21.7744
5.01 133.595 2.0532 21.1933 -21.8416
5.02 133.807 1.83445 21.1728 -21.9087
5.03 134.019 1.61503 21.1523 -21.9755
5.04 134.23 1.39494 21.1318 -22.0423
5.05 134.441 1.17418 21.1113 -22.1088
5.06 134.652 0.952763 21.0908 -22.1753
5.07 134.863 0.730678 21.0703 -22.2416
5.08 135.074 0.507932 21.0497 -22.3077
5.09 135.284 0.284525 21.0292 -22.3737
5.1 135.494 0.0604586 21.0086 -22.4395
5.11 135.704 -0.164265 20.9881 -22.5052
