0 0 0 22.6 39.1443
0 0.225856 0.390599 22.5712 38.9756
0.01 0.451425 0.779514 22.5426 38.8074
0.02 0.67671 1.16675 22.5142 38.6399
0.03 0.90171 1.55231 22.486 38.4729
0.04 1.12643 1.93621 22.4579 38.3065
0.05 1.35087 2.31844 22.4299 38.1406
0.06 1.57503 2.69902 22.4021 37.9753
0.07 1.79891 3.07795 22.3745 37.8106
0.08 2.02252 3.45524 22.3471 37.6464
0.09 2.24585 3.83088 22.3198 37.4828
0.1 2.46892 4.2049 22.2926 37.3197
0.11 2.69171 4.57728 22.2656 37.1572
0.12 2.91423 4.94804 22.2388 36.9952
0.13 3.13648 5.31719 22.2121 36.8338
0.14 3.35847 5.68472 22.1856 36.6729
0.15 3.5802 6.05065 22.1592 36.5125
0.16 3.80166 6.41497 22.133 36.3526
0.17 4.02286 6.7777 22.107 36.1933
0.18 4.2438 7.13884 22.081 36.0344
0.19 4.46448 7.49839 22.0553 35.8761
0.2 4.6849 7.85636 22.0296 35.7183
0.21 4.90507 8.21276 22.0041 35.561
0.22 5.12499 8.56758 21.9788 35.4041
0.23 5.34465 8.92084 21.9536 35.2478
0.24 5.56406 9.27254 21.9286 35.092
0.25 5.78322 9.62268 21.9036 34.9367
0.26 6.00213 9.97127 21.8789 34.7818
0.27 6.2208 10.3183 21.8543 34.6274
0.28 6.43922 10.6638 21.8298 34.4735
0.29 6.65739 11.0078 21.8054 34.3201
0.3 6.87533 11.3502 21.7812 34.1671
0.31 7.09302 11.6911 21.7571 34.0147
0.32 7.31047 12.0305 21.7332 33.8626
0.33 7.52768 12.3684 21.7094 33.7111
0.34 7.74466 12.7047 21.6857 33.5599
0.35 7.9614 13.0396 21.6622 33.4093
0.36 8.1779 13.3729 21.6388 33.2591
0.37 8.39417 13.7048 21.6155 33.1093
0.38 8.61021 14.0351 21.5923 32.96
0.39 8.82602 14.364 21.5693 32.8111
0.4 9.0416 14.6913 21.5464 32.6627
0.41 9.25695 15.0172 21.5237 32.5146
0.42 9.47207 15.3416 21.501 32.3671
0.43 9.68697 15.6646 21.4785 32.2199
0.44 9.90164 15.986 21.4562 32.0732
0.45 10.1161 16.306 21.4339 31.9269
0.46 10.3303 16.6246 21.4118 31.781
0.47 10.5443 16.9417 21.3898 31.6355
0.48 10.7581 17.2573 21.3679 31.4904
0.49 10.9717 17.5715 21.3461 31.3457
0.5 11.185 17.8842 21.3245 31.2015
0.51 11.3982 18.1955 21.303 31.0576
0.52 11.6111 18.5054 21.2815 30.9141
0.53 11.8238 18.8138 21.2603 30.7711
0.54 12.0363 19.1208 21.2391 30.6284
0.55 12.2486 19.4264 21.2181 30.4861
0.56 12.4607 19.7305 21.1971 30.3442
0.57 12.6725 20.0332 21.1763 30.2027
0.58 12.8842 20.3346 21.1556 30.0615
0.59 13.0956 20.6345 21.135 29.9208
0.6 13.3069 20.933 21.1145 29.7804
0.61 13.5179 21.2301 21.0942 29.6404
0.62 13.7288 21.5258 21.0739 29.5008
0.63 13.9394 21.8201 21.0538 29.3615
0.64 14.1499 22.113 21.0338 29.2226
0.65 14.3601 22.4045 21.0139 29.084
0.66 14.5701 22.6947 20.9941 28.9459
0.67 14.78 22.9835 20.9744 28.808
0.68 14.9896 23.2709 20.9548 28.6705
0.69 15.1991 23.5569 20.9353 28.5334
0.7 15.4083 23.8415 20.9159 28.3966
0.71 15.6174 24.1248 20.8967 28.2602
0.72 15.8263 24.4067 20.8775 28.1241
0.73 16.0349 24.6873 20.8585 27.9884
0.74 16.2434 24.9665 20.8395 27.853
0.75 16.4517 25.2444 20.8207 27.7179
0.76 16.6598 25.5209 20.8019 27.5832
0.77 16.8678 25.796 20.7833 27.4488
0.78 17.0755 26.0698 20.7648 27.3147
0.79 17.2831 26.3423 20.7463 27.181
0.8 17.4904 26.6135 20.728 27.0475
0.81 17.6976 26.8833 20.7098 26.9144
0.82 17.9046 27.1517 20.6916 26.7816
0.83 18.1115 27.4189 20.6736 26.6492
0.84 18.3181 27.6847 20.6557 26.517
0.85 18.5246 27.9492 20.6378 26.3852
0.86 18.7309 28.2124 20.6201 26.2537
0.87 18.937 28.4743 20.6025 26.1224
0.88 19.1429 28.7349 20.5849 25.9915
0.89 19.3487 28.9941 20.5675 25.8609
0.9 19.5543 29.2521 20.5501 25.7306
0.91 19.7597 29.5088 20.5329 25.6006
0.92 19.9649 29.7641 20.5157 25.4709
0.93 20.17 30.0182 20.4986 25.3415
0.94 20.3749 30.2709 20.4817 25.2123
0.95 20.5796 30.5224 20.4648 25.0835
0.96 20.7842 30.7726 20.448 24.955
0.97 20.9886 31.0215 20.4313 24.8267
0.98 21.1928 31.2692 20.4147 24.6987
0.99 21.3969 31.5155 20.3982 24.571
1 21.6008 31.7606 20.3817 24.4436
1.01 21.8045 32.0044 20.3654 24.3165
1.02 22.0081 32.2469 20.3492 24.1896
1.03 22.2115 32.4882 20.333 24.063
1.04 22.4147 32.7282 20.3169 23.9367
1.05 22.6178 32.9669 20.301 23.8107
1.06 22.8208 33.2044 20.2851 23.6849
1.07 23.0235 33.4406 20.2693 23.5594
1.08 23.2261 33.6756 20.2535 23.4341
1.09 23.4286 33.9093 20.2379 23.3091
1.1 23.6309 34.1418 20.2223 23.1844
1.11 23.8331 34.373 20.2069 23.0599
1.12 24.035 34.603 20.1915 22.9357
1.13 24.2369 34.8317 20.1762 22.8118
1.14 24.4386 35.0592 20.161 22.6881
1.15 24.6401 35.2855 20.1459 22.5646
1.16 24.8415 35.5105 20.1308 22.4414
1.17 25.0427 35.7343 20.1159 22.3184
1.18 25.2438 35.9569 20.101 22.1957
1.19 25.4447 36.1782 20.0862 22.0733
1.2 25.6455 36.3983 20.0715 21.951
1.21 25.8462 36.6172 20.0568 21.829
1.22 26.0467 36.8349 20.0423 21.7073
1.23 26.247 37.0514 20.0278 21.5858
1.24 26.4472 37.2666 20.0134 21.4645
1.25 26.6473 37.4807 19.9991 21.3435
1.26 26.8472 37.6935 19.9848 21.2226
1.27 27.047 37.9051 19.9707 21.1021
1.28 27.2466 38.1155 19.9566 20.9817
1.29 27.4461 38.3247 19.9426 20.8616
1.3 27.6455 38.5328 19.9286 20.7417
1.31 27.8447 38.7396 19.9148 20.622
1.32 28.0438 38.9452 19.901 20.5025
1.33 28.2427 39.1496 19.8873 20.3833
1.34 28.4415 39.3529 19.8737 20.2642
1.35 28.6402 39.5549 19.8601 20.1454
1.36 28.8387 39.7558 19.8466 20.0268
1.37 29.0371 39.9555 19.8332 19.9085
1.38 29.2354 40.1539 19.8199 19.7903
1.39 29.4335 40.3513 19.8066 19.6723
1.4 29.6315 40.5474 19.7934 19.5546
1.41 29.8294 40.7424 19.7803 19.437
1.42 30.0271 40.9361 19.7673 19.3197
1.43 30.2247 41.1287 19.7543 19.2025
1.44 30.4222 41.3202 19.7414 19.0856
1.45 30.6196 41.5105 19.7286 18.9689
1.46 30.8168 41.6996 19.7158 18.8523
1.47 31.0139 41.8875 19.7031 18.736
1.48 31.2108 42.0743 19.6905 18.6198
1.49 31.4077 42.2599 19.6779 18.5039
1.5 31.6044 42.4444 19.6655 18.3881
1.51 31.801 42.6277 19.653 18.2726
1.52 31.9975 42.8098 19.6407 18.1572
1.53 32.1938 42.9908 19.6284 18.042
1.54 32.39 43.1707 19.6162 17.927
1.55 32.5861 43.3493 19.6041 17.8122
1.56 32.7821 43.5269 19.592 17.6976
1.57 32.978 43.7033 19.58 17.5831
1.58 33.1737 43.8786 19.568 17.4688
1.59 33.3693 44.0527 19.5562 17.3547
1.6 33.5648 44.2257 19.5443 17.2408
1.61 33.7602 44.3975 19.5326 17.1271
1.62 33.9555 44.5682 19.5209 17.0136
1.63 34.1506 44.7378 19.5093 16.9002
1.64 34.3457 44.9062 19.4977 16.787
1.65 34.5406 45.0735 19.4862 16.6739
1.66 34.7354 45.2397 19.4748 16.5611
1.67 34.9301 45.4047 19.4635 16.4484
1.68 35.1247 45.5687 19.4522 16.3358
1.69 35.3191 45.7314 19.4409 16.2235
1.7 35.5135 45.8931 19.4297 16.1113
1.71 35.7077 46.0537 19.4186 15.9992
1.72 35.9019 46.2131 19.4076 15.8874
1.73 36.0959 46.3714 19.3966 15.7757
1.74 36.2898 46.5286 19.3856 15.6641
1.75 36.4836 46.6847 19.3748 15.5527
1.76 36.6773 46.8397 19.3639 15.4415
1.77 36.8709 46.9935 19.3532 15.3304
1.78 37.0643 47.1463 19.3425 15.2195
1.79 37.2577 47.2979 19.3319 15.1087
1.8 37.451 47.4485 19.3213 14.9981
1.81 37.6441 47.5979 19.3108 14.8876
1.82 37.8372 47.7462 19.3003 14.7773
1.83 38.0301 47.8934 19.2899 14.6672
1.84 38.223 48.0396 19.2795 14.5571
1.85 38.4157 48.1846 19.2693 14.4473
1.86 38.6084 48.3285 19.259 14.3375
1.87 38.8009 48.4713 19.2488 14.228
1.88 38.9934 48.6131 19.2387 14.1185
1.89 39.1857 48.7537 19.2287 14.0092
1.9 39.3779 48.8932 19.2186 13.9001
1.91 39.5701 49.0317 19.2087 13.791
1.92 39.7621 49.1691 19.1988 13.6821
1.93 39.954 49.3053 19.1889 13.5734
1.94 40.1459 49.4405 19.1792 13.4648
1.95 40.3376 49.5746 19.1694 13.3563
1.96 40.5293 49.7077 19.1597 13.248
1.97 40.7208 49.8396 19.1501 13.1398
1.98 40.9123 49.9705 19.1405 13.0317
1.99 41.1036 50.1002 19.131 12.9238
2 41.2949 50.2289 19.1215 12.8159
2.01 41.4861 50.3566 19.1121 12.7082
2.02 41.6771 50.4831 19.1027 12.6007
2.03 41.8681 50.6086 19.0934 12.4932
2.04 42.059 50.733 19.0841 12.3859
2.05 42.2498 50.8563 19.0749 12.2787
2.06 42.4405 50.9785 19.0657 12.1717
2.07 42.6311 51.0997 19.0566 12.0647
2.08 42.8216 51.2198 19.0476 11.9579
2.09 43.0121 51.3389 19.0385 11.8512
2.1 43.2024 51.4569 19.0296 11.7446
2.11 43.3927 51.5738 19.0206 11.6382
2.12 43.5828 51.6896 19.0118 11.5318
2.13 43.7729 51.8044 19.0029 11.4256
2.14 43.9629 51.9181 18.9942 11.3195
2.15 44.1528 52.0308 18.9854 11.2134
2.16 44.3426 52.1424 18.9768 11.1076
2.17 44.5323 52.253 18.9681 11.0018
2.18 44.7219 52.3624 18.9595 10.8961
2.19 44.9115 52.4709 18.951 10.7905
2.2 45.101 52.5783 18.9425 10.6851
2.21 45.2904 52.6846 18.934 10.5797
2.22 45.4796 52.7898 18.9256 10.4745
2.23 45.6689 52.8941 18.9173 10.3694
2.24 45.858 52.9972 18.9089 10.2643
2.25 46.047 53.0994 18.9007 10.1594
2.26 46.236 53.2004 18.8924 10.0546
2.27 46.4249 53.3004 18.8843 9.94986
2.28 46.6137 53.3994 18.8761 9.84524
2.29 46.8024 53.4973 18.868 9.74072
2.3 46.9911 53.5942 18.86 9.6363
2.31 47.1796 53.6901 18.8519 9.53197
2.32 47.3681 53.7849 18.844 9.42775
2.33 47.5565 53.8786 18.836 9.32362
2.34 47.7448 53.9713 18.8281 9.21959
2.35 47.9331 54.063 18.8203 9.11565
2.36 48.1212 54.1537 18.8125 9.01181
2.37 48.3093 54.2433 18.8047 8.90805
2.38 48.4973 54.3318 18.797 8.8044
2.39 48.6852 54.4193 18.7893 8.70083
2.4 48.8731 54.5058 18.7817 8.59735
2.41 49.0609 54.5913 18.774 8.49396
2.42 49.2486 54.6757 18.7665 8.39067
2.43 49.4362 54.7591 18.7589 8.28745
2.44 49.6238 54.8415 18.7514 8.18433
2.45 49.8112 54.9228 18.744 8.08129
2.46 49.9986 55.0031 18.7366 7.97834
2.47 50.186 55.0824 18.7292 7.87548
2.48 50.3732 55.1606 18.7218 7.77269
2.49 50.5604 55.2378 18.7145 7.67
2.5 50.7475 55.314 18.7072 7.56738
2.51 50.9345 55.3892 18.7 7.46484
2.52 51.1215 55.4633 18.6928 7.36239
2.53 51.3084 55.5364 18.6856 7.26002
2.54 51.4952 55.6085 18.6785 7.15772
2.55 51.682 55.6796 18.6714 7.05551
2.56 51.8687 55.7496 18.6643 6.95337
2.57 52.0553 55.8186 18.6573 6.85131
2.58 52.2418 55.8866 18.6503 6.74932
2.59 52.4283 55.9536 18.6433 6.64742
2.6 52.6147 56.0196 18.6364 6.54558
2.61 52.801 56.0845 18.6295 6.44382
2.62 52.9873 56.1485 18.6226 6.34214
2.63 53.1734 56.2114 18.6158 6.24053
2.64 53.3596 56.2733 18.609 6.13899
2.65 53.5456 56.3342 18.6022 6.03752
2.66 53.7316 56.394 18.5954 5.93612
2.67 53.9175 56.4529 18.5887 5.8348
2.68 54.1034 56.5107 18.582 5.73354
2.69 54.2892 56.5675 18.5754 5.63235
2.7 54.4749 56.6234 18.5688 5.53123
2.71 54.6606 56.6782 18.5621 5.43018
2.72 54.8461 56.732 18.5556 5.3292
2.73 55.0317 56.7848 18.549 5.22828
2.74 55.2171 56.8365 18.5425 5.12743
2.75 55.4025 56.8873 18.536 5.02664
2.76 55.5878 56.9371 18.5296 4.92592
2.77 55.7731 56.9858 18.5231 4.82527
2.78 55.9583 57.0336 18.5167 4.72468
2.79 56.1434 57.0803 18.5103 4.62415
2.8 56.3285 57.1261 18.5039 4.52368
2.81 56.5135 57.1708 18.4976 4.42328
2.82 56.6985 57.2145 18.4913 4.32293
2.83 56.8833 57.2573 18.485 4.22265
2.84 57.0682 57.299 18.4787 4.12243
2.85 57.2529 57.3397 18.4725 4.02227
2.86 57.4376 57.3794 18.4663 3.92217
2.87 57.6222 57.4181 18.4601 3.82213
2.88 57.8068 57.4559 18.4539 3.72214
2.89 57.9913 57.4926 18.4477 3.62222
2.9 58.1758 57.5283 18.4416 3.52235
2.91 58.3602 57.563 18.4355 3.42254
2.92 58.5445 57.5968 18.4294 3.32279
2.93 58.7287 57.6295 18.4233 3.22309
2.94 58.9129 57.6612 18.4172 3.12345
2.95 59.0971 57.692 18.4112 3.02386
2.96 59.2812 57.7217 18.4052 2.92433
2.97 59.4652 57.7504 18.3992 2.82486
2.98 59.6492 57.7782 18.3932 2.72544
2.99 59.8331 57.805 18.3872 2.62607
3 60.0169 57.8307 18.3813 2.52676
3.01 60.2007 57.8555 18.3753 2.4275
3.02 60.3844 57.8793 18.3694 2.32829
3.03 60.5681 57.9021 18.3635 2.22914
3.04 60.7517 57.9239 18.3576 2.13004
3.05 60.9352 57.9447 18.3518 2.03099
3.06 61.1187 57.9645 18.3459 1.93199
3.07 61.3021 57.9833 18.3401 1.83305
3.08 61.4855 58.0011 18.3342 1.73415
3.09 61.6688 58.018 18.3284 1.63531
3.1 61.8521 58.0338 18.3226 1.53652
3.11 62.0353 58.0487 18.3168 1.43778
3.12 62.2184 58.0626 18.311 1.33908
3.13 62.4015 58.0755 18.3053 1.24044
3.14 62.5845 58.0874 18.2995 1.14185
3.15 62.7675 58.0983 18.2938 1.04331
3.16 62.9504 58.1083 18.288 0.944817
3.17 63.1332 58.1172 18.2823 0.846373
3.18 63.316 58.1252 18.2766 0.747979
3.19 63.4988 58.1322 18.2709 0.649634
3.2 63.6815 58.1382 18.2651 0.551338
3.21 63.8641 58.1432 18.2595 0.453091
3.22 64.0466 58.1473 18.2538 0.354892
3.23 64.2292 58.1503 18.2481 0.256741
3.24 64.4116 58.1524 18.2424 0.158639
3.25 64.594 58.1535 18.2367 0.0605854
3.26 64.7763 58.1536 18.2311 -0.0374203
3.27 64.9586 58.1527 18.2254 -0.135378
3.28 65.1409 58.1509 18.2198 -0.233287
3.29 65.323 58.1481 18.2141 -0.331149
3.3 65.5051 58.1443 18.2085 -0.428963
3.31 65.6872 58.1395 18.2028 -0.526728
3.32 65.8692 58.1337 18.1972 -0.624446
3.33 66.0511 58.127 18.1916 -0.722116
3.34 66.233 58.1193 18.1859 -0.819738
3.35 66.4149 58.1106 18.1803 -0.917312
3.36 66.5966 58.1009 18.1747 -1.01484
3.37 66.7783 58.0903 18.1691 -1.11232
3.38 66.96 58.0787 18.1634 -1.20975
3.39 67.1416 58.0661 18.1578 -1.30713
3.4 67.3232 58.0526 18.1522 -1.40446
3.41 67.5047 58.038 18.1466 -1.50175
3.42 67.6861 58.0225 18.141 -1.59899
3.43 67.8675 58.006 18.1353 -1.69618
3.44 68.0488 57.9886 18.1297 -1.79332
3.45 68.2301 57.9702 18.1241 -1.89041
3.46 68.4113 57.9508 18.1184 -1.98745
3.47 68.5924 57.9304 18.1128 -2.08445
3.48 68.7735 57.9091 18.1072 -2.18139
3.49 68.9546 57.8868 18.1015 -2.27829
3.5 69.1356 57.8635 18.0959 -2.37514
3.51 69.3165 57.8393 18.0902 -2.47193
3.52 69.4974 57.8141 18.0846 -2.56868
3.53 69.6782 57.7879 18.0789 -2.66538
3.54 69.859 57.7608 18.0733 -2.76203
3.55 70.0397 57.7327 18.0676 -2.85863
3.56 70.2203 57.7036 18.0619 -2.95518
3.57 70.4009 57.6736 18.0562 -3.05167
3.58 70.5814 57.6426 18.0506 -3.14812
3.59 70.7619 57.6106 18.0449 -3.24452
3.6 70.9423 57.5777 18.0392 -3.34086
3.61 71.1227 57.5438 18.0334 -3.43715
3.62 71.303 57.509 18.0277 -3.53339
3.63 71.4832 57.4731 18.022 -3.62958
3.64 71.6634 57.4364 18.0163 -3.72572
3.65 71.8436 57.3986 18.0105 -3.8218
3.66 72.0237 57.3599 18.0048 -3.91783
3.67 72.2037 57.3203 17.999 -4.01381
3.68 72.3836 57.2797 17.9932 -4.10973
3.69 72.5635 57.2381 17.9875 -4.2056
3.7 72.7434 57.1955 17.9817 -4.30142
3.71 72.9232 57.152 17.9759 -4.39718
3.72 73.1029 57.1076 17.97 -4.49288
3.73 73.2826 57.0622 17.9642 -4.58853
3.74 73.4622 57.0158 17.9584 -4.68413
3.75 73.6417 56.9685 17.9525 -4.77967
3.76 73.8212 56.9202 17.9467 -4.87515
3.77 74.0007 56.871 17.9408 -4.97058
3.78 74.18 56.8208 17.9349 -5.06595
3.79 74.3594 56.7697 17.929 -5.16126
3.8 74.5386 56.7176 17.9231 -5.25651
3.81 74.7178 56.6646 17.9172 -5.35171
3.82 74.897 56.6106 17.9112 -5.44685
3.83 75.0761 56.5556 17.9053 -5.54193
3.84 75.2551 56.4997 17.8993 -5.63695
3.85 75.434 56.4429 17.8933 -5.73191
3.86 75.6129 56.3851 17.8873 -5.82681
3.87 75.7918 56.3263 17.8813 -5.92165
3.88 75.9706 56.2667 17.8753 -6.01642
3.89 76.1493 56.206 17.8692 -6.11114
3.9 76.328 56.1444 17.8632 -6.2058
3.91 76.5066 56.0819 17.8571 -6.30039
3.92 76.6851 56.0184 17.851 -6.39492
3.93 76.8636 55.954 17.8449 -6.48938
3.94 77.042 55.8886 17.8387 -6.58379
3.95 77.2203 55.8223 17.8326 -6.67813
3.96 77.3986 55.7551 17.8264 -6.7724
3.97 77.5769 55.6869 17.8203 -6.86661
3.98 77.755 55.6177 17.8141 -6.96075
3.99 77.9332 55.5477 17.8078 -7.05483
4 78.1112 55.4766 17.8016 -7.14885
4.01 78.2892 55.4047 17.7954 -7.24279
4.02 78.4671 55.3318 17.7891 -7.33667
4.03 78.645 55.258 17.7828 -7.43048
4.04 78.8228 55.1832 17.7765 -7.52422
4.05 79.0005 55.1075 17.7702 -7.61789
4.06 79.1782 55.0308 17.7638 -7.7115
4.07 79.3558 54.9532 17.7575 -7.80503
4.08 79.5333 54.8747 17.7511 -7.8985
4.09 79.7108 54.7953 17.7447 -7.99189
4.1 79.8882 54.7149 17.7383 -8.08521
4.11 80.0656 54.6336 17.7318 -8.17846
4.12 80.2429 54.5513 17.7254 -8.27164
4.13 80.4201 54.4681 17.7189 -8.36475
4.14 80.5972 54.384 17.7124 -8.45778
4.15 80.7743 54.299 17.7059 -8.55074
4.16 80.9513 54.213 17.6993 -8.64362
4.17 81.1283 54.1261 17.6927 -8.73643
4.18 81.3052 54.0383 17.6862 -8.82917
4.19 81.482 53.9495 17.6796 -8.92183
4.2 81.6588 53.8598 17.6729 -9.01441
4.21 81.8355 53.7692 17.6663 -9.10692
4.22 82.0121 53.6777 17.6596 -9.19935
4.23 82.1887 53.5852 17.6529 -9.2917
4.24 82.3652 53.4919 17.6462 -9.38397
4.25 82.5416 53.3976 17.6395 -9.47617
4.26 82.718 53.3023 17.6327 -9.56828
4.27 82.8943 53.2062 17.6259 -9.66032
4.28 83.0705 53.1091 17.6192 -9.75227
4.29 83.2466 53.0112 17.6123 -9.84415
4.3 83.4227 52.9123 17.6055 -9.93594
4.31 83.5988 52.8124 17.5986 -10.0277
4.32 83.7747 52.7117 17.5917 -10.1193
4.33 83.9506 52.6101 17.5848 -10.2108
4.34 84.1264 52.5075 17.5779 -10.3023
4.35 84.3021 52.404 17.5709 -10.3937
4.36 84.4778 52.2996 17.564 -10.485
4.37 84.6534 52.1943 17.557 -10.5762
4.38 84.829 52.0881 17.5499 -10.6673
4.39 85.0044 51.981 17.5429 -10.7583
4.4 85.1798 51.8729 17.5358 -10.8493
4.41 85.3551 51.764 17.5287 -10.9402
4.42 85.5304 51.6541 17.5216 -11.0309
4.43 85.7056 51.5434 17.5145 -11.1216
4.44 85.8807 51.4317 17.5073 -11.2122
4.45 86.0557 51.3191 17.5001 -11.3027
4.46 86.2307 51.2056 17.4929 -11.3932
4.47 86.4056 51.0913 17.4857 -11.4835
4.48 86.5804 50.976 17.4785 -11.5737
4.49 86.7551 50.8598 17.4712 -11.6639
4.5 86.9298 50.7427 17.4639 -11.7539
4.51 87.1044 50.6247 17.4566 -11.8439
4.52 87.279 50.5058 17.4492 -11.9338
4.53 87.4534 50.386 17.4419 -12.0236
4.54 87.6278 50.2653 17.4345 -12.1132
4.55 87.8021 50.1438 17.427 -12.2028
4.56 87.9763 50.0213 17.4196 -12.2923
4.57 88.1505 49.8979 17.4121 -12.3817
4.58 88.3246 49.7736 17.4047 -12.4711
4.59 88.4986 49.6485 17.3971 -12.5603
4.6 88.6725 49.5224 17.3896 -12.6494
4.61 88.8464 49.3955 17.3821 -12.7384
4.62 89.0202 49.2677 17.3745 -12.8273
4.63 89.1939 49.139 17.3669 -12.9161
4.64 89.3675 49.0094 17.3592 -13.0049
4.65 89.541 48.8789 17.3516 -13.0935
4.66 89.7145 48.7475 17.3439 -13.182
4.67 89.8879 48.6152 17.3362 -13.2704
4.68 90.0613 48.4821 17.3285 -13.3588
4.69 90.2345 48.348 17.3207 -13.447
4.7 90.4077 48.2131 17.313 -13.5351
4.71 90.5808 48.0773 17.3052 -13.6231
4.72 90.7538 47.9407 17.2974 -13.711
4.73 90.9267 47.8031 17.2895 -13.7989
4.74 91.0996 47.6647 17.2817 -13.8866
4.75 91.2723 47.5254 17.2738 -13.9742
4.76 91.445 47.3852 17.2659 -14.0617
4.77 91.6177 47.2442 17.2579 -14.1491
4.78 91.7902 47.1022 17.25 -14.2364
4.79 91.9627 46.9594 17.242 -14.3236
4.8 92.135 46.8158 17.234 -14.4106
4.81 92.3073 46.6712 17.226 -14.4976
4.82 92.4796 46.5258 17.2179 -14.5845
4.83 92.6517 46.3795 17.2098 -14.6712
4.84 92.8237 46.2324 17.2017 -14.7579
4.85 92.9957 46.0844 17.1936 -14.8444
4.86 93.1676 45.9355 17.1855 -14.9308
4.87 93.3394 45.7858 17.1773 -15.0172
4.88 93.5112 45.6352 17.1691 -15.1034
4.89 93.6828 45.4837 17.1609 -15.1895
4.9 93.8544 45.3314 17.1526 -15.2755
4.91 94.0259 45.1782 17.1444 -15.3614
4.92 94.1973 45.0241 17.1361 -15.4471
4.93 94.3686 44.8692 17.1278 -15.5328
4.94 94.5398 44.7135 17.1194 -15.6183
4.95 94.711 44.5569 17.1111 -15.7038
4.96 94.882 44.3994 17.1027 -15.7891
4.97 95.053 44.2411 17.0943 -15.8743
4.98 95.2239 44.0819 17.0859 -15.9594
4.99 95.3948 43.9219 17.0774 -16.0443
5 95.5655 43.761 17.069 -16.1292
5.01 95.7361 43.5993 17.0605 -16.2139
5.02 95.9067 43.4368 17.052 -16.2986
5.03 96.0772 43.2734 17.0434 -16.3831
5.04 96.2476 43.1091 17.0349 -16.4675
5.05 96.4179 42.944 17.0263 -16.5517
5.06 96.5881 42.7781 17.0177 -16.6359
5.07 96.7582 42.6113 17.009 -16.7199
5.08 96.9283 42.4437 17.0004 -16.8039
5.09 97.0982 42.2752 16.9917 -16.8877
5.1 97.2681 42.1059 16.983 -16.9713
5.11 97.4379 41.9358 16.9743 -17.0549
5.12 97.6076 41.7648 16.9656 -17.1383
5.13 97.7772 41.593 16.9568 -17.2217
5.14 97.9467 41.4204 16.948 -17.3049
5.15 98.1162 41.2469 16.9392 -17.3879
5.16 98.2855 41.0726 16.9304 -17.4709
5.17 98.4548 40.8975 16.9215 -17.5537
5.18 98.6239 40.7216 16.9127 -17.6365
5.19 98.793 40.5448 16.9038 -17.719
5.2 98.962 40.3672 16.8949 -17.8015
5.21 99.1309 40.1887 16.8859 -17.8839
5.22 99.2997 40.0095 16.877 -17.9661
5.23 99.4685 39.8294 16.868 -18.0482
5.24 99.6371 39.6485 16.859 -18.1301
5.25 99.8056 39.4668 16.85 -18.212
5.26 99.9741 39.2843 16.8409 -18.2937
5.27 100.142 39.1009 16.8318 -18.3753
5.28 100.311 38.9168 16.8228 -18.4568
5.29 100.479 38.7318 16.8137 -18.5381
5.3 100.647 38.546 16.8045 -18.6193
5.31 100.815 38.3594 16.7954 -18.7004
5.32 100.983 38.172 16.7862 -18.7814
5.33 101.151 37.9838 16.777 -18.8622
5.34 101.318 37.7948 16.7678 -18.9429
5.35 101.486 37.6049 16.7586 -19.0235
5.36 101.654 37.4143 16.7493 -19.1039
5.37 101.821 37.2229 16.7401 -19.1843
5.38 101.988 37.0306 16.7308 -19.2644
5.39 102.156 36.8376 16.7214 -19.3445
5.4 102.323 36.6437 16.7121 -19.4244
5.41 102.49 36.4491 16.7028 -19.5042
5.42 102.657 36.2536 16.6934 -19.5839
5.43 102.824 36.0574 16.684 -19.6634
5.44 102.991 35.8604 16.6746 -19.7428
5.45 103.157 35.6626 16.6652 -19.8221
5.46 103.324 35.4639 16.6557 -19.9013
5.47 103.49 35.2645 16.6462 -19.9803
5.48 103.657 35.0643 16.6367 -20.0591
5.49 103.823 34.8633 16.6272 -20.1379
5.5 103.989 34.6616 16.6177 -20.2165
5.51 104.155 34.459 16.6081 -20.295
5.52 104.322 34.2557 16.5986 -20.3733
5.53 104.487 34.0516 16.589 -20.4515
5.54 104.653 33.8466 16.5794 -20.5296
5.55 104.819 33.641 16.5698 -20.6075
5.56 104.985 33.4345 16.5601 -20.6853
5.57 105.15 33.2273 16.5505 -20.763
5.58 105.316 33.0192 16.5408 -20.8405
5.59 105.481 32.8104 16.5311 -20.9179
5.6 105.646 32.6009 16.5214 -20.9952
5.61 105.811 32.3905 16.5116 -21.0723
5.62 105.977 32.1794 16.5019 -21.1493
5.63 106.142 31.9676 16.4921 -21.2262
5.64 106.306 31.7549 16.4823 -21.3029
5.65 106.471 31.5415 16.4725 -21.3795
5.66 106.636 31.3273 16.4627 -21.4559
5.67 106.8 31.1124 16.4528 -21.5322
5.68 106.965 30.8967 16.443 -21.6084
5.69 107.129 30.6802 16.4331 -21.6844
5.7 107.294 30.463 16.4232 -21.7603
5.71 107.458 30.245 16.4133 -21.8361
5.72 107.622 30.0263 16.4034 -21.9117
5.73 107.786 29.8068 16.3934 -21.9871
5.74 107.95 29.5865 16.3834 -22.0625
5.75 108.113 29.3655 16.3735 -22.1377
5.76 108.277 29.1438 16.3635 -22.2127
5.77 108.441 28.9213 16.3534 -22.2876
5.78 108.604 28.698 16.3434 -22.3624
5.79 108.768 28.474 16.3334 -22.4371
5.8 108.931 28.2493 16.3233 -22.5115
5.81 109.094 28.0238 16.3132 -22.5859
5.82 109.257 27.7976 16.3031 -22.6601
5.83 109.42 27.5706 16.293 -22.7342
5.84 109.583 27.3429 16.2829 -22.8081
5.85 109.746 27.1144 16.2727 -22.8819
5.86 109.908 26.8852 16.2626 -22.9555
5.87 110.071 26.6553 16.2524 -23.0291
5.88 110.234 26.4247 16.2422 -23.1024
5.89 110.396 26.1933 16.232 -23.1756
5.9 110.558 25.9611 16.2218 -23.2487
5.91 110.72 25.7283 16.2115 -23.3216
5.92 110.882 25.4947 16.2013 -23.3944
5.93 111.044 25.2604 16.191 -23.4671
5.94 111.206 25.0254 16.1807 -23.5396
5.95 111.368 24.7896 16.1704 -23.612
5.96 111.53 24.5531 16.1601 -23.6842
5.97 111.691 24.3159 16.1498 -23.7562
5.98 111.853 24.078 16.1394 -23.8282
5.99 112.014 23.8394 16.1291 -23.9
6 112.175 23.6 16.1187 -23.9716
6.01 112.336 23.3599 16.1083 -24.0431
6.02 112.497 23.1191 16.0979 -24.1145
6.03 112.658 22.8776 16.0875 -24.1857
6.04 112.819 22.6354 16.0771 -24.2567
6.05 112.98 22.3925 16.0667 -24.3277
6.06 113.14 22.1489 16.0562 -24.3984
6.07 113.301 21.9045 16.0457 -24.4691
6.08 113.461 21.6595 16.0352 -24.5395
6.09 113.622 21.4138 16.0248 -24.6099
6.1 113.782 21.1673 16.0142 -24.6801
6.11 113.942 20.9202 16.0037 -24.7501
6.12 114.102 20.6723 15.9932 -24.82
6.13 114.262 20.4238 15.9826 -24.8898
6.14 114.422 20.1745 15.9721 -24.9594
6.15 114.581 19.9246 15.9615 -25.0289
6.16 114.741 19.6739 15.9509 -25.0982
6.17 114.9 19.4226 15.9403 -25.1673
6.18 115.06 19.1706 15.9297 -25.2364
6.19 115.219 18.9179 15.9191 -25.3052
6.2 115.378 18.6645 15.9084 -25.374
6.21 115.537 18.4104 15.8978 -25.4426
6.22 115.696 18.1556 15.8871 -25.511
6.23 115.855 17.9002 15.8765 -25.5793
6.24 116.013 17.644 15.8658 -25.6474
6.25 116.172 17.3872 15.8551 -25.7154
6.26 116.331 17.1297 15.8444 -25.7833
6.27 116.489 16.8716 15.8337 -25.851
6.28 116.647 16.6127 15.8229 -25.9186
6.29 116.805 16.3532 15.8122 -25.986
6.3 116.964 16.093 15.8014 -26.0532
6.31 117.121 15.8321 15.7907 -26.1203
6.32 117.279 15.5706 15.7799 -26.1873
6.33 117.437 15.3084 15.7691 -26.2541
6.34 117.595 15.0455 15.7583 -26.3208
6.35 117.752 14.782 15.7475 -26.3873
6.36 117.91 14.5178 15.7367 -26.4537
6.37 118.067 14.2529 15.7259 -26.5199
6.38 118.224 13.9874 15.715 -26.586
6.39 118.381 13.7212 15.7042 -26.6519
6.4 118.538 13.4543 15.6933 -26.7177
6.41 118.695 13.1868 15.6825 -26.7834
6.42 118.852 12.9187 15.6716 -26.8488
6.43 119.009 12.6498 15.6607 -26.9142
6.44 119.165 12.3804 15.6498 -26.9794
6.45 119.322 12.1103 15.6389 -27.0444
6.46 119.478 11.8395 15.628 -27.1093
6.47 119.634 11.5681 15.6171 -27.1741
6.48 119.79 11.296 15.6061 -27.2387
6.49 119.946 11.0233 15.5952 -27.3031
6.5 120.102 10.7499 15.5842 -27.3674
6.51 120.258 10.476 15.5733 -27.4316
6.52 120.414 10.2013 15.5623 -27.4956
6.53 120.569 9.92604 15.5513 -27.5594
6.54 120.725 9.65013 15.5403 -27.6231
6.55 120.88 9.37358 15.5294 -27.6867
6.56 121.035 9.09639 15.5183 -27.7501
6.57 121.19 8.81858 15.5073 -27.8134
6.58 121.345 8.54013 15.4963 -27.8765
6.59 121.5 8.26105 15.4853 -27.9395
6.6 121.655 7.98134 15.4743 -28.0023
6.61 121.81 7.701 15.4632 -28.065
6.62 121.964 7.42004 15.4522 -28.1275
6.63 122.119 7.13845 15.4411 -28.1899
6.64 122.273 6.85624 15.43 -28.2521
6.65 122.427 6.57341 15.419 -28.3142
6.66 122.582 6.28996 15.4079 -28.3761
6.67 122.736 6.00589 15.3968 -28.4379
6.68 122.889 5.7212 15.3857 -28.4995
6.69 123.043 5.4359 15.3746 -28.561
6.7 123.197 5.14998 15.3635 -28.6223
6.71 123.351 4.86345 15.3524 -28.6835
6.72 123.504 4.57631 15.3412 -28.7445
6.73 123.657 4.28856 15.3301 -28.8054
6.74 123.811 4.00021 15.319 -28.8662
6.75 123.964 3.71124 15.3078 -28.9268
6.76 124.117 3.42167 15.2967 -28.9872
6.77 124.27 3.1315 15.2855 -29.0475
6.78 124.422 2.84072 15.2744 -29.1077
6.79 124.575 2.54934 15.2632 -29.1677
6.8 124.728 2.25737 15.252 -29.2275
6.81 124.88 1.96479 15.2408 -29.2872
6.82 125.033 1.67162 15.2297 -29.3468
6.83 125.185 1.37786 15.2185 -29.4062
6.84 125.337 1.0835 15.2073 -29.4655
6.85 125.489 0.78855 15.1961 -29.5246
6.86 125.641 0.49301 15.1849 -29.5836
6.87 125.793 0.19688 15.1737 -29.6424
6.88 125.944 -0.0998375 15.1624 -29.701
