0 0 0 39.1443 22.6
0 0.391443 0.22551 39.1443 22.502
0.01 0.782887 0.45004 39.1443 22.404
0.02 1.17433 0.67359 39.1443 22.306
0.03 1.56577 0.89616 39.1443 22.208
0.04 1.95722 1.11775 39.1443 22.11
0.05 2.34866 1.33836 39.1443 22.012
0.06 2.7401 1.55799 39.1443 21.914
0.07 3.13155 1.77664 39.1443 21.816
0.08 3.52299 1.99431 39.1443 21.718
0.09 3.91443 2.211 39.1443 21.62
0.1 4.30588 2.42671 39.1443 21.522
0.11 4.69732 2.64144 39.1443 21.424
0.12 5.08877 2.85519 39.1443 21.326
0.13 5.48021 3.06796 39.1443 21.228
0.14 5.87165 3.27975 39.1443 21.13
0.15 6.2631 3.49056 39.1443 21.032
0.16 6.65454 3.70039 39.1443 20.934
0.17 7.04598 3.90924 39.1443 20.836
0.18 7.43743 4.11711 39.1443 20.738
0.19 7.82887 4.324 39.1443 20.64
0.2 8.22031 4.52991 39.1443 20.542
0.21 8.61176 4.73484 39.1443 20.444
0.22 9.0032 4.93879 39.1443 20.346
0.23 9.39464 5.14176 39.1443 20.248
0.24 9.78609 5.34375 39.1443 20.15
0.25 10.1775 5.54476 39.1443 20.052
0.26 10.569 5.74479 39.1443 19.954
0.27 10.9604 5.94384 39.1443 19.856
0.28 11.3519 6.14191 39.1443 19.758
0.29 11.7433 6.339 39.1443 19.66
0.3 12.1347 6.53511 39.1443 19.562
0.31 12.5262 6.73024 39.1443 19.464
0.32 12.9176 6.92439 39.1443 19.366
0.33 13.3091 7.11756 39.1443 19.268
0.34 13.7005 7.30975 39.1443 19.17
0.35 14.092 7.50096 39.1443 19.072
0.36 14.4834 7.69119 39.1443 18.974
0.37 14.8749 7.88044 39.1443 18.876
0.38 15.2663 8.06871 39.1443 18.778
0.39 15.6577 8.256 39.1443 18.68
0.4 16.0492 8.44231 39.1443 18.582
0.41 16.4406 8.62764 39.1443 18.484
0.42 16.8321 8.81199 39.1443 18.386
0.43 17.2235 8.99536 39.1443 18.288
0.44 17.615 9.17775 39.1443 18.19
0.45 18.0064 9.35916 39.1443 18.092
0.46 18.3978 9.53959 39.1443 17.994
0.47 18.7893 9.71904 39.1443 17.896
0.48 19.1807 9.89751 39.1443 17.798
0.49 19.5722 10.075 39.1443 17.7
0.5 19.9636 10.2515 39.1443 17.602
0.51 20.3551 10.427 39.1443 17.504
0.52 20.7465 10.6016 39.1443 17.406
0.53 21.1379 10.7752 39.1443 17.308
0.54 21.5294 10.9478 39.1443 17.21
0.55 21.9208 11.1194 39.1443 17.112
0.56 22.3123 11.29 39.1443 17.014
0.57 22.7037 11.4596 39.1443 16.916
0.58 23.0952 11.6283 39.1443 16.818
0.59 23.4866 11.796 39.1443 16.72
0.6 23.8781 11.9627 39.1443 16.622
0.61 24.2695 12.1284 39.1443 16.524
0.62 24.6609 12.2932 39.1443 16.426
0.63 25.0524 12.457 39.1443 16.328
0.64 25.4438 12.6198 39.1443 16.23
0.65 25.8353 12.7816 39.1443 16.132
0.66 26.2267 12.9424 39.1443 16.034
0.67 26.6182 13.1022 39.1443 15.936
0.68 27.0096 13.2611 39.1443 15.838
0.69 27.401 13.419 39.1443 15.74
0.7 27.7925 13.5759 39.1443 15.642
0.71 28.1839 13.7318 39.1443 15.544
0.72 28.5754 13.8868 39.1443 15.446
0.73 28.9668 14.0408 39.1443 15.348
0.74 29.3583 14.1938 39.1443 15.25
0.75 29.7497 14.3458 39.1443 15.152
0.76 30.1411 14.4968 39.1443 15.054
0.77 30.5326 14.6468 39.1443 14.956
0.78 30.924 14.7959 39.1443 14.858
0.79 31.3155 14.944 39.1443 14.76
0.8 31.7069 15.0911 39.1443 14.662
0.81 32.0984 15.2372 39.1443 14.564
0.82 32.4898 15.3824 39.1443 14.466
0.83 32.8813 15.5266 39.1443 14.368
0.84 33.2727 15.6698 39.1443 14.27
0.85 33.6641 15.812 39.1443 14.172
0.86 34.0556 15.9532 39.1443 14.074
0.87 34.447 16.0934 39.1443 13.976
0.88 34.8385 16.2327 39.1443 13.878
0.89 35.2299 16.371 39.1443 13.78
0.9 35.6214 16.5083 39.1443 13.682
0.91 36.0128 16.6446 39.1443 13.584
0.92 36.4042 16.78 39.1443 13.486
0.93 36.7957 16.9144 39.1443 13.388
0.94 37.1871 17.0478 39.1443 13.29
0.95 37.5786 17.1802 39.1443 13.192
0.96 37.97 17.3116 39.1443 13.094
0.97 38.3615 17.442 39.1443 12.996
0.98 38.7529 17.5715 39.1443 12.898
0.99 39.1443 17.7 39.1443 12.8
1 39.5358 17.8275 39.1443 12.702
1.01 39.9272 17.954 39.1443 12.604
1.02 40.3187 18.0796 39.1443 12.506
1.03 40.7101 18.2042 39.1443 12.408
1.04 41.1016 18.3278 39.1443 12.31
1.05 41.493 18.4504 39.1443 12.212
1.06 41.8845 18.572 39.1443 12.114
1.07 42.2759 18.6926 39.1443 12.016
1.08 42.6673 18.8123 39.1443 11.918
1.09 43.0588 18.931 39.1443 11.82
1.1 43.4502 19.0487 39.1443 11.722
1.11 43.8417 19.1654 39.1443 11.624
1.12 44.2331 19.2812 39.1443 11.526
1.13 44.6246 19.396 39.1443 11.428
1.14 45.016 19.5098 39.1443 11.33
1.15 45.4074 19.6226 39.1443 11.232
1.16 45.7989 19.7344 39.1443 11.134
1.17 46.1903 19.8452 39.1443 11.036
1.18 46.5818 19.9551 39.1443 10.938
1.19 46.9732 20.064 39.1443 10.84
1.2 47.3647 20.1719 39.1443 10.742
1.21 47.7561 20.2788 39.1443 10.644
1.22 48.1475 20.3848 39.1443 10.546
1.23 48.539 20.4898 39.1443 10.448
1.24 48.9304 20.5938 39.1443 10.35
1.25 49.3219 20.6968 39.1443 10.252
1.26 49.7133 20.7988 39.1443 10.154
1.27 50.1048 20.8998 39.1443 10.056
1.28 50.4962 20.9999 39.1443 9.958
1.29 50.8877 21.099 39.1443 9.86
1.3 51.2791 21.1971 39.1443 9.762
1.31 51.6705 21.2942 39.1443 9.664
1.32 52.062 21.3904 39.1443 9.566
1.33 52.4534 21.4856 39.1443 9.468
1.34 52.8449 21.5798 39.1443 9.37
1.35 53.2363 21.673 39.1443 9.272
1.36 53.6278 21.7652 39.1443 9.174
1.37 54.0192 21.8564 39.1443 9.076
1.38 54.4106 21.9467 39.1443 8.978
1.39 54.8021 22.036 39.1443 8.88
1.4 55.1935 22.1243 39.1443 8.782
1.41 55.585 22.2116 39.1443 8.684
1.42 55.9764 22.298 39.1443 8.586
1.43 56.3679 22.3834 39.1443 8.488
1.44 56.7593 22.4678 39.1443 8.39
1.45 57.1507 22.5512 39.1443 8.292
1.46 57.5422 22.6336 39.1443 8.194
1.47 57.9336 22.715 39.1443 8.096
1.48 58.3251 22.7955 39.1443 7.998
1.49 58.7165 22.875 39.1443 7.9
1.5 59.108 22.9535 39.1443 7.802
1.51 59.4994 23.031 39.1443 7.704
1.52 59.8909 23.1076 39.1443 7.606
1.53 60.2823 23.1832 39.1443 7.508
1.54 60.6737 23.2578 39.1443 7.41
1.55 61.0652 23.3314 39.1443 7.312
1.56 61.4566 23.404 39.1443 7.214
1.57 61.8481 23.4756 39.1443 7.116
1.58 62.2395 23.5463 39.1443 7.018
1.59 62.631 23.616 39.1443 6.92
1.6 63.0224 23.6847 39.1443 6.822
1.61 63.4138 23.7524 39.1443 6.724
1.62 63.8053 23.8192 39.1443 6.626
1.63 64.1967 23.885 39.1443 6.528
1.64 64.5882 23.9498 39.1443 6.43
1.65 64.9796 24.0136 39.1443 6.332
1.66 65.3711 24.0764 39.1443 6.234
1.67 65.7625 24.1382 39.1443 6.136
1.68 66.1539 24.1991 39.1443 6.038
1.69 66.5454 24.259 39.1443 5.94
1.7 66.9368 24.3179 39.1443 5.842
1.71 67.3283 24.3758 39.1443 5.744
1.72 67.7197 24.4328 39.1443 5.646
1.73 68.1112 24.4888 39.1443 5.548
1.74 68.5026 24.5438 39.1443 5.45
1.75 68.8941 24.5978 39.1443 5.352
1.76 69.2855 24.6508 39.1443 5.254
1.77 69.6769 24.7028 39.1443 5.156
1.78 70.0684 24.7539 39.1443 5.058
1.79 70.4598 24.804 39.1443 4.96
1.8 70.8513 24.8531 39.1443 4.862
1.81 71.2427 24.9012 39.1443 4.764
1.82 71.6342 24.9484 39.1443 4.666
1.83 72.0256 24.9946 39.1443 4.568
1.84 72.417 25.0398 39.1443 4.47
1.85 72.8085 25.084 39.1443 4.372
1.86 73.1999 25.1272 39.1443 4.274
1.87 73.5914 25.1694 39.1443 4.176
1.88 73.9828 25.2107 39.1443 4.078
1.89 74.3743 25.251 39.1443 3.98
1.9 74.7657 25.2903 39.1443 3.882
1.91 75.1571 25.3286 39.1443 3.784
1.92 75.5486 25.366 39.1443 3.686
1.93 75.94 25.4024 39.1443 3.588
1.94 76.3315 25.4378 39.1443 3.49
1.95 76.7229 25.4722 39.1443 3.392
1.96 77.1144 25.5056 39.1443 3.294
1.97 77.5058 25.538 39.1443 3.196
1.98 77.8973 25.5695 39.1443 3.098
1.99 78.2887 25.6 39.1443 3
2 78.6801 25.6295 39.1443 2.902
2.01 79.0716 25.658 39.1443 2.804
2.02 79.463 25.6856 39.1443 2.706
2.03 79.8545 25.7122 39.1443 2.608
2.04 80.2459 25.7378 39.1443 2.51
2.05 80.6374 25.7624 39.1443 2.412
2.06 81.0288 25.786 39.1443 2.314
2.07 81.4202 25.8086 39.1443 2.216
2.08 81.8117 25.8303 39.1443 2.118
2.09 82.2031 25.851 39.1443 2.02
2.1 82.5946 25.8707 39.1443 1.922
2.11 82.986 25.8894 39.1443 1.824
2.12 83.3775 25.9072 39.1443 1.726
2.13 83.7689 25.924 39.1443 1.628
2.14 84.1603 25.9398 39.1443 1.53
2.15 84.5518 25.9546 39.1443 1.432
2.16 84.9432 25.9684 39.1443 1.334
2.17 85.3347 25.9812 39.1443 1.236
2.18 85.7261 25.9931 39.1443 1.138
2.19 86.1176 26.004 39.1443 1.04
2.2 86.509 26.0139 39.1443 0.942
2.21 86.9005 26.0228 39.1443 0.844
2.22 87.2919 26.0308 39.1443 0.746
2.23 87.6833 26.0378 39.1443 0.648
2.24 88.0748 26.0438 39.1443 0.55
2.25 88.4662 26.0488 39.1443 0.452
2.26 88.8577 26.0528 39.1443 0.354
2.27 89.2491 26.0558 39.1443 0.256
2.28 89.6406 26.0579 39.1443 0.158
2.29 90.032 26.059 39.1443 0.06
2.3 90.4234 26.0591 39.1443 -0.038
2.31 90.8149 26.0582 39.1443 -0.136
2.32 91.2063 26.0564 39.1443 -0.234
2.33 91.5978 26.0536 39.1443 -0.332
2.34 91.9892 26.0498 39.1443 -0.43
2.35 92.3807 26.045 39.1443 -0.528
2.36 92.7721 26.0392 39.1443 -0.626
2.37 93.1635 26.0324 39.1443 -0.724
2.38 93.555 26.0247 39.1443 -0.822
2.39 93.9464 26.016 39.1443 -0.92
2.4 94.3379 26.0063 39.1443 -1.018
2.41 94.7293 25.9956 39.1443 -1.116
2.42 95.1208 25.984 39.1443 -1.214
2.43 95.5122 25.9714 39.1443 -1.312
2.44 95.9037 25.9578 39.1443 -1.41
2.45 96.2951 25.9432 39.1443 -1.508
2.46 96.6865 25.9276 39.1443 -1.606
2.47 97.078 25.911 39.1443 -1.704
2.48 97.4694 25.8935 39.1443 -1.802
2.49 97.8609 25.875 39.1443 -1.9
2.5 98.2523 25.8555 39.1443 -1.998
2.51 98.6438 25.835 39.1443 -2.096
2.52 99.0352 25.8136 39.1443 -2.194
2.53 99.4266 25.7912 39.1443 -2.292
2.54 99.8181 25.7678 39.1443 -2.39
2.55 100.21 25.7434 39.1443 -2.488
2.56 100.601 25.718 39.1443 -2.586
2.57 100.992 25.6916 39.1443 -2.684
2.58 101.384 25.6643 39.1443 -2.782
2.59 101.775 25.636 39.1443 -2.88
2.6 102.167 25.6067 39.1443 -2.978
2.61 102.558 25.5764 39.1443 -3.076
2.62 102.95 25.5452 39.1443 -3.174
2.63 103.341 25.513 39.1443 -3.272
2.64 103.733 25.4798 39.1443 -3.37
2.65 104.124 25.4456 39.1443 -3.468
2.66 104.515 25.4104 39.1443 -3.566
2.67 104.907 25.3742 39.1443 -3.664
2.68 105.298 25.3371 39.1443 -3.762
2.69 105.69 25.299 39.1443 -3.86
2.7 106.081 25.2599 39.1443 -3.958
2.71 106.473 25.2198 39.1443 -4.056
2.72 106.864 25.1788 39.1443 -4.154
2.73 107.256 25.1368 39.1443 -4.252
2.74 107.647 25.0938 39.1443 -4.35
2.75 108.038 25.0498 39.1443 -4.448
2.76 108.43 25.0048 39.1443 -4.546
2.77 108.821 24.9588 39.1443 -4.644
2.78 109.213 24.9119 39.1443 -4.742
2.79 109.604 24.864 39.1443 -4.84
2.8 109.996 24.8151 39.1443 -4.938
2.81 110.387 24.7652 39.1443 -5.036
2.82 110.779 24.7144 39.1443 -5.134
2.83 111.17 24.6626 39.1443 -5.232
2.84 111.561 24.6098 39.1443 -5.33
2.85 111.953 24.556 39.1443 -5.428
2.86 112.344 24.5012 39.1443 -5.526
2.87 112.736 24.4454 39.1443 -5.624
2.88 113.127 24.3887 39.1443 -5.722
2.89 113.519 24.331 39.1443 -5.82
2.9 113.91 24.2723 39.1443 -5.918
2.91 114.301 24.2126 39.1443 -6.016
2.92 114.693 24.152 39.1443 -6.114
2.93 115.084 24.0904 39.1443 -6.212
2.94 115.476 24.0278 39.1443 -6.31
2.95 115.867 23.9642 39.1443 -6.408
2.96 116.259 23.8996 39.1443 -6.506
2.97 116.65 23.834 39.1443 -6.604
2.98 117.042 23.7675 39.1443 -6.702
2.99 117.433 23.7 39.1443 -6.8
3 117.824 23.6315 39.1443 -6.898
3.01 118.216 23.562 39.1443 -6.996
3.02 118.607 23.4916 39.1443 -7.094
3.03 118.999 23.4202 39.1443 -7.192
3.04 119.39 23.3478 39.1443 -7.29
3.05 119.782 23.2744 39.1443 -7.388
3.06 120.173 23.2 39.1443 -7.486
3.07 120.565 23.1246 39.1443 -7.584
3.08 120.956 23.0483 39.1443 -7.682
3.09 121.347 22.971 39.1443 -7.78
3.1 121.739 22.8927 39.1443 -7.878
3.11 122.13 22.8134 39.1443 -7.976
3.12 122.522 22.7332 39.1443 -8.074
3.13 122.913 22.652 39.1443 -8.172
3.14 123.305 22.5698 39.1443 -8.27
3.15 123.696 22.4866 39.1443 -8.368
3.16 124.088 22.4024 39.1443 -8.466
3.17 124.479 22.3172 39.1443 -8.564
3.18 124.87 22.2311 39.1443 -8.662
3.19 125.262 22.144 39.1443 -8.76
3.2 125.653 22.0559 39.1443 -8.858
3.21 126.045 21.9668 39.1443 -8.956
3.22 126.436 21.8768 39.1443 -9.054
3.23 126.828 21.7858 39.1443 -9.152
3.24 127.219 21.6938 39.1443 -9.25
3.25 127.611 21.6008 39.1443 -9.348
3.26 128.002 21.5068 39.1443 -9.446
3.27 128.393 21.4118 39.1443 -9.544
3.28 128.785 21.3159 39.1443 -9.642
3.29 129.176 21.219 39.1443 -9.74
3.3 129.568 21.1211 39.1443 -9.838
3.31 129.959 21.0222 39.1443 -9.936
3.32 130.351 20.9224 39.1443 -10.034
3.33 130.742 20.8216 39.1443 -10.132
3.34 131.134 20.7198 39.1443 -10.23
3.35 131.525 20.617 39.1443 -10.328
3.36 131.916 20.5132 39.1443 -10.426
3.37 132.308 20.4084 39.1443 -10.524
3.38 132.699 20.3027 39.1443 -10.622
3.39 133.091 20.196 39.1443 -10.72
3.4 133.482 20.0883 39.1443 -10.818
3.41 133.874 19.9796 39.1443 -10.916
3.42 134.265 19.87 39.1443 -11.014
3.43 134.657 19.7594 39.1443 -11.112
3.44 135.048 19.6478 39.1443 -11.21
3.45 135.439 19.5352 39.1443 -11.308
3.46 135.831 19.4216 39.1443 -11.406
3.47 136.222 19.307 39.1443 -11.504
3.48 136.614 19.1915 39.1443 -11.602
3.49 137.005 19.075 39.1443 -11.7
3.5 137.397 18.9575 39.1443 -11.798
3.51 137.788 18.839 39.1443 -11.896
3.52 138.18 18.7196 39.1443 -11.994
3.53 138.571 18.5992 39.1443 -12.092
3.54 138.962 18.4778 39.1443 -12.19
3.55 139.354 18.3554 39.1443 -12.288
3.56 139.745 18.232 39.1443 -12.386
3.57 140.137 18.1076 39.1443 -12.484
3.58 140.528 17.9823 39.1443 -12.582
3.59 140.92 17.856 39.1443 -12.68
3.6 141.311 17.7287 39.1443 -12.778
3.61 141.703 17.6004 39.1443 -12.876
3.62 142.094 17.4712 39.1443 -12.974
3.63 142.485 17.341 39.1443 -13.072
3.64 142.877 17.2098 39.1443 -13.17
3.65 143.268 17.0776 39.1443 -13.268
3.66 143.66 16.9444 39.1443 -13.366
3.67 144.051 16.8102 39.1443 -13.464
3.68 144.443 16.6751 39.1443 -13.562
3.69 144.834 16.539 39.1443 -13.66
3.7 145.226 16.4019 39.1443 -13.758
3.71 145.617 16.2638 39.1443 -13.856
3.72 146.008 16.1248 39.1443 -13.954
3.73 146.4 15.9848 39.1443 -14.052
3.74 146.791 15.8438 39.1443 -14.15
3.75 147.183 15.7018 39.1443 -14.248
3.76 147.574 15.5588 39.1443 -14.346
3.77 147.966 15.4148 39.1443 -14.444
3.78 148.357 15.2699 39.1443 -14.542
3.79 148.749 15.124 39.1443 -14.64
3.8 149.14 14.9771 39.1443 -14.738
3.81 149.531 14.8292 39.1443 -14.836
3.82 149.923 14.6804 39.1443 -14.934
3.83 150.314 14.5306 39.1443 -15.032
3.84 150.706 14.3798 39.1443 -15.13
3.85 151.097 14.228 39.1443 -15.228
3.86 151.489 14.0752 39.1443 -15.326
3.87 151.88 13.9214 39.1443 -15.424
3.88 152.272 13.7667 39.1443 -15.522
3.89 152.663 13.611 39.1443 -15.62
3.9 153.054 13.4543 39.1443 -15.718
3.91 153.446 13.2966 39.1443 -15.816
3.92 153.837 13.138 39.1443 -15.914
3.93 154.229 12.9784 39.1443 -16.012
3.94 154.62 12.8178 39.1443 -16.11
3.95 155.012 12.6562 39.1443 -16.208
3.96 155.403 12.4936 39.1443 -16.306
3.97 155.795 12.33 39.1443 -16.404
3.98 156.186 12.1655 39.1443 -16.502
3.99 156.577 12 39.1443 -16.6
4 156.969 11.8335 39.1443 -16.698
4.01 157.36 11.666 39.1443 -16.796
4.02 157.752 11.4976 39.1443 -16.894
4.03 158.143 11.3282 39.1443 -16.992
4.04 158.535 11.1578 39.1443 -17.09
4.05 158.926 10.9864 39.1443 -17.188
4.06 159.317 10.814 39.1443 -17.286
4.07 159.709 10.6406 39.1443 -17.384
4.08 160.1 10.4663 39.1443 -17.482
4.09 160.492 10.291 39.1443 -17.58
4.1 160.883 10.1147 39.1443 -17.678
4.11 161.275 9.93744 39.1443 -17.776
4.12 161.666 9.75919 39.1443 -17.874
4.13 162.058 9.57996 39.1443 -17.972
4.14 162.449 9.39975 39.1443 -18.07
4.15 162.84 9.21856 39.1443 -18.168
4.16 163.232 9.03639 39.1443 -18.266
4.17 163.623 8.85324 39.1443 -18.364
4.18 164.015 8.66911 39.1443 -18.462
4.19 164.406 8.484 39.1443 -18.56
4.2 164.798 8.29791 39.1443 -18.658
4.21 165.189 8.11084 39.1443 -18.756
4.22 165.581 7.92279 39.1443 -18.854
4.23 165.972 7.73376 39.1443 -18.952
4.24 166.363 7.54375 39.1443 -19.05
4.25 166.755 7.35276 39.1443 -19.148
4.26 167.146 7.16079 39.1443 -19.246
4.27 167.538 6.96784 39.1443 -19.344
4.28 167.929 6.77391 39.1443 -19.442
4.29 168.321 6.579 39.1443 -19.54
4.3 168.712 6.38311 39.1443 -19.638
4.31 169.104 6.18624 39.1443 -19.736
4.32 169.495 5.98839 39.1443 -19.834
4.33 169.886 5.78956 39.1443 -19.932
4.34 170.278 5.58975 39.1443 -20.03
4.35 170.669 5.38896 39.1443 -20.128
4.36 171.061 5.18719 39.1443 -20.226
4.37 171.452 4.98444 39.1443 -20.324
4.38 171.844 4.78071 39.1443 -20.422
4.39 172.235 4.576 39.1443 -20.52
4.4 172.627 4.37031 39.1443 -20.618
4.41 173.018 4.16364 39.1443 -20.716
4.42 173.409 3.95599 39.1443 -20.814
4.43 173.801 3.74736 39.1443 -20.912
4.44 174.192 3.53775 39.1443 -21.01
4.45 174.584 3.32716 39.1443 -21.108
4.46 174.975 3.11559 39.1443 -21.206
4.47 175.367 2.90304 39.1443 -21.304
4.48 175.758 2.68951 39.1443 -21.402
4.49 176.15 2.475 39.1443 -21.5
4.5 176.541 2.25951 39.1443 -21.598
4.51 176.932 2.04304 39.1443 -21.696
4.52 177.324 1.82559 39.1443 -21.794
4.53 177.715 1.60716 39.1443 -21.892
4.54 178.107 1.38775 39.1443 -21.99
4.55 178.498 1.16736 39.1443 -22.088
4.56 178.89 0.94599 39.1443 -22.186
4.57 179.281 0.72364 39.1443 -22.284
4.58 179.673 0.50031 39.1443 -22.382
4.59 180.064 0.276 39.1443 -22.48
4.6 180.455 0.05071 39.1443 -22.578
4.61 180.847 -0.17556 39.1443 -22.676
