0 0 0 22.6 39.1443
0 0.226 0.390953 22.6 39.0463
0.01 0.452 0.780927 22.6 38.9483
0.02 0.678 1.16992 22.6 38.8503
0.03 0.904 1.55793 22.6 38.7523
0.04 1.13 1.94497 22.6 38.6543
0.05 1.356 2.33102 22.6 38.5563
0.06 1.582 2.71609 22.6 38.4583
0.07 1.808 3.10019 22.6 38.3603
0.08 2.034 3.4833 22.6 38.2623
0.09 2.26 3.86543 22.6 38.1643
0.1 2.486 4.24659 22.6 38.0663
0.11 2.712 4.62676 22.6 37.9683
0.12 2.938 5.00596 22.6 37.8703
0.13 3.164 5.38417 22.6 37.7723
0.14 3.39 5.7614 22.6 37.6743
0.15 3.616 6.13766 22.6 37.5763
0.16 3.842 6.51293 22.6 37.4783
0.17 4.068 6.88722 22.6 37.3803
0.18 4.294 7.26054 22.6 37.2823
0.19 4.52 7.63287 22.6 37.1843
0.2 4.746 8.00422 22.6 37.0863
0.21 4.972 8.3746 22.6 36.9883
0.22 5.198 8.74399 22.6 36.8903
0.23 5.424 9.1124 22.6 36.7923
0.24 5.65 9.47984 22.6 36.6943
0.25 5.876 9.84629 22.6 36.5963
0.26 6.102 10.2118 22.6 36.4983
0.27 6.328 10.5763 22.6 36.4003
0.28 6.554 10.9398 22.6 36.3023
0.29 6.78 11.3023 22.6 36.2043
0.3 7.006 11.6639 22.6 36.1063
0.31 7.232 12.0244 22.6 36.0083
0.32 7.458 12.384 22.6 35.9103
0.33 7.684 12.7426 22.6 35.8123
0.34 7.91 13.1003 22.6 35.7143
0.35 8.136 13.4569 22.6 35.6163
0.36 8.362 13.8126 22.6 35.5183
0.37 8.588 14.1673 22.6 35.4203
0.38 8.814 14.521 22.6 35.3223
0.39 9.04 14.8737 22.6 35.2243
0.4 9.266 15.2255 22.6 35.1263
0.41 9.492 15.5763 22.6 35.0283
0.42 9.718 15.9261 22.6 34.9303
0.43 9.944 16.2749 22.6 34.8323
0.44 10.17 16.6227 22.6 34.7343
0.45 10.396 16.9696 22.6 34.6363
0.46 10.622 17.3154 22.6 34.5383
0.47 10.848 17.6603 22.6 34.4403
0.48 11.074 18.0042 22.6 34.3423
0.49 11.3 18.3472 22.6 34.2443
0.5 11.526 18.6891 22.6 34.1463
0.51 11.752 19.0301 22.6 34.0483
0.52 11.978 19.3701 22.6 33.9503
0.53 12.204 19.7091 22.6 33.8523
0.54 12.43 20.0471 22.6 33.7543
0.55 12.656 20.3842 22.6 33.6563
0.56 12.882 20.7203 22.6 33.5583
0.57 13.108 21.0554 22.6 33.4603
0.58 13.334 21.3895 22.6 33.3623
0.59 13.56 21.7226 22.6 33.2643
0.6 13.786 22.0548 22.6 33.1663
0.61 14.012 22.3859 22.6 33.0683
0.62 14.238 22.7161 22.6 32.9703
0.63 14.464 23.0453 22.6 32.8723
0.64 14.69 23.3736 22.6 32.7743
0.65 14.916 23.7008 22.6 32.6763
0.66 15.142 24.0271 22.6 32.5783
0.67 15.368 24.3524 22.6 32.4803
0.68 15.594 24.6767 22.6 32.3823
0.69 15.82 25 22.6 32.2843
0.7 16.046 25.3224 22.6 32.1863
0.71 16.272 25.6438 22.6 32.0883
0.72 16.498 25.9642 22.6 31.9903
0.73 16.724 26.2836 22.6 31.8923
0.74 16.95 26.602 22.6 31.7943
0.75 17.176 26.9195 22.6 31.6963
0.76 17.402 27.2359 22.6 31.5983
0.77 17.628 27.5514 22.6 31.5003
0.78 17.854 27.8659 22.6 31.4023
0.79 18.08 28.1795 22.6 31.3043
0.8 18.306 28.492 22.6 31.2063
0.81 18.532 28.8036 22.6 31.1083
0.82 18.758 29.1142 22.6 31.0103
0.83 18.984 29.4238 22.6 30.9123
0.84 19.21 29.7324 22.6 30.8143
0.85 19.436 30.0401 22.6 30.7163
0.86 19.662 30.3468 22.6 30.6183
0.87 19.888 30.6525 22.6 30.5203
0.88 20.114 30.9572 22.6 30.4223
0.89 20.34 31.2609 22.6 30.3243
0.9 20.566 31.5637 22.6 30.2263
0.91 20.792 31.8654 22.6 30.1283
0.92 21.018 32.1662 22.6 30.0303
0.93 21.244 32.466 22.6 29.9323
0.94 21.47 32.7649 22.6 29.8343
0.95 21.696 33.0627 22.6 29.7363
0.96 21.922 33.3596 22.6 29.6383
0.97 22.148 33.6555 22.6 29.5403
0.98 22.374 33.9504 22.6 29.4423
0.99 22.6 34.2443 22.6 29.3443
1 22.826 34.5373 22.6 29.2463
1.01 23.052 34.8293 22.6 29.1483
1.02 23.278 35.1203 22.6 29.0503
1.03 23.504 35.4103 22.6 28.9523
1.04 23.73 35.6993 22.6 28.8543
1.05 23.956 35.9874 22.6 28.7563
1.06 24.182 36.2744 22.6 28.6583
1.07 24.408 36.5605 22.6 28.5603
1.08 24.634 36.8456 22.6 28.4623
1.09 24.86 37.1298 22.6 28.3643
1.1 25.086 37.4129 22.6 28.2663
1.11 25.312 37.6951 22.6 28.1683
1.12 25.538 37.9763 22.6 28.0703
1.13 25.764 38.2565 22.6 27.9723
1.14 25.99 38.5358 22.6 27.8743
1.15 26.216 38.814 22.6 27.7763
1.16 26.442 39.0913 22.6 27.6783
1.17 26.668 39.3676 22.6 27.5803
1.18 26.894 39.6429 22.6 27.4823
1.19 27.12 39.9172 22.6 27.3843
1.2 27.346 40.1906 22.6 27.2863
1.21 27.572 40.4629 22.6 27.1883
1.22 27.798 40.7343 22.6 27.0903
1.23 28.024 41.0048 22.6 26.9923
1.24 28.25 41.2742 22.6 26.8943
1.25 28.476 41.5426 22.6 26.7963
1.26 28.702 41.8101 22.6 26.6983
1.27 28.928 42.0766 22.6 26.6003
1.28 29.154 42.3421 22.6 26.5023
1.29 29.38 42.6067 22.6 26.4043
1.3 29.606 42.8702 22.6 26.3063
1.31 29.832 43.1328 22.6 26.2083
1.32 30.058 43.3944 22.6 26.1103
1.33 30.284 43.655 22.6 26.0123
1.34 30.51 43.9146 22.6 25.9143
1.35 30.736 44.1733 22.6 25.8163
1.36 30.962 44.4309 22.6 25.7183
1.37 31.188 44.6876 22.6 25.6203
1.38 31.414 44.9434 22.6 25.5223
1.39 31.64 45.1981 22.6 25.4243
1.4 31.866 45.4518 22.6 25.3263
1.41 32.092 45.7046 22.6 25.2283
1.42 32.318 45.9564 22.6 25.1303
1.43 32.544 46.2072 22.6 25.0323
1.44 32.77 46.4571 22.6 24.9343
1.45 32.996 46.7059 22.6 24.8363
1.46 33.222 46.9538 22.6 24.7383
1.47 33.448 47.2007 22.6 24.6403
1.48 33.674 47.4466 22.6 24.5423
1.49 33.9 47.6915 22.6 24.4443
1.5 34.126 47.9355 22.6 24.3463
1.51 34.352 48.1784 22.6 24.2483
1.52 34.578 48.4204 22.6 24.1503
1.53 34.804 48.6615 22.6 24.0523
1.54 35.03 48.9015 22.6 23.9543
1.55 35.256 49.1405 22.6 23.8563
1.56 35.482 49.3786 22.6 23.7583
1.57 35.708 49.6157 22.6 23.6603
1.58 35.934 49.8518 22.6 23.5623
1.59 36.16 50.087 22.6 23.4643
1.6 36.386 50.3211 22.6 23.3663
1.61 36.612 50.5543 22.6 23.2683
1.62 36.838 50.7865 22.6 23.1703
1.63 37.064 51.0177 22.6 23.0723
1.64 37.29 51.2479 22.6 22.9743
1.65 37.516 51.4772 22.6 22.8763
1.66 37.742 51.7055 22.6 22.7783
1.67 37.968 51.9327 22.6 22.6803
1.68 38.194 52.1591 22.6 22.5823
1.69 38.42 52.3844 22.6 22.4843
1.7 38.646 52.6087 22.6 22.3863
1.71 38.872 52.8321 22.6 22.2883
1.72 39.098 53.0545 22.6 22.1903
1.73 39.324 53.2759 22.6 22.0923
1.74 39.55 53.4964 22.6 21.9943
1.75 39.776 53.7158 22.6 21.8963
1.76 40.002 53.9343 22.6 21.7983
1.77 40.228 54.1518 22.6 21.7003
1.78 40.454 54.3683 22.6 21.6023
1.79 40.68 54.5838 22.6 21.5043
1.8 40.906 54.7984 22.6 21.4063
1.81 41.132 55.012 22.6 21.3083
1.82 41.358 55.2245 22.6 21.2103
1.83 41.584 55.4362 22.6 21.1123
1.84 41.81 55.6468 22.6 21.0143
1.85 42.036 55.8564 22.6 20.9163
1.86 42.262 56.0651 22.6 20.8183
1.87 42.488 56.2728 22.6 20.7203
1.88 42.714 56.4795 22.6 20.6223
1.89 42.94 56.6853 22.6 20.5243
1.9 43.166 56.89 22.6 20.4263
1.91 43.392 57.0938 22.6 20.3283
1.92 43.618 57.2966 22.6 20.2303
1.93 43.844 57.4984 22.6 20.1323
1.94 44.07 57.6992 22.6 20.0343
1.95 44.296 57.8991 22.6 19.9363
1.96 44.522 58.098 22.6 19.8383
1.97 44.748 58.2958 22.6 19.7403
1.98 44.974 58.4928 22.6 19.6423
1.99 45.2 58.6887 22.6 19.5443
2 45.426 58.8836 22.6 19.4463
2.01 45.652 59.0776 22.6 19.3483
2.02 45.878 59.2706 22.6 19.2503
2.03 46.104 59.4626 22.6 19.1523
2.04 46.33 59.6537 22.6 19.0543
2.05 46.556 59.8437 22.6 18.9563
2.06 46.782 60.0328 22.6 18.8583
2.07 47.008 60.2209 22.6 18.7603
2.08 47.234 60.408 22.6 18.6623
2.09 47.46 60.5941 22.6 18.5643
2.1 47.686 60.7793 22.6 18.4663
2.11 47.912 60.9635 22.6 18.3683
2.12 48.138 61.1467 22.6 18.2703
2.13 48.364 61.3289 22.6 18.1723
2.14 48.59 61.5101 22.6 18.0743
2.15 48.816 61.6904 22.6 17.9763
2.16 49.042 61.8696 22.6 17.8783
2.17 49.268 62.0479 22.6 17.7803
2.18 49.494 62.2252 22.6 17.6823
2.19 49.72 62.4016 22.6 17.5843
2.2 49.946 62.5769 22.6 17.4863
2.21 50.172 62.7513 22.6 17.3883
2.22 50.398 62.9247 22.6 17.2903
2.23 50.624 63.0971 22.6 17.1923
2.24 50.85 63.2685 22.6 17.0943
2.25 51.076 63.439 22.6 16.9963
2.26 51.302 63.6085 22.6 16.8983
2.27 51.528 63.777 22.6 16.8003
2.28 51.754 63.9445 22.6 16.7023
2.29 51.98 64.111 22.6 16.6043
2.3 52.206 64.2766 22.6 16.5063
2.31 52.432 64.4411 22.6 16.4083
2.32 52.658 64.6047 22.6 16.3103
2.33 52.884 64.7673 22.6 16.2123
2.34 53.11 64.929 22.6 16.1143
2.35 53.336 65.0896 22.6 16.0163
2.36 53.562 65.2493 22.6 15.9183
2.37 53.788 65.408 22.6 15.8203
2.38 54.014 65.5657 22.6 15.7223
2.39 54.24 65.7224 22.6 15.6243
2.4 54.466 65.8782 22.6 15.5263
2.41 54.692 66.033 22.6 15.4283
2.42 54.918 66.1868 22.6 15.3303
2.43 55.144 66.3396 22.6 15.2323
2.44 55.37 66.4914 22.6 15.1343
2.45 55.596 66.6423 22.6 15.0363
2.46 55.822 66.7921 22.6 14.9383
2.47 56.048 66.941 22.6 14.8403
2.48 56.274 67.0889 22.6 14.7423
2.49 56.5 67.2359 22.6 14.6443
2.5 56.726 67.3818 22.6 14.5463
2.51 56.952 67.5268 22.6 14.4483
2.52 57.178 67.6708 22.6 14.3503
2.53 57.404 67.8138 22.6 14.2523
2.54 57.63 67.9558 22.6 14.1543
2.55 57.856 68.0969 22.6 14.0563
2.56 58.082 68.237 22.6 13.9583
2.57 58.308 68.3761 22.6 13.8603
2.58 58.534 68.5142 22.6 13.7623
2.59 58.76 68.6513 22.6 13.6643
2.6 58.986 68.7875 22.6 13.5663
2.61 59.212 68.9226 22.6 13.4683
2.62 59.438 69.0568 22.6 13.3703
2.63 59.664 69.19 22.6 13.2723
2.64 59.89 69.3223 22.6 13.1743
2.65 60.116 69.4535 22.6 13.0763
2.66 60.342 69.5838 22.6 12.9783
2.67 60.568 69.7131 22.6 12.8803
2.68 60.794 69.8414 22.6 12.7823
2.69 61.02 69.9687 22.6 12.6843
2.7 61.246 70.0951 22.6 12.5863
2.71 61.472 70.2205 22.6 12.4883
2.72 61.698 70.3449 22.6 12.3903
2.73 61.924 70.4683 22.6 12.2923
2.74 62.15 70.5907 22.6 12.1943
2.75 62.376 70.7122 22.6 12.0963
2.76 62.602 70.8326 22.6 11.9983
2.77 62.828 70.9521 22.6 11.9003
2.78 63.054 71.0706 22.6 11.8023
2.79 63.28 71.1882 22.6 11.7043
2.8 63.506 71.3047 22.6 11.6063
2.81 63.732 71.4203 22.6 11.5083
2.82 63.958 71.5349 22.6 11.4103
2.83 64.184 71.6485 22.6 11.3123
2.84 64.41 71.7611 22.6 11.2143
2.85 64.636 71.8728 22.6 11.1163
2.86 64.862 71.9835 22.6 11.0183
2.87 65.088 72.0932 22.6 10.9203
2.88 65.314 72.2019 22.6 10.8223
2.89 65.54 72.3096 22.6 10.7243
2.9 65.766 72.4164 22.6 10.6263
2.91 65.992 72.5221 22.6 10.5283
2.92 66.218 72.6269 22.6 10.4303
2.93 66.444 72.7307 22.6 10.3323
2.94 66.67 72.8336 22.6 10.2343
2.95 66.896 72.9354 22.6 10.1363
2.96 67.122 73.0363 22.6 10.0383
2.97 67.348 73.1362 22.6 9.94035
2.98 67.574 73.2351 22.6 9.84235
2.99 67.8 73.333 22.6 9.74435
3 68.026 73.43 22.6 9.64635
3.01 68.252 73.526 22.6 9.54835
3.02 68.478 73.621 22.6 9.45035
3.03 68.704 73.715 22.6 9.35235
3.04 68.93 73.808 22.6 9.25435
3.05 69.156 73.9001 22.6 9.15635
3.06 69.382 73.9911 22.6 9.05835
3.07 69.608 74.0812 22.6 8.96035
3.08 69.834 74.1703 22.6 8.86235
3.09 70.06 74.2585 22.6 8.76435
3.1 70.286 74.3456 22.6 8.66635
3.11 70.512 74.4318 22.6 8.56835
3.12 70.738 74.517 22.6 8.47035
3.13 70.964 74.6012 22.6 8.37235
3.14 71.19 74.6844 22.6 8.27435
3.15 71.416 74.7667 22.6 8.17635
3.16 71.642 74.848 22.6 8.07835
3.17 71.868 74.9283 22.6 7.98035
3.18 72.094 75.0076 22.6 7.88235
3.19 72.32 75.0859 22.6 7.78435
3.2 72.546 75.1633 22.6 7.68635
3.21 72.772 75.2396 22.6 7.58835
3.22 72.998 75.315 22.6 7.49035
3.23 73.224 75.3894 22.6 7.39235
3.24 73.45 75.4629 22.6 7.29435
3.25 73.676 75.5353 22.6 7.19635
3.26 73.902 75.6068 22.6 7.09835
3.27 74.128 75.6773 22.6 7.00035
3.28 74.354 75.7468 22.6 6.90235
3.29 74.58 75.8153 22.6 6.80435
3.3 74.806 75.8829 22.6 6.70635
3.31 75.032 75.9495 22.6 6.60835
3.32 75.258 76.0151 22.6 6.51035
3.33 75.484 76.0797 22.6 6.41235
3.34 75.71 76.1433 22.6 6.31435
3.35 75.936 76.206 22.6 6.21635
3.36 76.162 76.2676 22.6 6.11835
3.37 76.388 76.3283 22.6 6.02035
3.38 76.614 76.3881 22.6 5.92235
3.39 76.84 76.4468 22.6 5.82435
3.4 77.066 76.5045 22.6 5.72635
3.41 77.292 76.5613 22.6 5.62835
3.42 77.518 76.6171 22.6 5.53035
3.43 77.744 76.6719 22.6 5.43235
3.44 77.97 76.7258 22.6 5.33435
3.45 78.196 76.7786 22.6 5.23635
3.46 78.422 76.8305 22.6 5.13835
3.47 78.648 76.8814 22.6 5.04035
3.48 78.874 76.9313 22.6 4.94235
3.49 79.1 76.9802 22.6 4.84435
3.5 79.326 77.0282 22.6 4.74635
3.51 79.552 77.0751 22.6 4.64835
3.52 79.778 77.1211 22.6 4.55035
3.53 80.004 77.1662 22.6 4.45235
3.54 80.23 77.2102 22.6 4.35435
3.55 80.456 77.2532 22.6 4.25635
3.56 80.682 77.2953 22.6 4.15835
3.57 80.908 77.3364 22.6 4.06035
3.58 81.134 77.3765 22.6 3.96235
3.59 81.36 77.4157 22.6 3.86435
3.6 81.586 77.4538 22.6 3.76635
3.61 81.812 77.491 22.6 3.66835
3.62 82.038 77.5272 22.6 3.57035
3.63 82.264 77.5624 22.6 3.47235
3.64 82.49 77.5966 22.6 3.37435
3.65 82.716 77.6299 22.6 3.27635
3.66 82.942 77.6621 22.6 3.17835
3.67 83.168 77.6934 22.6 3.08035
3.68 83.394 77.7238 22.6 2.98235
3.69 83.62 77.7531 22.6 2.88435
3.7 83.846 77.7814 22.6 2.78635
3.71 84.072 77.8088 22.6 2.68835
3.72 84.298 77.8352 22.6 2.59035
3.73 84.524 77.8606 22.6 2.49235
3.74 84.75 77.8851 22.6 2.39435
3.75 84.976 77.9085 22.6 2.29635
3.76 85.202 77.931 22.6 2.19835
3.77 85.428 77.9525 22.6 2.10035
3.78 85.654 77.973 22.6 2.00235
3.79 85.88 77.9925 22.6 1.90435
3.8 86.106 78.0111 22.6 1.80635
3.81 86.332 78.0287 22.6 1.70835
3.82 86.558 78.0452 22.6 1.61035
3.83 86.784 78.0609 22.6 1.51235
3.84 87.01 78.0755 22.6 1.41435
3.85 87.236 78.0891 22.6 1.31635
3.86 87.462 78.1018 22.6 1.21835
3.87 87.688 78.1135 22.6 1.12035
3.88 87.914 78.1242 22.6 1.02235
3.89 88.14 78.134 22.6 0.924348
3.9 88.366 78.1427 22.6 0.826348
3.91 88.592 78.1505 22.6 0.728348
3.92 88.818 78.1573 22.6 0.630348
3.93 89.044 78.1631 22.6 0.532348
3.94 89.27 78.1679 22.6 0.434348
3.95 89.496 78.1718 22.6 0.336348
3.96 89.722 78.1747 22.6 0.238348
3.97 89.948 78.1765 22.6 0.140348
3.98 90.174 78.1775 22.6 0.0423483
3.99 90.4 78.1774 22.6 -0.0556517
4 90.626 78.1763 22.6 -0.153652
4.01 90.852 78.1743 22.6 -0.251652
4.02 91.078 78.1713 22.6 -0.349652
4.03 91.304 78.1673 22.6 -0.447652
4.04 91.53 78.1624 22.6 -0.545652
4.05 91.756 78.1564 22.6 -0.643652
4.06 91.982 78.1495 22.6 -0.741652
4.07 92.208 78.1416 22.6 -0.839652
4.08 92.434 78.1327 22.6 -0.937652
4.09 92.66 78.1228 22.6 -1.03565
4.1 92.886 78.112 22.6 -1.13365
4.11 93.112 78.1002 22.6 -1.23165
4.12 93.338 78.0873 22.6 -1.32965
4.13 93.564 78.0736 22.6 -1.42765
4.14 93.79 78.0588 22.6 -1.52565
4.15 94.016 78.043 22.6 -1.62365
4.16 94.242 78.0263 22.6 -1.72165
4.17 94.468 78.0086 22.6 -1.81965
4.18 94.694 77.9899 22.6 -1.91765
4.19 94.92 77.9703 22.6 -2.01565
4.2 95.146 77.9496 22.6 -2.11365
4.21 95.372 77.928 22.6 -2.21165
4.22 95.598 77.9054 22.6 -2.30965
4.23 95.824 77.8818 22.6 -2.40765
4.24 96.05 77.8572 22.6 -2.50565
4.25 96.276 77.8317 22.6 -2.60365
4.26 96.502 77.8052 22.6 -2.70165
4.27 96.728 77.7777 22.6 -2.79965
4.28 96.954 77.7492 22.6 -2.89765
4.29 97.18 77.7197 22.6 -2.99565
4.3 97.406 77.6893 22.6 -3.09365
4.31 97.632 77.6578 22.6 -3.19165
4.32 97.858 77.6254 22.6 -3.28965
4.33 98.084 77.592 22.6 -3.38765
4.34 98.31 77.5577 22.6 -3.48565
4.35 98.536 77.5223 22.6 -3.58365
4.36 98.762 77.486 22.6 -3.68165
4.37 98.988 77.4487 22.6 -3.77965
4.38 99.214 77.4104 22.6 -3.87765
4.39 99.44 77.3711 22.6 -3.97565
4.4 99.666 77.3309 22.6 -4.07365
4.41 99.892 77.2897 22.6 -4.17165
4.42 100.118 77.2475 22.6 -4.26965
4.43 100.344 77.2043 22.6 -4.36765
4.44 100.57 77.1601 22.6 -4.46565
4.45 100.796 77.115 22.6 -4.56365
4.46 101.022 77.0688 22.6 -4.66165
4.47 101.248 77.0217 22.6 -4.75965
4.48 101.474 76.9736 22.6 -4.85765
4.49 101.7 76.9246 22.6 -4.95565
4.5 101.926 76.8745 22.6 -5.05365
4.51 102.152 76.8235 22.6 -5.15165
4.52 102.378 76.7715 22.6 -5.24965
4.53 102.604 76.7185 22.6 -5.34765
4.54 102.83 76.6645 22.6 -5.44565
4.55 103.056 76.6096 22.6 -5.54365
4.56 103.282 76.5537 22.6 -5.64165
4.57 103.508 76.4968 22.6 -5.73965
4.58 103.734 76.4389 22.6 -5.83765
4.59 103.96 76.38 22.6 -5.93565
4.6 104.186 76.3202 22.6 -6.03365
4.61 104.412 76.2593 22.6 -6.13165
4.62 104.638 76.1975 22.6 -6.22965
4.63 104.864 76.1347 22.6 -6.32765
4.64 105.09 76.071 22.6 -6.42565
4.65 105.316 76.0062 22.6 -6.52365
4.66 105.542 75.9405 22.6 -6.62165
4.67 105.768 75.8738 22.6 -6.71965
4.68 105.994 75.8061 22.6 -6.81765
4.69 106.22 75.7374 22.6 -6.91565
4.7 106.446 75.6678 22.6 -7.01365
4.71 106.672 75.5972 22.6 -7.11165
4.72 106.898 75.5256 22.6 -7.20965
4.73 107.124 75.453 22.6 -7.30765
4.74 107.35 75.3794 22.6 -7.40565
4.75 107.576 75.3049 22.6 -7.50365
4.76 107.802 75.2293 22.6 -7.60165
4.77 108.028 75.1528 22.6 -7.69965
4.78 108.254 75.0753 22.6 -7.79765
4.79 108.48 74.9969 22.6 -7.89565
4.8 108.706 74.9174 22.6 -7.99365
4.81 108.932 74.837 22.6 -8.09165
4.82 109.158 74.7556 22.6 -8.18965
4.83 109.384 74.6732 22.6 -8.28765
4.84 109.61 74.5898 22.6 -8.38565
4.85 109.836 74.5055 22.6 -8.48365
4.86 110.062 74.4202 22.6 -8.58165
4.87 110.288 74.3339 22.6 -8.67965
4.88 110.514 74.2466 22.6 -8.77765
4.89 110.74 74.1583 22.6 -8.87565
4.9 110.966 74.0691 22.6 -8.97365
4.91 111.192 73.9788 22.6 -9.07165
4.92 111.418 73.8876 22.6 -9.16965
4.93 111.644 73.7954 22.6 -9.26765
4.94 111.87 73.7023 22.6 -9.36565
4.95 112.096 73.6081 22.6 -9.46365
4.96 112.322 73.513 22.6 -9.56165
4.97 112.548 73.4169 22.6 -9.65965
4.98 112.774 73.3198 22.6 -9.75765
4.99 113 73.2217 22.6 -9.85565
5 113.226 73.1227 22.6 -9.95365
5.01 113.452 73.0227 22.6 -10.0517
5.02 113.678 72.9217 22.6 -10.1497
5.03 113.904 72.8197 22.6 -10.2477
5.04 114.13 72.7167 22.6 -10.3457
5.05 114.356 72.6128 22.6 -10.4437
5.06 114.582 72.5078 22.6 -10.5417
5.07 114.808 72.4019 22.6 -10.6397
5.08 115.034 72.295 22.6 -10.7377
5.09 115.26 72.1872 22.6 -10.8357
5.1 115.486 72.0783 22.6 -10.9337
5.11 115.712 71.9685 22.6 -11.0317
5.12 115.938 71.8577 22.6 -11.1297
5.13 116.164 71.7459 22.6 -11.2277
5.14 116.39 71.6331 22.6 -11.3257
5.15 116.616 71.5194 22.6 -11.4237
5.16 116.842 71.4047 22.6 -11.5217
5.17 117.068 71.289 22.6 -11.6197
5.18 117.294 71.1723 22.6 -11.7177
5.19 117.52 71.0546 22.6 -11.8157
5.2 117.746 70.936 22.6 -11.9137
5.21 117.972 70.8163 22.6 -12.0117
5.22 118.198 70.6957 22.6 -12.1097
5.23 118.424 70.5741 22.6 -12.2077
5.24 118.65 70.4516 22.6 -12.3057
5.25 118.876 70.328 22.6 -12.4037
5.26 119.102 70.2035 22.6 -12.5017
5.27 119.328 70.078 22.6 -12.5997
5.28 119.554 69.9515 22.6 -12.6977
5.29 119.78 69.824 22.6 -12.7957
5.3 120.006 69.6956 22.6 -12.8937
5.31 120.232 69.5662 22.6 -12.9917
5.32 120.458 69.4358 22.6 -13.0897
5.33 120.684 69.3044 22.6 -13.1877
5.34 120.91 69.172 22.6 -13.2857
5.35 121.136 69.0387 22.6 -13.3837
5.36 121.362 68.9043 22.6 -13.4817
5.37 121.588 68.769 22.6 -13.5797
5.38 121.814 68.6327 22.6 -13.6777
5.39 122.04 68.4955 22.6 -13.7757
5.4 122.266 68.3572 22.6 -13.8737
5.41 122.492 68.218 22.6 -13.9717
5.42 122.718 68.0778 22.6 -14.0697
5.43 122.944 67.9366 22.6 -14.1677
5.44 123.17 67.7944 22.6 -14.2657
5.45 123.396 67.6513 22.6 -14.3637
5.46 123.622 67.5072 22.6 -14.4617
5.47 123.848 67.3621 22.6 -14.5597
5.48 124.074 67.216 22.6 -14.6577
5.49 124.3 67.0689 22.6 -14.7557
5.5 124.526 66.9209 22.6 -14.8537
5.51 124.752 66.7718 22.6 -14.9517
5.52 124.978 66.6218 22.6 -15.0497
5.53 125.204 66.4708 22.6 -15.1477
5.54 125.43 66.3189 22.6 -15.2457
5.55 125.656 66.1659 22.6 -15.3437
5.56 125.882 66.012 22.6 -15.4417
5.57 126.108 65.8571 22.6 -15.5397
5.58 126.334 65.7012 22.6 -15.6377
5.59 126.56 65.5444 22.6 -15.7357
5.6 126.786 65.3865 22.6 -15.8337
5.61 127.012 65.2277 22.6 -15.9317
5.62 127.238 65.0679 22.6 -16.0297
5.63 127.464 64.9071 22.6 -16.1277
5.64 127.69 64.7453 22.6 -16.2257
5.65 127.916 64.5826 22.6 -16.3237
5.66 128.142 64.4188 22.6 -16.4217
5.67 128.368 64.2541 22.6 -16.5197
5.68 128.594 64.0885 22.6 -16.6177
5.69 128.82 63.9218 22.6 -16.7157
5.7 129.046 63.7541 22.6 -16.8137
5.71 129.272 63.5855 22.6 -16.9117
5.72 129.498 63.4159 22.6 -17.0097
5.73 129.724 63.2453 22.6 -17.1077
5.74 129.95 63.0738 22.6 -17.2057
5.75 130.176 62.9012 22.6 -17.3037
5.76 130.402 62.7277 22.6 -17.4017
5.77 130.628 62.5532 22.6 -17.4997
5.78 130.854 62.3777 22.6 -17.5977
5.79 131.08 62.2012 22.6 -17.6957
5.8 131.306 62.0238 22.6 -17.7937
5.81 131.532 61.8453 22.6 -17.8917
5.82 131.758 61.6659 22.6 -17.9897
5.83 131.984 61.4856 22.6 -18.0877
5.84 132.21 61.3042 22.6 -18.1857
5.85 132.436 61.1218 22.6 -18.2837
5.86 132.662 60.9385 22.6 -18.3817
5.87 132.888 60.7542 22.6 -18.4797
5.88 133.114 60.5689 22.6 -18.5777
5.89 133.34 60.3827 22.6 -18.6757
5.9 133.566 60.1954 22.6 -18.7737
5.91 133.792 60.0072 22.6 -18.8717
5.92 134.018 59.818 22.6 -18.9697
5.93 134.244 59.6278 22.6 -19.0677
5.94 134.47 59.4366 22.6 -19.1657
5.95 134.696 59.2445 22.6 -19.2637
5.96 134.922 59.0513 22.6 -19.3617
5.97 135.148 58.8572 22.6 -19.4597
5.98 135.374 58.6622 22.6 -19.5577
5.99 135.6 58.4661 22.6 -19.6557
6 135.826 58.269 22.6 -19.7537
6.01 136.052 58.071 22.6 -19.8517
6.02 136.278 57.872 22.6 -19.9497
6.03 136.504 57.672 22.6 -20.0477
6.04 136.73 57.4711 22.6 -20.1457
6.05 136.956 57.2691 22.6 -20.2437
6.06 137.182 57.0662 22.6 -20.3417
6.07 137.408 56.8623 22.6 -20.4397
6.08 137.634 56.6574 22.6 -20.5377
6.09 137.86 56.4515 22.6 -20.6357
6.1 138.086 56.2447 22.6 -20.7337
6.11 138.312 56.0369 22.6 -20.8317
6.12 138.538 55.828 22.6 -20.9297
6.13 138.764 55.6183 22.6 -21.0277
6.14 138.99 55.4075 22.6 -21.1257
6.15 139.216 55.1957 22.6 -21.2237
6.16 139.442 54.983 22.6 -21.3217
6.17 139.668 54.7693 22.6 -21.4197
6.18 139.894 54.5546 22.6 -21.5177
6.19 140.12 54.339 22.6 -21.6157
6.2 140.346 54.1223 22.6 -21.7137
6.21 140.572 53.9047 22.6 -21.8117
6.22 140.798 53.6861 22.6 -21.9097
6.23 141.024 53.4665 22.6 -22.0077
6.24 141.25 53.2459 22.6 -22.1057
6.25 141.476 53.0244 22.6 -22.2037
6.26 141.702 52.8019 22.6 -22.3017
6.27 141.928 52.5783 22.6 -22.3997
6.28 142.154 52.3539 22.6 -22.4977
6.29 142.38 52.1284 22.6 -22.5957
6.3 142.606 51.9019 22.6 -22.6937
6.31 142.832 51.6745 22.6 -22.7917
6.32 143.058 51.4461 22.6 -22.8897
6.33 143.284 51.2167 22.6 -22.9877
6.34 143.51 50.9864 22.6 -23.0857
6.35 143.736 50.755 22.6 -23.1837
6.36 143.962 50.5227 22.6 -23.2817
6.37 144.188 50.2894 22.6 -23.3797
6.38 144.414 50.0551 22.6 -23.4777
6.39 144.64 49.8198 22.6 -23.5757
6.4 144.866 49.5836 22.6 -23.6737
6.41 145.092 49.3464 22.6 -23.7717
6.42 145.318 49.1081 22.6 -23.8697
6.43 145.544 48.869 22.6 -23.9677
6.44 145.77 48.6288 22.6 -24.0657
6.45 145.996 48.3876 22.6 -24.1637
6.46 146.222 48.1455 22.6 -24.2617
6.47 146.448 47.9024 22.6 -24.3597
6.48 146.674 47.6583 22.6 -24.4577
6.49 146.9 47.4133 22.6 -24.5557
6.5 147.126 47.1672 22.6 -24.6537
6.51 147.352 46.9202 22.6 -24.7517
6.52 147.578 46.6722 22.6 -24.8497
6.53 147.804 46.4232 22.6 -24.9477
6.54 148.03 46.1732 22.6 -25.0457
6.55 148.256 45.9223 22.6 -25.1437
6.56 148.482 45.6704 22.6 -25.2417
6.57 148.708 45.4175 22.6 -25.3397
6.58 148.934 45.1636 22.6 -25.4377
6.59 149.16 44.9087 22.6 -25.5357
6.6 149.386 44.6529 22.6 -25.6337
6.61 149.612 44.396 22.6 -25.7317
6.62 149.838 44.1382 22.6 -25.8297
6.63 150.064 43.8794 22.6 -25.9277
6.64 150.29 43.6197 22.6 -26.0257
6.65 150.516 43.3589 22.6 -26.1237
6.66 150.742 43.0972 22.6 -26.2217
6.67 150.968 42.8345 22.6 -26.3197
6.68 151.194 42.5708 22.6 -26.4177
6.69 151.42 42.3061 22.6 -26.5157
6.7 151.646 42.0405 22.6 -26.6137
6.71 151.872 41.7739 22.6 -26.7117
6.72 152.098 41.5063 22.6 -26.8097
6.73 152.324 41.2377 22.6 -26.9077
6.74 152.55 40.9681 22.6 -27.0057
6.75 152.776 40.6976 22.6 -27.1037
6.76 153.002 40.426 22.6 -27.2017
6.77 153.228 40.1535 22.6 -27.2997
6.78 153.454 39.88 22.6 -27.3977
6.79 153.68 39.6056 22.6 -27.4957
6.8 153.906 39.3301 22.6 -27.5937
6.81 154.132 39.0537 22.6 -27.6917
6.82 154.358 38.7763 22.6 -27.7897
6.83 154.584 38.4979 22.6 -27.8877
6.84 154.81 38.2185 22.6 -27.9857
6.85 155.036 37.9382 22.6 -28.0837
6.86 155.262 37.6569 22.6 -28.1817
6.87 155.488 37.3746 22.6 -28.2797
6.88 155.714 37.0913 22.6 -28.3777
6.89 155.94 36.807 22.6 -28.4757
6.9 156.166 36.5218 22.6 -28.5737
6.91 156.392 36.2355 22.6 -28.6717
6.92 156.618 35.9483 22.6 -28.7697
6.93 156.844 35.6601 22.6 -28.8677
6.94 157.07 35.371 22.6 -28.9657
6.95 157.296 35.0808 22.6 -29.0637
6.96 157.522 34.7897 22.6 -29.1617
6.97 157.748 34.4976 22.6 -29.2597
6.98 157.974 34.2045 22.6 -29.3577
6.99 158.2 33.9104 22.6 -29.4557
7 158.426 33.6154 22.6 -29.5537
7.01 158.652 33.3194 22.6 -29.6517
7.02 158.878 33.0224 22.6 -29.7497
7.03 159.104 32.7244 22.6 -29.8477
7.04 159.33 32.4254 22.6 -29.9457
7.05 159.556 32.1255 22.6 -30.0437
7.06 159.782 31.8245 22.6 -30.1417
7.07 160.008 31.5226 22.6 -30.2397
7.08 160.234 31.2197 22.6 -30.3377
7.09 160.46 30.9159 22.6 -30.4357
7.1 160.686 30.611 22.6 -30.5337
7.11 160.912 30.3052 22.6 -30.6317
7.12 161.138 29.9984 22.6 -30.7297
7.13 161.364 29.6906 22.6 -30.8277
7.14 161.59 29.3818 22.6 -30.9257
7.15 161.816 29.0721 22.6 -31.0237
7.16 162.042 28.7614 22.6 -31.1217
7.17 162.268 28.4497 22.6 -31.2197
7.18 162.494 28.137 22.6 -31.3177
7.19 162.72 27.8233 22.6 -31.4157
7.2 162.946 27.5087 22.6 -31.5137
7.21 163.172 27.193 22.6 -31.6117
7.22 163.398 26.8764 22.6 -31.7097
7.23 163.624 26.5588 22.6 -31.8077
7.24 163.85 26.2403 22.6 -31.9057
7.25 164.076 25.9207 22.6 -32.0037
7.26 164.302 25.6002 22.6 -32.1017
7.27 164.528 25.2787 22.6 -32.1997
7.28 164.754 24.9562 22.6 -32.2977
7.29 164.98 24.6327 22.6 -32.3957
7.3 165.206 24.3083 22.6 -32.4937
7.31 165.432 23.9829 22.6 -32.5917
7.32 165.658 23.6565 22.6 -32.6897
7.33 165.884 23.3291 22.6 -32.7877
7.34 166.11 23.0007 22.6 -32.8857
7.35 166.336 22.6714 22.6 -32.9837
7.36 166.562 22.341 22.6 -33.0817
7.37 166.788 22.0097 22.6 -33.1797
7.38 167.014 21.6774 22.6 -33.2777
7.39 167.24 21.3442 22.6 -33.3757
7.4 167.466 21.0099 22.6 -33.4737
7.41 167.692 20.6747 22.6 -33.5717
7.42 167.918 20.3385 22.6 -33.6697
7.43 168.144 20.0013 22.6 -33.7677
7.44 168.37 19.6631 22.6 -33.8657
7.45 168.596 19.324 22.6 -33.9637
7.46 168.822 18.9839 22.6 -34.0617
7.47 169.048 18.6428 22.6 -34.1597
7.48 169.274 18.3007 22.6 -34.2577
7.49 169.5 17.9576 22.6 -34.3557
7.5 169.726 17.6136 22.6 -34.4537
7.51 169.952 17.2685 22.6 -34.5517
7.52 170.178 16.9225 22.6 -34.6497
7.53 170.404 16.5755 22.6 -34.7477
7.54 170.63 16.2276 22.6 -34.8457
7.55 170.856 15.8786 22.6 -34.9437
7.56 171.082 15.5287 22.6 -35.0417
7.57 171.308 15.1778 22.6 -35.1397
7.58 171.534 14.8259 22.6 -35.2377
7.59 171.76 14.473 22.6 -35.3357
7.6 171.986 14.1192 22.6 -35.4337
7.61 172.212 13.7644 22.6 -35.5317
7.62 172.438 13.4086 22.6 -35.6297
7.63 172.664 13.0518 22.6 -35.7277
7.64 172.89 12.694 22.6 -35.8257
7.65 173.116 12.3353 22.6 -35.9237
7.66 173.342 11.9755 22.6 -36.0217
7.67 173.568 11.6148 22.6 -36.1197
7.68 173.794 11.2531 22.6 -36.2177
7.69 174.02 10.8905 22.6 -36.3157
7.7 174.246 10.5268 22.6 -36.4137
7.71 174.472 10.1622 22.6 -36.5117
7.72 174.698 9.7966 22.6 -36.6097
7.73 174.924 9.43002 22.6 -36.7077
7.74 175.15 9.06245 22.6 -36.8057
7.75 175.376 8.6939 22.6 -36.9037
7.76 175.602 8.32438 22.6 -37.0017
7.77 175.828 7.95387 22.6 -37.0997
7.78 176.054 7.58238 22.6 -37.1977
7.79 176.28 7.20992 22.6 -37.2957
7.8 176.506 6.83647 22.6 -37.3937
7.81 176.732 6.46204 22.6 -37.4917
7.82 176.958 6.08664 22.6 -37.5897
7.83 177.184 5.71025 22.6 -37.6877
7.84 177.41 5.33288 22.6 -37.7857
7.85 177.636 4.95454 22.6 -37.8837
7.86 177.862 4.57521 22.6 -37.9817
7.87 178.088 4.1949 22.6 -38.0797
7.88 178.314 3.81362 22.6 -38.1777
7.89 178.54 3.43135 22.6 -38.2757
7.9 178.766 3.0481 22.6 -38.3737
7.91 178.992 2.66388 22.6 -38.4717
7.92 179.218 2.27867 22.6 -38.5697
7.93 179.444 1.89249 22.6 -38.6677
7.94 179.67 1.50532 22.6 -38.7657
7.95 179.896 1.11717 22.6 -38.8637
7.96 180.122 0.728046 22.6 -38.9617
7.97 180.348 0.337939 22.6 -39.0597
7.98 180.574 -0.0531475 22.6 -39.1577
